日期,股票代码,名称,收盘价,最高价,最低价,开盘价,前收盘,涨跌额,涨跌幅,换手率,成交量,成交金额,总市值,流通市值
2019-03-12,'000055,方大集团,6.62,6.72,6.34,6.37,6.33,0.29,4.5814,7.7501,52678633,344856676.28,7436803331.18,4499716424.64
2019-03-11,'000055,方大集团,6.33,6.44,6.21,6.28,6.2,0.13,2.0968,4.6897,31876776,202128782.68,7111021916.37,4302598937.76
2019-03-08,'000055,方大集团,6.4,6.8,6.4,6.73,6.8,-0.4,-5.8824,5.507,37431807,246659266.23,7189658809.6,4350179020.8
2019-03-07,'000055,方大集团,6.8,6.9,6.62,6.9,6.85,-0.05,-0.7299,6.9707,47380604,320067180.71,7639012485.2,4622065209.6
2019-03-06,'000055,方大集团,6.85,6.94,6.57,6.58,6.55,0.3,4.5802,9.0195,61306873,416877764.18,7695181694.65,4656050983.2
2019-03-05,'000055,方大集团,6.55,6.59,6.35,6.41,6.4,0.15,2.3438,5.5537,37749309,243110252.37,7358166437.95,4452136341.6
2019-03-04,'000055,方大集团,6.4,6.51,6.32,6.43,6.38,0.02,0.3135,6.5947,44824976,287590306.32,7189658809.6,4350179020.8
2019-03-01,'000055,方大集团,6.38,6.52,6.3,6.31,6.26,0.12,1.9169,5.1627,35091852,224524941.46,7167191125.82,4336584711.36
2019-02-28,'000055,方大集团,6.26,6.32,6.16,6.22,6.22,0.04,0.6431,3.6511,24817269,155174232.06,7032385023.14,4255018854.72
2019-02-27,'000055,方大集团,6.22,6.46,6.11,6.35,6.39,-0.17,-2.6604,6.201,42149236,266038045.54,6987449655.58,4227830235.84
2019-02-26,'000055,方大集团,6.39,6.67,6.32,6.67,6.61,-0.22,-3.3283,8.1032,55078859,357339642.28,7178424967.71,4343381866.08
2019-02-25,'000055,方大集团,6.61,6.8,6.19,6.28,6.26,0.35,5.5911,11.5063,78210040,501191301.9,7425569489.29,4492919269.92
2019-02-22,'000055,方大集团,6.26,6.35,5.85,5.85,5.9,0.36,6.1017,9.7061,65973603,406766035.15,7032385023.14,4255018854.72
2019-02-21,'000055,方大集团,5.9,6.09,5.84,5.91,5.96,-0.06,-1.0067,5.9337,40332186,239643516.02,6627966715.1,4010321284.8
2019-02-20,'000055,方大集团,5.96,6.1,5.89,6.1,6.06,-0.1,-1.6502,5.2946,35987995,214516442.21,6695369766.44,4051104213.12
2019-02-19,'000055,方大集团,6.06,6.37,5.91,6.08,5.8,0.26,4.4828,10.0632,68400886,417084534.96,6807708185.34,4119075760.32
2019-02-18,'000055,方大集团,5.8,5.82,5.64,5.66,5.66,0.14,2.4735,6.3819,43378480,249630321.93,6515628296.2,3942349737.6
2019-02-15,'000055,方大集团,5.66,5.7,5.47,5.59,5.59,0.07,1.2522,5.9632,40533036,227099472.62,6358354509.74,3847189571.52
2019-02-14,'000055,方大集团,5.59,5.82,5.28,5.32,5.35,0.24,4.486,9.0485,61504353,344341665.62,6279717616.51,3799609488.48
2019-02-13,'000055,方大集团,5.35,5.37,5.18,5.23,5.3,0.05,0.9434,7.6675,52117238,275951936.32,6010105411.15,3636477775.2
2019-02-12,'000055,方大集团,5.3,5.39,5.15,5.19,5.28,0.02,0.3788,7.4394,50566678,265891326.84,5953936201.7,3602492001.6
2019-02-11,'000055,方大集团,5.28,5.35,4.88,4.97,5.04,0.24,4.7619,9.518,64695210,328338809.91,5931468517.92,3588897692.16
2019-02-01,'000055,方大集团,5.04,5.3,4.97,5.07,5.2,-0.16,-3.0769,11.1576,75840146,385436022.45,5661856312.56,3425765978.88
2019-01-31,'000055,方大集团,5.2,5.2,5.2,5.2,5.78,-0.58,-10.0346,0.7956,5407700,28120040.0,5841597782.8,3534520454.4
2019-01-30,'000055,方大集团,5.78,5.78,5.78,5.78,6.42,-0.64,-9.9688,0.8751,5948300,34381174.0,6493160612.42,3928755428.16
2019-01-29,'000055,方大集团,6.42,6.57,6.24,6.43,6.48,-0.06,-0.9259,6.6515,45211361,290275975.58,7212126493.38,4363773330.24
2019-01-28,'000055,方大集团,6.48,6.83,6.33,6.72,6.61,-0.13,-1.9667,7.8827,53580076,349456342.15,7279529544.72,4404556258.56
2019-01-25,'000055,方大集团,6.61,6.85,6.31,6.48,6.51,0.1,1.5361,10.3054,70047292,460281607.66,7425569489.29,4492919269.92
2019-01-24,'000055,方大集团,6.51,6.76,6.4,6.55,6.65,-0.14,-2.1053,11.1379,75705851,495971412.44,7313231070.39,4424947722.72
2019-01-23,'000055,方大集团,6.65,6.97,6.24,6.32,6.38,0.27,4.232,16.7039,113539182,747508338.45,7470504856.85,4520107888.8
2019-01-22,'000055,方大集团,6.38,6.48,6.18,6.23,6.44,-0.06,-0.9317,14.4392,98145247,619935168.04,7167191125.82,4336584711.36
2019-01-21,'000055,方大集团,6.44,6.44,5.87,6.0,5.85,0.59,10.0855,21.7696,147971313,923497236.39,7234594177.16,4377367639.68
2019-01-18,'000055,方大集团,5.85,5.85,5.85,5.85,5.32,0.53,9.9624,2.9309,19922034,116543898.9,6571797505.65,3976335511.2
2019-01-17,'000055,方大集团,5.32,5.32,5.32,5.32,4.84,0.48,9.9174,0.4392,2985333,15881971.56,5976403885.48,3616086311.04
2019-01-16,'000055,方大集团,4.84,4.84,4.84,4.84,4.4,0.44,10.0,0.5974,4060574,19653178.16,5437179474.76,3289822884.48
2019-01-15,'000055,方大集团,4.4,4.4,4.32,4.34,4.35,0.05,1.1494,0.7793,5296708,23075216.54,4942890431.6,2990748076.8
2019-01-14,'000055,方大集团,4.35,4.49,4.32,4.49,4.45,-0.1,-2.2472,1.1839,8047338,35204873.15,5026345334.1,2956762303.2
2019-01-11,'000055,方大集团,4.45,4.47,4.26,4.26,4.24,0.21,4.9528,1.897,12894085,56560678.86,5141893502.7,3024733850.4
2019-01-10,'000055,方大集团,4.24,4.28,4.18,4.24,4.23,0.01,0.2364,0.8047,5469988,23230241.16,4899242348.64,2881993601.28
2019-01-09,'000055,方大集团,4.23,4.31,4.22,4.22,4.2,0.03,0.7143,0.865,5879768,25074748.36,4887687531.78,2875196446.56
2019-01-08,'000055,方大集团,4.2,4.25,4.15,4.17,4.17,0.03,0.7194,0.734,4989228,20984562.2,4853023081.2,2854804982.4
2019-01-07,'000055,方大集团,4.17,4.18,4.11,4.15,4.11,0.06,1.4599,0.8296,5638665,23401659.75,4818358630.62,2834413518.24
2019-01-04,'000055,方大集团,4.11,4.11,3.94,4.01,4.01,0.1,2.4938,0.7574,5147950,20942868.0,4749029729.46,2793630589.92
2019-01-03,'000055,方大集团,4.01,4.05,3.97,3.97,4.03,-0.02,-0.4963,0.4107,2791453,11187207.0,4633481560.86,2725659042.72
2019-01-02,'000055,方大集团,4.03,4.11,4.01,4.06,4.0,0.03,0.75,0.4627,3145233,12713621.91,4656591194.58,2739253352.16
2018-12-28,'000055,方大集团,4.0,4.0,3.9,3.95,3.95,0.05,1.2658,0.5665,3850453,15215923.32,4621926744.0,2718861888.0
2018-12-27,'000055,方大集团,3.95,4.07,3.95,4.04,3.98,-0.03,-0.7538,0.3867,2628179,10537700.05,4564152659.7,2684876114.4
2018-12-26,'000055,方大集团,3.98,4.03,3.97,3.98,3.98,0.0,0.0,0.3586,2437650,9747165.0,4598817110.28,2705267578.56
2018-12-25,'000055,方大集团,3.98,4.08,3.92,4.07,4.1,-0.12,-2.9268,0.897,6097090,24241974.2,4598817110.28,2705267578.56
2018-12-24,'000055,方大集团,4.1,4.12,4.06,4.06,4.08,0.02,0.4902,0.4245,2885356,11828667.27,4737474912.6,2786833435.2
2018-12-21,'000055,方大集团,4.08,4.16,4.06,4.12,4.14,-0.06,-1.4493,0.4728,3213400,13119171.0,4714365278.88,2773239125.76
2018-12-20,'000055,方大集团,4.14,4.21,4.11,4.11,4.12,0.02,0.4854,0.4554,3095764,12860039.34,4783694180.04,2814022054.08
2018-12-19,'000055,方大集团,4.12,4.2,4.11,4.2,4.19,-0.07,-1.6706,0.395,2685012,11132409.44,4760584546.32,2800427744.64
2018-12-18,'000055,方大集团,4.19,4.22,4.14,4.18,4.19,0.0,0.0,0.3708,2520624,10538853.82,4841468264.34,2848007827.68
2018-12-17,'000055,方大集团,4.19,4.22,4.11,4.22,4.23,-0.04,-0.9456,0.4231,2876205,11990300.85,4841468264.34,2848007827.68
2018-12-14,'000055,方大集团,4.23,4.32,4.21,4.31,4.31,-0.08,-1.8561,0.6537,4443500,18995063.72,4887687531.78,2875196446.56
2018-12-13,'000055,方大集团,4.31,4.34,4.23,4.29,4.27,0.04,0.9368,0.8101,5506050,23673837.0,4980126066.66,2929573684.32
2018-12-12,'000055,方大集团,4.27,4.32,4.26,4.32,4.28,-0.01,-0.2336,0.4325,2939600,12579719.0,4933906799.22,2902385065.44
2018-12-11,'000055,方大集团,4.28,4.36,4.27,4.31,4.29,-0.01,-0.2331,0.9339,6347789,27307439.88,4945461616.08,2909182220.16
2018-12-10,'000055,方大集团,4.29,4.33,4.26,4.31,4.35,-0.06,-1.3793,0.4958,3370250,14461646.95,4957016432.94,2915979374.88
2018-12-07,'000055,方大集团,4.35,4.35,4.3,4.32,4.32,0.03,0.6944,0.4442,3019612,13069285.1,5026345334.1,2956762303.2
2018-12-06,'000055,方大集团,4.32,4.39,4.28,4.38,4.38,-0.06,-1.3699,0.8539,5804324,25177854.01,4991680883.52,2936370839.04
2018-12-05,'000055,方大集团,4.38,4.42,4.33,4.37,4.46,-0.08,-1.7937,0.8793,5976926,26223603.86,5061009784.68,2977153767.36
2018-12-04,'000055,方大集团,4.46,4.49,4.37,4.43,4.54,-0.08,-1.7621,2.4544,16682786,73992690.7,5153448319.56,3031531005.12
2018-12-03,'000055,方大集团,4.54,4.85,4.51,4.76,4.41,0.13,2.9478,4.3174,29345807,138759875.62,5245886854.44,3085908242.88
2018-11-30,'000055,方大集团,4.41,4.41,4.21,4.27,4.25,0.16,3.7647,1.3156,8942646,38613762.97,5095674235.26,2997545231.52
2018-11-29,'000055,方大集团,4.25,4.42,4.25,4.35,4.37,-0.12,-2.746,0.8454,5745998,24982629.04,4910797165.5,2888790756.0
2018-11-28,'000055,方大集团,4.37,4.39,4.25,4.35,4.36,0.01,0.2294,0.7019,4771125,20689594.5,5049454967.82,2970356612.64
2018-11-27,'000055,方大集团,4.36,4.46,4.33,4.38,4.33,0.03,0.6928,0.5309,3608576,15832755.35,5037900150.96,2963559457.92
2018-11-26,'000055,方大集团,4.33,4.39,4.29,4.3,4.3,0.03,0.6977,0.7174,4876500,21226049.5,5003235700.38,2943167993.76
2018-11-23,'000055,方大集团,4.3,4.48,4.25,4.46,4.48,-0.18,-4.0179,1.2505,8499822,36967351.32,4968571249.8,2922776529.6
2018-11-22,'000055,方大集团,4.48,4.56,4.43,4.45,4.46,0.02,0.4484,0.8674,5895555,26455896.55,5176557953.28,3045125314.56
2018-11-21,'000055,方大集团,4.46,4.47,4.32,4.35,4.39,0.07,1.5945,1.1982,8144221,35854261.61,5153448319.56,3031531005.12
2018-11-20,'000055,方大集团,4.39,4.58,4.39,4.54,4.55,-0.16,-3.5165,1.5225,10348700,46452140.0,5072564601.54,2983950922.08
2018-11-19,'000055,方大集团,4.55,4.71,4.51,4.6,4.67,-0.12,-2.5696,2.87,19507672,89576765.9,5257441671.3,3092705397.6
2018-11-16,'000055,方大集团,4.67,4.86,4.41,4.42,4.42,0.25,5.6561,4.4883,30507489,143759086.34,5396099473.62,3174271254.24
2018-11-15,'000055,方大集团,4.42,4.45,4.37,4.45,4.42,0.0,0.0,1.1719,7965401,35094518.42,5107229052.12,3004342386.24
2018-11-14,'000055,方大集团,4.42,4.45,4.28,4.3,4.33,0.09,2.0785,2.0792,14132770,61835542.88,5107229052.12,3004342386.24
2018-11-13,'000055,方大集团,4.33,4.44,4.1,4.13,4.16,0.17,4.0865,2.4266,16493733,70677720.23,5003235700.38,2943167993.76
2018-11-12,'000055,方大集团,4.16,4.17,4.03,4.04,4.05,0.11,2.716,1.4228,9671297,39959227.23,4806803813.76,2827616363.52
2018-11-09,'000055,方大集团,4.05,4.07,4.02,4.05,4.05,0.0,0.0,0.4593,3122255,12631281.65,4679700828.3,2752847661.6
2018-11-08,'000055,方大集团,4.05,4.1,4.05,4.08,4.05,0.0,0.0,0.8432,5731272,23362864.32,4679700828.3,2752847661.6
2018-11-07,'000055,方大集团,4.05,4.13,4.05,4.1,4.11,-0.06,-1.4599,0.9296,6318867,25818315.35,4679700828.3,2752847661.6
2018-11-06,'000055,方大集团,4.11,4.14,4.03,4.14,4.12,-0.01,-0.2427,0.7878,5354497,21777434.88,4749029729.46,2793630589.92
2018-11-05,'000055,方大集团,4.12,4.17,4.03,4.05,4.05,0.07,1.7284,1.4791,10053470,41260773.94,4760584546.32,2800427744.64
2018-11-02,'000055,方大集团,4.05,4.07,3.96,4.0,3.95,0.1,2.5316,1.0927,7427302,29861059.6,4679700828.3,2752847661.6
2018-11-01,'000055,方大集团,3.95,4.02,3.92,3.94,3.91,0.04,1.023,1.0906,7413300,29363538.0,4564152659.7,2684876114.4
2018-10-31,'000055,方大集团,3.91,3.94,3.84,3.85,3.85,0.06,1.5584,0.7852,5336804,20836306.86,4517933392.26,2657687495.52
2018-10-30,'000055,方大集团,3.85,3.88,3.72,3.85,3.85,0.0,0.0,1.0278,6985949,26628006.22,4448604491.1,2616904567.2
2018-10-29,'000055,方大集团,3.85,3.93,3.82,3.9,3.96,-0.11,-2.7778,0.8267,5619404,21751448.02,4448604491.1,2616904567.2
2018-10-26,'000055,方大集团,3.96,4.02,3.88,3.99,3.96,0.0,0.0,1.2302,8362064,33132510.97,4575707476.56,2691673269.12
2018-10-25,'000055,方大集团,3.96,4.0,3.83,3.88,3.98,-0.02,-0.5025,1.2833,8723016,33980767.86,4575707476.56,2691673269.12
2018-10-24,'000055,方大集团,3.98,4.05,3.93,4.02,4.03,-0.05,-1.2407,1.0265,6977200,27843376.0,4598817110.28,2705267578.56
2018-10-23,'000055,方大集团,4.03,4.15,3.98,4.13,4.15,-0.12,-2.8916,1.152,7830222,31708702.97,4656591194.58,2739253352.16
2018-10-22,'000055,方大集团,4.15,4.18,3.97,3.97,3.96,0.19,4.798,1.0618,7217145,29627734.77,4795248996.9,2820819208.8
2018-10-19,'000055,方大集团,3.96,4.01,3.75,3.75,3.87,0.09,2.3256,0.6139,4172527,16444854.96,4575707476.56,2691673269.12
2018-10-18,'000055,方大集团,3.87,4.04,3.87,4.03,4.09,-0.22,-5.379,0.7936,5394476,21213680.61,4471714124.82,2630498876.64
2018-10-17,'000055,方大集团,4.09,4.1,4.02,4.05,4.04,0.05,1.2376,0.3708,2520686,10237884.98,4725920095.74,2780036280.48
2018-10-16,'000055,方大集团,4.04,4.14,4.0,4.09,4.12,-0.08,-1.9417,0.5638,3832300,15629873.46,4668146011.44,2746050506.88
2018-10-15,'000055,方大集团,4.12,4.19,4.12,4.15,4.14,-0.02,-0.4831,0.6362,4324450,17940182.0,4760584546.32,2800427744.64
2018-10-12,'000055,方大集团,4.14,4.35,4.1,4.35,4.41,-0.27,-6.1224,1.9036,12939269,54207958.49,4783694180.04,2814022054.08
2018-10-11,'000055,方大集团,4.41,4.5,4.18,4.5,4.64,-0.23,-4.9569,1.3756,9350037,40670131.78,5095674235.26,2997545231.52
2018-10-10,'000055,方大集团,4.64,4.7,4.62,4.68,4.67,-0.03,-0.6424,0.4062,2761000,12836393.5,5361435023.04,3153879790.08
2018-10-09,'000055,方大集团,4.67,4.74,4.63,4.72,4.75,-0.08,-1.6842,0.5783,3931075,18387589.75,5396099473.62,3174271254.24
2018-10-08,'000055,方大集团,4.75,4.76,4.64,4.68,4.76,-0.01,-0.2101,0.6368,4328689,20306895.45,5488538008.5,3228648492.0
2018-09-28,'000055,方大集团,4.76,4.78,4.72,4.73,4.72,0.04,0.8475,0.4477,3043093,14476505.25,5500092825.36,3235445646.72
2018-09-27,'000055,方大集团,4.72,4.8,4.72,4.79,4.79,-0.07,-1.4614,0.5043,3428123,16282158.52,5453873557.92,3208257027.84
2018-09-26,'000055,方大集团,4.79,4.82,4.77,4.8,4.79,0.0,0.0,0.7071,4806089,23034064.31,5534757275.94,3255837110.88
2018-09-25,'000055,方大集团,4.79,4.82,4.76,4.82,4.84,-0.05,-1.0331,0.5331,3623271,17330697.88,5534757275.94,3255837110.88
2018-09-21,'000055,方大集团,4.84,4.85,4.76,4.8,4.81,0.03,0.6237,0.9535,6481100,31208832.61,5592531360.24,3289822884.48
2018-09-20,'000055,方大集团,4.81,4.87,4.73,4.77,4.76,0.05,1.0504,1.1695,7949500,38159932.0,5557866909.66,3269431420.32
2018-09-19,'000055,方大集团,4.76,4.81,4.7,4.71,4.74,0.02,0.4219,0.8351,5676167,27041349.76,5500092825.36,3235445646.72
2018-09-18,'000055,方大集团,4.74,4.74,4.64,4.65,4.71,0.03,0.6369,0.3668,2493150,11708115.0,5476983191.64,3221851337.28
2018-09-17,'000055,方大集团,4.71,4.75,4.6,4.72,4.72,-0.01,-0.2119,0.6448,4382850,20438923.47,5442318741.06,3201459873.12
2018-09-14,'000055,方大集团,4.72,4.79,4.72,4.78,4.75,-0.03,-0.6316,0.3534,2401800,11382319.0,5453873557.92,3208257027.84
2018-09-13,'000055,方大集团,4.75,4.79,4.72,4.76,4.74,0.01,0.211,0.4031,2740262,13004729.52,5488538008.5,3228648492.0
2018-09-12,'000055,方大集团,4.74,4.76,4.7,4.75,4.78,-0.04,-0.8368,0.462,3140173,14869911.79,5476983191.64,3221851337.28
2018-09-11,'000055,方大集团,4.78,4.78,4.66,4.77,4.79,-0.01,-0.2088,0.5698,3872688,18289012.99,5523202459.08,3249039956.16
2018-09-10,'000055,方大集团,4.79,4.9,4.79,4.84,4.78,0.01,0.2092,1.1359,7720923,37464036.78,5534757275.94,3255837110.88
2018-09-07,'000055,方大集团,4.78,4.84,4.76,4.78,4.75,0.03,0.6316,0.5211,3542200,17011198.0,5523202459.08,3249039956.16
2018-09-06,'000055,方大集团,4.75,4.81,4.74,4.75,4.77,-0.02,-0.4193,0.3913,2659550,12688765.5,5488538008.5,3228648492.0
2018-09-05,'000055,方大集团,4.77,4.81,4.75,4.76,4.8,-0.03,-0.625,0.4772,3243395,15521408.75,5511647642.22,3242242801.44
2018-09-04,'000055,方大集团,4.8,4.81,4.73,4.76,4.77,0.03,0.6289,0.4078,2772050,13268397.5,5546312092.8,3262634265.6
2018-09-03,'000055,方大集团,4.77,4.79,4.62,4.71,4.71,0.06,1.2739,0.5713,3883340,18231280.6,5511647642.22,3242242801.44
2018-08-31,'000055,方大集团,4.71,4.76,4.67,4.74,4.77,-0.06,-1.2579,0.4735,3218711,15196681.19,5442318741.06,3201459873.12
2018-08-30,'000055,方大集团,4.77,4.81,4.75,4.78,4.8,-0.03,-0.625,0.4492,3053150,14573418.0,5511647642.22,3242242801.44
2018-08-29,'000055,方大集团,4.8,4.83,4.76,4.8,4.83,-0.03,-0.6211,0.5281,3589700,17181884.0,5546312092.8,3262634265.6
2018-08-28,'000055,方大集团,4.83,4.86,4.81,4.85,4.84,-0.01,-0.2066,0.5638,3832050,18502460.5,5580976543.38,3283025729.76
2018-08-27,'000055,方大集团,4.84,4.85,4.78,4.82,4.79,0.05,1.0438,1.0601,7205865,34726903.3,5592531360.24,3289822884.48
2018-08-24,'000055,方大集团,4.79,4.8,4.72,4.76,4.79,0.0,0.0,0.4505,3061974,14574714.5,5534757275.94,3255837110.88
2018-08-23,'000055,方大集团,4.79,4.83,4.77,4.8,4.82,-0.03,-0.6224,0.4438,3016473,14482963.17,5534757275.94,3255837110.88
2018-08-22,'000055,方大集团,4.82,4.83,4.74,4.8,4.82,0.0,0.0,0.5723,3889941,18600498.16,5569421726.52,3276228575.04
2018-08-21,'000055,方大集团,4.82,4.86,4.78,4.81,4.8,0.02,0.4167,0.7721,5247746,25350011.49,5569421726.52,3276228575.04
2018-08-20,'000055,方大集团,4.8,4.81,4.71,4.75,4.76,0.04,0.8403,0.6567,4463802,21261622.44,5546312092.8,3262634265.6
2018-08-17,'000055,方大集团,4.76,4.81,4.71,4.78,4.75,0.01,0.2105,0.6698,4553057,21653031.61,5500092825.36,3235445646.72
2018-08-16,'000055,方大集团,4.75,4.8,4.68,4.7,4.78,-0.03,-0.6276,0.7317,4973800,23630052.0,5622300706.5,3228648492.0
2018-08-15,'000055,方大集团,4.78,4.9,4.76,4.88,4.89,-0.11,-2.2495,0.8436,5734053,27596506.11,5657809974.12,3249039956.16
2018-08-14,'000055,方大集团,4.89,4.91,4.84,4.88,4.91,-0.02,-0.4073,0.825,5607901,27310502.85,5788010622.06,3323808658.08
2018-08-13,'000055,方大集团,4.91,4.92,4.76,4.86,4.91,0.0,0.0,1.022,6946500,33552321.5,5811683467.14,3337402967.52
2018-08-10,'000055,方大集团,4.91,4.96,4.85,4.89,4.89,0.02,0.409,1.3494,9171755,44916710.3,5811683467.14,3337402967.52
2018-08-09,'000055,方大集团,4.89,4.93,4.67,4.67,4.73,0.16,3.3827,1.9929,13546250,65554286.0,5788010622.06,3323808658.08
2018-08-08,'000055,方大集团,4.73,4.84,4.68,4.81,4.85,-0.12,-2.4742,1.3509,9182215,43737117.0,5598627861.42,3215054182.56
2018-08-07,'000055,方大集团,4.85,4.85,4.64,4.75,4.78,0.07,1.4644,1.5761,10712806,51157057.97,5740664931.9,3296620039.2
2018-08-06,'000055,方大集团,4.78,4.88,4.74,4.84,4.86,-0.08,-1.6461,0.5855,3980017,19096066.89,5657809974.12,3249039956.16
2018-08-03,'000055,方大集团,4.86,4.92,4.84,4.86,4.86,0.0,0.0,0.4918,3342950,16337640.5,5752501354.44,3303417193.92
2018-08-02,'000055,方大集团,4.86,5.04,4.76,5.03,5.08,-0.22,-4.3307,0.9683,6581650,32192264.5,5752501354.44,3303417193.92
2018-08-01,'000055,方大集团,5.08,5.18,5.04,5.1,5.12,-0.04,-0.7813,1.0761,7314300,37528157.0,6012902650.32,3452954597.76
2018-07-31,'000055,方大集团,5.12,5.16,5.06,5.07,5.1,0.02,0.3922,0.7711,5241165,26804609.35,6060248340.48,3480143216.64
2018-07-30,'000055,方大集团,5.1,5.2,5.08,5.09,5.14,-0.04,-0.7782,1.0897,7406950,38066460.0,6036575495.4,3466548907.2
2018-07-27,'000055,方大集团,5.14,5.21,5.1,5.2,5.21,-0.07,-1.3436,0.9009,6123653,31484757.36,6083921185.56,3493737526.08
2018-07-26,'000055,方大集团,5.21,5.23,5.15,5.18,5.18,0.03,0.5792,1.0714,7282731,37779248.11,6166776143.34,3541317609.12
2018-07-25,'000055,方大集团,5.18,5.2,5.12,5.16,5.16,0.02,0.3876,0.9796,6658442,34397472.64,6131266875.72,3520926144.96
2018-07-24,'000055,方大集团,5.16,5.19,5.01,5.04,5.03,0.13,2.5845,1.3438,9134161,46927110.16,6107594030.64,3507331835.52
2018-07-23,'000055,方大集团,5.03,5.08,4.93,4.95,4.94,0.09,1.8219,0.9352,6356772,31802118.18,5953720537.62,3418968824.16
2018-07-20,'000055,方大集团,4.94,4.96,4.84,4.86,4.86,0.08,1.6461,0.445,3024841,14866674.38,5847192734.76,3357794431.68
2018-07-19,'000055,方大集团,4.86,4.98,4.85,4.98,4.96,-0.1,-2.0161,0.653,4438461,21786568.1,5752501354.44,3303417193.92
2018-07-18,'000055,方大集团,4.96,5.03,4.96,5.01,5.01,-0.05,-0.998,0.656,4459000,22313011.5,5870865579.84,3371388741.12
2018-07-17,'000055,方大集团,5.01,5.02,4.93,4.98,4.99,0.02,0.4008,0.6069,4125448,20520249.94,5930047692.54,3405374514.72
2018-07-16,'000055,方大集团,4.99,4.99,4.9,4.94,4.94,0.05,1.0121,0.7556,5135878,25434377.36,5906374847.46,3391780205.28
2018-07-13,'000055,方大集团,4.94,4.94,4.89,4.9,4.9,0.04,0.8163,0.7974,5419785,26636384.62,5847192734.76,3357794431.68
2018-07-12,'000055,方大集团,4.9,4.96,4.8,4.82,4.8,0.1,2.0833,0.9843,6690635,32723464.47,5799847044.6,3330605812.8
2018-07-11,'000055,方大集团,4.8,4.98,4.73,4.98,5.03,-0.23,-4.5726,1.3588,9235927,44547343.98,5681482819.2,3262634265.6
2018-07-10,'000055,方大集团,5.03,5.06,4.99,5.05,5.03,0.0,0.0,0.7399,5028898,25248762.0,5953720537.62,3418968824.16
2018-07-09,'000055,方大集团,5.03,5.04,4.96,4.96,4.94,0.09,1.8219,0.7747,5265778,26409018.74,5953720537.62,3418968824.16
2018-07-06,'000055,方大集团,4.94,5.03,4.78,4.95,4.98,-0.04,-0.8032,1.147,7796077,38397761.22,5847192734.76,3357794431.68
2018-07-05,'000055,方大集团,4.98,5.38,4.93,5.35,5.34,-0.36,-6.7416,1.6327,11097900,56698525.75,5894538424.92,3384983050.56
2018-07-04,'000055,方大集团,5.34,5.43,5.33,5.43,5.46,-0.12,-2.1978,0.8379,5695402,30622500.82,6320649636.36,3629680620.48
2018-07-03,'000055,方大集团,5.46,5.47,5.31,5.44,5.42,0.04,0.738,1.0503,7139227,38605641.84,6462686706.84,3711246477.12
2018-07-02,'000055,方大集团,5.42,5.59,5.37,5.58,5.62,-0.2,-3.5587,1.4459,9827700,53911059.5,6415341016.68,3684057858.24
2018-06-29,'000055,方大集团,5.62,5.64,5.37,5.49,5.61,0.01,0.1783,2.4505,16656335,91835430.61,6652069467.48,3820000952.64
2018-06-28,'000055,方大集团,5.61,5.74,5.56,5.65,5.55,0.06,1.0811,4.3163,29338819,165272002.03,6640233044.94,3813203797.92
2018-06-27,'000055,方大集团,5.55,5.58,5.3,5.48,5.44,0.11,2.0221,1.7255,11728578,63482901.22,6569214509.7,3772420869.6
2018-06-26,'000055,方大集团,5.44,5.57,5.31,5.4,5.5,-0.06,-1.0909,0.9977,6781661,37021864.33,6439013861.76,3697652167.68
2018-06-25,'000055,方大集团,5.5,5.65,5.49,5.5,5.56,-0.06,-1.0791,0.6898,4688621,26089086.67,6510032397.0,3738435096.0
2018-06-22,'000055,方大集团,5.56,5.63,5.41,5.42,5.51,0.05,0.9074,0.7938,5395650,29992849.5,6581050932.24,3779218024.32
2018-06-21,'000055,方大集团,5.51,5.73,5.49,5.68,5.68,-0.17,-2.993,0.9876,6712552,37792879.02,6521868819.54,3745232250.72
2018-06-20,'000055,方大集团,5.68,5.7,5.37,5.52,5.52,0.16,2.8986,1.7043,11584227,64387846.1,6723088002.72,3860783880.96
2018-06-19,'000055,方大集团,5.52,5.99,5.52,5.91,6.13,-0.61,-9.9511,3.1864,21658518,121432977.44,6533705242.08,3752029405.44
2018-06-15,'000055,方大集团,6.13,6.28,6.12,6.21,6.21,-0.08,-1.2882,0.9227,6271800,38834339.28,7255727017.02,4166655843.36
2018-06-14,'000055,方大集团,6.21,6.28,6.18,6.21,6.27,-0.06,-0.9569,0.7085,4815630,29946075.5,7350418397.34,4221033081.12
2018-06-13,'000055,方大集团,6.27,6.4,6.21,6.4,6.42,-0.15,-2.3364,1.3281,9027423,56769420.97,7421436932.58,4261816009.44
2018-06-12,'000055,方大集团,6.42,6.45,6.26,6.31,6.32,0.1,1.5823,1.4972,10176798,64961866.42,7598983270.68,4363773330.24
2018-06-11,'000055,方大集团,6.32,6.37,6.24,6.3,6.37,-0.05,-0.7849,1.3625,9261009,58338362.95,7480619045.28,4295801783.04
2018-06-08,'000055,方大集团,6.37,6.4,6.11,6.18,6.18,0.19,3.0744,2.5155,17098308,107344303.75,7539801157.98,4329787556.64
2018-06-07,'000055,方大集团,6.18,6.24,6.13,6.14,6.15,0.03,0.4878,1.0697,7270625,44986353.25,7314909129.72,4200641616.96
2018-06-06,'000055,方大集团,6.15,6.16,6.09,6.09,6.11,0.04,0.6547,0.6897,4687700,28701793.0,7279399862.1,4180250152.8
2018-06-05,'000055,方大集团,6.11,6.14,6.02,6.09,6.1,0.01,0.1639,0.9154,6222042,37856385.14,7232054171.94,4153061533.92
2018-06-04,'000055,方大集团,6.1,6.27,6.1,6.27,6.21,-0.11,-1.7713,1.1345,7711704,47488636.14,7220217749.4,4146264379.2
2018-06-01,'000055,方大集团,6.36,6.36,6.15,6.19,6.21,0.15,2.4155,1.5438,10493599,65963917.83,7527964735.44,4322990401.92
2018-05-31,'000055,方大集团,6.21,6.27,6.06,6.09,5.98,0.23,3.8462,1.3225,8989357,55289330.97,7350418397.34,4221033081.12
2018-05-30,'000055,方大集团,5.98,6.24,5.93,6.24,6.29,-0.31,-4.9285,1.5527,10554182,64472495.66,7078180678.92,4064698522.56
2018-05-29,'000055,方大集团,6.29,6.29,6.21,6.22,6.22,0.07,1.1254,0.8886,6039881,37786807.07,7445109777.66,4275410318.88
2018-05-28,'000055,方大集团,6.22,6.35,6.18,6.34,6.34,-0.12,-1.8927,0.8659,5885797,36706189.17,7362254819.88,4227830235.84
2018-05-25,'000055,方大集团,6.34,6.39,6.3,6.38,6.37,-0.03,-0.471,0.9907,6733860,42713071.26,7504291890.36,4309396092.48
2018-05-24,'000055,方大集团,6.37,6.4,6.32,6.37,6.34,0.03,0.4732,0.8473,5759404,36618866.92,7539801157.98,4329787556.64
2018-05-23,'000055,方大集团,6.34,6.44,6.31,6.32,6.35,-0.01,-0.1575,1.3372,9089031,57928600.78,7504291890.36,4309396092.48
2018-05-22,'000055,方大集团,6.35,6.37,6.28,6.37,6.35,0.0,0.0,0.8551,5812103,36756477.46,7516128312.9,4316193247.2
2018-05-21,'000055,方大集团,6.35,6.35,6.25,6.26,6.22,0.13,2.09,1.2364,8403697,53090842.76,7516128312.9,4316193247.2
2018-05-18,'000055,方大集团,6.22,6.25,6.18,6.21,6.18,0.04,0.6472,0.8269,5620259,34911991.65,7362254819.88,4227830235.84
2018-05-17,'000055,方大集团,6.18,6.27,6.18,6.25,6.26,-0.08,-1.278,0.8613,5854331,36359980.7,7314909129.72,4200641616.96
2018-05-16,'000055,方大集团,6.26,6.33,6.24,6.33,6.35,-0.09,-1.4173,0.781,5308898,33309672.96,7409600510.04,4255018854.72
2018-05-15,'000055,方大集团,6.35,6.35,6.25,6.28,6.28,0.07,1.1146,0.6145,4177034,26291561.66,7516128312.9,4316193247.2
2018-05-14,'000055,方大集团,6.28,6.42,6.26,6.36,6.37,-0.09,-1.4129,0.9878,6714002,42462413.02,7433273355.12,4268613164.16
2018-05-11,'000055,方大集团,6.37,6.48,6.35,6.4,6.43,-0.06,-0.9331,1.2902,8769800,56189234.0,7539801157.98,4329787556.64
2018-05-10,'000055,方大集团,6.43,6.46,6.26,6.26,6.25,0.18,2.88,2.0615,14012601,89358548.96,7610819693.22,4370570484.96
2018-05-09,'000055,方大集团,6.25,6.35,6.23,6.35,6.36,-0.11,-1.7296,1.1763,7995600,50288413.98,7397764087.5,4248221700.0
2018-05-08,'000055,方大集团,6.36,6.37,6.27,6.33,6.31,0.05,0.7924,1.3249,9005860,56862719.64,7527964735.44,4322990401.92
2018-05-07,'000055,方大集团,6.31,6.33,6.21,6.24,6.23,0.08,1.2841,1.1817,8032502,50469037.92,7468782622.74,4289004628.32
2018-05-04,'000055,方大集团,6.23,6.28,6.2,6.28,6.26,-0.03,-0.4792,0.9147,6217202,38762975.85,7374091242.42,4234627390.56
2018-05-03,'000055,方大集团,6.26,6.28,6.11,6.14,6.14,0.12,1.9544,0.9654,6561966,40655619.66,7409600510.04,4255018854.72
2018-05-02,'000055,方大集团,6.14,6.29,6.1,6.26,6.26,-0.12,-1.9169,1.0975,7460000,46167767.8,7267563439.56,4173452998.08
2018-04-27,'000055,方大集团,6.26,6.28,6.16,6.24,6.21,0.05,0.8052,0.9776,6644963,41310394.37,7409600510.04,4255018854.72
2018-04-26,'000055,方大集团,6.21,6.46,6.21,6.44,6.41,-0.2,-3.1201,1.6603,11285566,71383582.14,7350418397.34,4221033081.12
2018-04-25,'000055,方大集团,6.41,6.52,6.4,6.52,6.58,-0.17,-2.5836,1.9734,13413501,86344739.38,7587146848.14,4356976175.52
2018-04-24,'000055,方大集团,6.58,6.68,6.24,6.63,6.85,-0.27,-3.9416,3.4384,23371532,152045656.56,7788366031.32,4472527805.76
2018-04-23,'000055,方大集团,6.85,6.97,6.66,6.91,6.9,-0.05,-0.7246,1.2928,8787460,59675947.48,8107949439.9,4656050983.2
2018-04-20,'000055,方大集团,6.9,7.05,6.87,7.04,7.05,-0.15,-2.1277,1.3135,8927835,62028482.89,8167131552.6,4690036756.8
2018-04-19,'000055,方大集团,7.05,7.12,6.85,6.9,6.88,0.17,2.4709,1.9171,13031052,91430961.28,8344677890.7,4791994077.6
2018-04-18,'000055,方大集团,6.88,6.91,6.63,6.72,6.65,0.23,3.4586,1.802,12248452,82859126.32,8143458707.52,4676442447.36
2018-04-17,'000055,方大集团,6.65,6.99,6.6,6.91,6.91,-0.26,-3.7627,1.6766,11395999,77539641.38,7871220989.1,4520107888.8
2018-04-16,'000055,方大集团,6.91,7.06,6.86,6.97,7.01,-0.1,-1.4265,1.3436,9132601,63466370.39,8178967975.14,4696833911.52
2018-04-13,'000055,方大集团,7.01,7.16,7.0,7.14,7.1,-0.09,-1.2676,0.9976,6781150,47963594.5,8297332200.54,4764805458.72
2018-04-12,'000055,方大集团,7.1,7.18,7.07,7.14,7.16,-0.06,-0.838,0.9592,6520052,46469915.77,8403860003.4,4825979851.2
2018-04-11,'000055,方大集团,7.16,7.2,7.11,7.15,7.13,0.03,0.4208,1.3229,8991925,64335550.71,8474878538.64,4866762779.52
2018-04-10,'000055,方大集团,7.13,7.13,6.96,7.0,6.95,0.18,2.5899,1.509,10256640,72423133.66,8439369271.02,4846371315.36
2018-04-09,'000055,方大集团,6.95,7.09,6.88,7.03,7.07,-0.12,-1.6973,1.691,11494140,79845282.97,8226313665.3,4724022530.4
2018-04-04,'000055,方大集团,7.07,7.18,7.05,7.06,7.03,0.04,0.569,1.7452,11862114,84534001.25,8368350735.78,4805588387.04
2018-04-03,'000055,方大集团,7.03,7.17,6.92,7.17,7.32,-0.29,-3.9617,2.5002,16994351,120059124.16,8321005045.62,4778399768.16
2018-04-02,'000055,方大集团,7.32,7.44,7.27,7.31,7.31,0.01,0.1368,1.6051,10909894,80184297.17,8664261299.28,4975517255.04
2018-03-30,'000055,方大集团,7.31,7.37,7.26,7.32,7.29,0.02,0.2743,1.6179,10996830,80367024.32,8652424876.74,4968720100.32
2018-03-29,'000055,方大集团,7.29,7.36,7.1,7.17,7.09,0.2,2.8209,1.9405,13189676,95619410.5,8628752031.66,4955125790.88
2018-03-28,'000055,方大集团,7.09,7.23,7.06,7.11,7.25,-0.16,-2.2069,1.4246,9682952,69070791.78,8392023580.86,4819182696.48
2018-03-27,'000055,方大集团,7.25,7.34,7.17,7.25,7.13,0.12,1.683,1.7036,11579502,83911191.64,8581406341.5,4927937172.0
2018-03-26,'000055,方大集团,7.13,7.15,6.72,6.93,7.04,0.09,1.2784,1.559,10596619,73860404.44,8439369271.02,4846371315.36
2018-03-23,'000055,方大集团,7.04,7.48,6.94,7.48,7.71,-0.67,-8.69,3.2484,22080051,158529082.06,8332841468.16,4785196922.88
2018-03-22,'000055,方大集团,7.71,7.75,7.5,7.59,7.59,0.12,1.581,1.8391,12500754,95218157.98,9125881778.34,5240606289.12
2018-03-21,'000055,方大集团,7.59,7.75,7.52,7.69,7.66,-0.07,-0.9138,1.923,13070800,100097859.5,8983844707.86,5159040432.48
2018-03-20,'000055,方大集团,7.66,7.89,7.62,7.89,7.99,-0.33,-4.1302,3.309,22491824,173243502.63,9066699665.64,5206620515.52
2018-03-19,'000055,方大集团,7.99,8.13,7.99,8.09,8.11,-0.12,-1.4797,1.7942,12195504,98140750.53,9457301609.46,5430926621.28
2018-03-16,'000055,方大集团,8.11,8.3,8.11,8.23,8.29,-0.18,-2.1713,1.7879,12152534,99489858.83,9599338679.94,5512492477.92
2018-03-15,'000055,方大集团,8.29,8.34,8.06,8.11,8.14,0.15,1.8428,3.2493,22086148,181396430.94,9812394285.66,5634841262.88
2018-03-14,'000055,方大集团,8.14,8.21,8.03,8.11,8.12,0.02,0.2463,1.9923,13541656,109924424.42,9634847947.56,5532883942.08
2018-03-13,'000055,方大集团,8.12,8.29,8.1,8.27,8.32,-0.2,-2.4038,2.7407,18629050,152342551.74,9611175102.48,5519289632.64
2018-03-12,'000055,方大集团,8.32,8.38,8.12,8.28,8.25,0.07,0.8485,3.9676,26968400,222478306.91,9847903553.28,5655232727.04
2018-03-09,'000055,方大集团,8.25,8.32,8.2,8.27,8.25,0.0,0.0,2.6008,17678200,146013472.5,9765048595.5,5607652644.0
2018-03-08,'000055,方大集团,8.25,8.33,8.05,8.15,8.18,0.07,0.8557,2.5635,17424211,142573580.42,9765048595.5,5607652644.0
2018-03-07,'000055,方大集团,8.18,8.45,8.15,8.41,8.47,-0.29,-3.4238,3.7833,25715603,213064213.11,9682193637.72,5560072560.96
2018-03-06,'000055,方大集团,8.47,8.54,8.27,8.35,8.34,0.13,1.5588,4.6375,31521558,264719200.36,10025449891.4,5757190047.84
2018-03-05,'000055,方大集团,8.34,8.44,8.22,8.3,8.22,0.12,1.4599,3.5244,23955994,199080020.73,9871576398.36,5668827036.48
2018-03-02,'000055,方大集团,8.22,8.62,8.2,8.35,8.45,-0.23,-2.7219,6.0839,41353461,346526861.32,9729539327.88,5587261179.84
2018-03-01,'000055,方大集团,8.45,8.47,8.25,8.32,8.55,-0.1,-1.1696,8.1106,55128744,460986622.61,10001777046.3,5743595738.4
2018-02-28,'000055,方大集团,8.55,8.55,7.66,7.71,7.77,0.78,10.0386,12.8058,87042771,730300350.68,10120141271.7,5811567285.6
2018-02-27,'000055,方大集团,7.77,7.94,7.71,7.94,7.94,-0.17,-2.1411,3.756,25529897,199069206.17,9196900313.58,5281389217.44
2018-02-26,'000055,方大集团,7.94,8.04,7.75,7.98,7.85,0.09,1.1465,5.1916,35288438,279240718.13,9398119496.76,5396940847.68
2018-02-23,'000055,方大集团,7.85,7.88,7.42,7.5,7.5,0.35,4.6667,5.4136,36796797,283464773.01,9291591693.9,5335766455.2
2018-02-22,'000055,方大集团,7.5,7.58,7.32,7.35,7.26,0.24,3.3058,2.8216,19178673,143026422.74,8877316905.0,5097866040.0
2018-02-14,'000055,方大集团,7.26,7.41,7.17,7.38,7.39,-0.13,-1.7591,2.6666,18125050,131610278.0,8593242764.04,4934734326.72
2018-02-13,'000055,方大集团,7.39,7.7,7.32,7.6,7.58,-0.19,-2.5066,3.6402,24742762,186804773.23,8747116257.06,5023097338.08
2018-02-12,'000055,方大集团,7.58,7.68,7.29,7.42,7.4,0.18,2.4324,3.7308,25358495,188869836.7,8972008285.32,5152243277.76
2018-02-09,'000055,方大集团,7.4,7.6,7.05,7.45,7.71,-0.31,-4.0208,4.9597,33711939,247223847.22,8758952679.6,5029894492.8
2018-02-08,'000055,方大集团,7.71,7.8,7.38,7.52,7.46,0.25,3.3512,3.811,25904055,198285645.54,9125881778.34,5240606289.12
2018-02-07,'000055,方大集团,7.46,7.71,7.32,7.65,7.35,0.11,1.4966,5.6262,38241930,288317492.84,8829971214.84,5070677421.12
2018-02-06,'000055,方大集团,7.35,8.1,7.34,7.88,8.16,-0.81,-9.9265,7.3818,50174986,388406054.02,8699770566.9,4995908719.2
2018-02-05,'000055,方大集团,8.16,8.35,7.9,8.19,8.43,-0.27,-3.2028,7.2454,49248098,400236228.24,9658520792.64,5546478251.52
2018-02-02,'000055,方大集团,8.43,8.66,7.77,8.21,8.29,0.14,1.6888,10.3222,70161392,580334160.65,9978104201.22,5730001428.96
2018-02-01,'000055,方大集团,8.29,9.31,8.21,8.85,8.57,-0.28,-3.2672,17.4342,118503073,1047271645.67,9812394285.66,5634841262.88
2018-01-31,'000055,方大集团,8.57,8.57,7.82,7.88,7.79,0.78,10.0128,14.7209,100060482,833383668.75,10143814116.8,5825161595.04
2018-01-30,'000055,方大集团,7.79,8.0,7.77,7.95,8.02,-0.23,-2.8678,4.5825,31148282,244998752.77,9220573158.66,5294983526.88
2018-01-29,'000055,方大集团,8.02,8.08,7.73,7.98,8.01,0.01,0.1248,7.9366,53946544,427546428.25,9492810877.08,5451318085.44
2018-01-26,'000055,方大集团,8.01,8.35,7.9,8.17,8.4,-0.39,-4.6429,12.9785,88216791,715608456.62,9480974454.54,5444520930.72
2018-01-25,'000055,方大集团,8.4,8.48,7.62,7.78,7.71,0.69,8.9494,17.3292,117789227,980161042.2,9942594933.6,5709609964.8
2018-01-24,'000055,方大集团,7.71,7.9,7.45,7.53,7.59,0.12,1.581,12.7773,86849380,666374200.94,9125881778.34,5240606289.12
2018-01-23,'000055,方大集团,7.59,7.59,7.3,7.59,6.9,0.69,10.0,13.7818,93677289,707289017.38,8983844707.86,5159040432.48
2018-01-22,'000055,方大集团,6.9,6.9,6.9,6.9,6.27,0.63,10.0478,0.814,5532624,38175105.6,8167131552.6,4690036756.8
2018-01-19,'000055,方大集团,6.27,6.35,6.21,6.26,6.26,0.01,0.1597,0.8515,5787806,36454860.8,7421436932.58,4261816009.44
2018-01-18,'000055,方大集团,6.26,6.32,6.13,6.19,6.24,0.02,0.3205,0.8531,5798500,36104355.17,7409600510.04,4255018854.72
2018-01-17,'000055,方大集团,6.24,6.36,6.1,6.1,6.11,0.13,2.1277,1.0238,6958700,43503587.4,7385927664.96,4241424545.28
2018-01-16,'000055,方大集团,6.11,6.13,6.05,6.08,6.07,0.04,0.659,0.6679,4539780,27629704.1,7232054171.94,4153061533.92
2018-01-15,'000055,方大集团,6.07,6.28,6.05,6.28,6.29,-0.22,-3.4976,0.8843,6010577,36879167.41,7184708481.78,4125872915.04
2018-01-12,'000055,方大集团,6.29,6.35,6.24,6.35,6.32,-0.03,-0.4747,0.534,3629636,22792688.49,7445109777.66,4275410318.88
2018-01-11,'000055,方大集团,6.32,6.35,6.23,6.27,6.28,0.04,0.6369,0.6357,4321072,27196045.52,7480619045.28,4295801783.04
2018-01-10,'000055,方大集团,6.28,6.39,6.23,6.36,6.39,-0.11,-1.7214,0.9287,6312386,39692443.44,7433273355.12,4268613164.16
2018-01-09,'000055,方大集团,6.39,6.53,6.39,6.4,6.32,0.07,1.1076,1.4293,9715189,62594731.95,7563474003.06,4343381866.08
2018-01-08,'000055,方大集团,6.32,6.37,6.26,6.37,6.38,-0.06,-0.9404,1.2246,8324074,52465969.77,7480619045.28,4295801783.04
2018-01-05,'000055,方大集团,6.38,6.54,6.19,6.28,6.23,0.15,2.4077,2.1824,14833877,94978409.7,7551637580.52,4336584711.36
2018-01-04,'000055,方大集团,6.23,6.29,6.2,6.22,6.23,0.0,0.0,1.0551,7171577,44802102.14,7374091242.42,4234627390.56
2018-01-03,'000055,方大集团,6.23,6.24,6.12,6.16,6.15,0.08,1.3008,1.1872,8069913,49927963.08,7374091242.42,4234627390.56
2018-01-02,'000055,方大集团,6.15,6.18,6.06,6.07,6.06,0.09,1.4851,0.7894,5365410,32841955.07,7279399862.1,4180250152.8
2017-12-29,'000055,方大集团,6.06,6.06,5.98,6.0,6.0,0.06,1.0,0.4762,3237141,19481241.03,7172872059.24,4119075760.32
2017-12-28,'000055,方大集团,6.0,6.03,5.92,5.93,5.94,0.06,1.0101,0.6211,4221565,25305926.94,7101853524.0,4078292832.0
2017-12-27,'000055,方大集团,5.94,6.06,5.93,6.0,5.99,-0.05,-0.8347,0.6939,4716705,28280866.88,7030834988.76,4037509903.68
2017-12-26,'000055,方大集团,5.99,6.0,5.89,5.92,5.92,0.07,1.1824,0.5704,3877144,23172785.57,7090017101.46,4071495677.28
2017-12-25,'000055,方大集团,5.92,6.02,5.9,6.02,6.02,-0.1,-1.6611,0.6429,4369634,26001184.1,7007162143.68,4023915594.24
2017-12-22,'000055,方大集团,6.02,6.04,5.98,5.99,6.01,0.01,0.1664,0.4325,2939634,17685464.31,7125526369.08,4091887141.44
2017-12-21,'000055,方大集团,6.01,6.06,5.95,6.05,6.05,-0.04,-0.6612,0.7478,5082709,30507560.94,7113689946.54,4085089986.72
2017-12-20,'000055,方大集团,6.05,6.2,6.03,6.19,6.2,-0.15,-2.4194,1.0081,6852443,41675279.59,7161035636.7,4112278605.6
2017-12-19,'000055,方大集团,6.2,6.24,6.17,6.19,6.19,0.01,0.1616,0.4892,3325116,20628110.79,7338581974.8,4214235926.4
2017-12-18,'000055,方大集团,6.19,6.19,6.12,6.17,6.15,0.04,0.6504,0.473,3215341,19786201.59,7326745552.26,4207438771.68
2017-12-15,'000055,方大集团,6.15,6.23,6.13,6.22,6.22,-0.07,-1.1254,0.6114,4155441,25658267.15,7279399862.1,4180250152.8
2017-12-14,'000055,方大集团,6.22,6.3,6.2,6.28,6.32,-0.1,-1.5823,0.6647,4518005,28171489.15,7362254819.88,4227830235.84
2017-12-13,'000055,方大集团,6.32,6.35,6.18,6.27,6.27,0.05,0.7974,0.6867,4667551,29159340.71,7480619045.28,4295801783.04
2017-12-12,'000055,方大集团,6.27,6.48,6.26,6.33,6.3,-0.03,-0.4762,0.9952,6764750,42814627.13,7421436932.58,4261816009.44
2017-12-11,'000055,方大集团,6.3,6.34,6.23,6.25,6.26,0.04,0.639,0.864,5872758,36964399.42,7456946200.2,4282207473.6
2017-12-08,'000055,方大集团,6.26,6.29,6.18,6.23,6.21,0.05,0.8052,0.6552,4453581,27847185.31,7409600510.04,4255018854.72
2017-12-07,'000055,方大集团,6.21,6.29,6.2,6.24,6.28,-0.07,-1.1146,0.7082,4813690,30025384.6,7350418397.34,4221033081.12
2017-12-06,'000055,方大集团,6.28,6.33,6.09,6.23,6.28,0.0,0.0,0.9498,6456268,40150935.66,7433273355.12,4268613164.16
2017-12-05,'000055,方大集团,6.28,6.62,6.19,6.58,6.57,-0.29,-4.414,1.3292,9034508,57604342.5,7433273355.12,4268613164.16
2017-12-04,'000055,方大集团,6.57,6.78,6.56,6.72,6.73,-0.16,-2.3774,0.9031,6138650,40873012.65,7776529608.78,4465730651.04
2017-12-01,'000055,方大集团,6.73,6.76,6.65,6.67,6.67,0.06,0.8996,0.9429,6409161,43102550.08,7965912369.42,4574485126.56
2017-11-30,'000055,方大集团,6.67,6.78,6.61,6.66,6.65,0.02,0.3008,1.1463,7791461,52172426.28,7894893834.18,4533702198.24
2017-11-29,'000055,方大集团,6.65,6.71,6.56,6.68,6.69,-0.04,-0.5979,0.7534,5121287,33931760.57,7871220989.1,4520107888.8
2017-11-28,'000055,方大集团,6.69,6.69,6.55,6.59,6.6,0.09,1.3636,0.7811,5309571,35178086.16,7918566679.26,4547296507.68
2017-11-27,'000055,方大集团,6.6,6.68,6.55,6.58,6.59,0.01,0.1517,0.4802,3264233,21562045.33,7812038876.4,4486122115.2
2017-11-24,'000055,方大集团,6.59,6.63,6.54,6.58,6.56,0.03,0.4573,0.505,3432379,22589080.54,7800202453.86,4479324960.48
2017-11-23,'000055,方大集团,6.56,6.8,6.53,6.72,6.76,-0.2,-2.9586,0.93,6321403,42029558.41,7764693186.24,4458933496.32
2017-11-22,'000055,方大集团,6.76,6.94,6.62,6.66,6.67,0.09,1.3493,1.2152,8260107,56071947.26,8001421637.04,4594876590.72
2017-11-21,'000055,方大集团,6.67,6.72,6.6,6.62,6.66,0.01,0.1502,0.9056,6155310,40937744.16,7894893834.18,4533702198.24
2017-11-20,'000055,方大集团,6.66,6.71,6.5,6.71,6.71,-0.05,-0.7452,0.8338,5667214,37308931.43,7883057411.64,4526905043.52
2017-11-17,'000055,方大集团,6.71,6.95,6.6,6.92,6.96,-0.25,-3.592,1.0744,7302778,49428470.73,7942239524.34,4560890817.12
2017-11-16,'000055,方大集团,6.96,6.98,6.81,6.87,6.79,0.17,2.5037,1.0253,6968891,48174046.67,8238150087.84,4730819685.12
2017-11-15,'000055,方大集团,6.79,6.91,6.77,6.85,6.9,-0.11,-1.5942,0.7963,5412565,36997396.98,8036930904.66,4615268054.88
2017-11-14,'000055,方大集团,6.9,7.06,6.85,7.03,7.04,-0.14,-1.9886,1.0023,6812548,47375697.1,8167131552.6,4690036756.8
2017-11-13,'000055,方大集团,7.04,7.11,7.0,7.08,7.09,-0.05,-0.7052,0.8264,5617046,39541946.12,8332841468.16,4785196922.88
2017-11-10,'000055,方大集团,7.09,7.14,7.02,7.05,7.07,0.02,0.2829,0.8018,5449704,38588395.53,8392023580.86,4819182696.48
2017-11-09,'000055,方大集团,7.07,7.09,7.0,7.07,7.05,0.02,0.2837,0.726,4934500,34775082.84,8368350735.78,4805588387.04
2017-11-08,'000055,方大集团,7.05,7.13,7.01,7.06,7.04,0.01,0.142,0.8946,6080776,42964916.48,8344677890.7,4791994077.6
2017-11-07,'000055,方大集团,7.04,7.05,6.94,6.99,6.98,0.06,0.8596,0.7941,5397759,37797826.84,8332841468.16,4785196922.88
2017-11-06,'000055,方大集团,6.98,7.0,6.91,7.0,7.0,-0.02,-0.2857,1.0776,7324459,50837888.08,8261822932.92,4744413994.56
2017-11-03,'000055,方大集团,7.0,7.13,6.96,7.08,7.08,-0.08,-1.1299,1.0628,7224025,50758308.42,8285495778.0,4758008304.0
2017-11-02,'000055,方大集团,7.08,7.34,7.03,7.34,7.32,-0.24,-3.2787,1.7744,12060700,86256753.14,8380187158.32,4812385541.76
2017-11-01,'000055,方大集团,7.32,7.5,7.28,7.5,7.51,-0.19,-2.53,1.6931,11508362,84869878.35,8664261299.28,4975517255.04
2017-10-31,'000055,方大集团,7.51,7.53,7.41,7.43,7.53,-0.02,-0.2656,1.0169,6912149,51638910.63,8889153327.54,5104663194.72
2017-10-30,'000055,方大集团,7.53,7.7,7.4,7.65,7.66,-0.13,-1.6971,0.9788,6653347,49925409.9,8912826172.62,5118257504.16
2017-10-27,'000055,方大集团,7.66,7.73,7.64,7.64,7.66,0.0,0.0,0.8124,5522302,42459568.44,9066699665.64,5206620515.52
2017-10-26,'000055,方大集团,7.66,7.75,7.56,7.59,7.6,0.06,0.7895,0.9629,6545225,50244555.44,9066699665.64,5206620515.52
2017-10-25,'000055,方大集团,7.6,7.62,7.41,7.43,7.43,0.17,2.288,1.075,7306923,55269624.36,8995681130.4,5165837587.2
2017-10-24,'000055,方大集团,7.43,7.53,7.37,7.49,7.53,-0.1,-1.328,0.804,5465050,40642497.0,8794461947.22,5050285956.96
2017-10-23,'000055,方大集团,7.53,7.54,7.33,7.37,7.32,0.21,2.8689,0.9421,6403447,47799450.27,8912826172.62,5118257504.16
2017-10-20,'000055,方大集团,7.32,7.36,7.23,7.28,7.26,0.06,0.8264,0.8154,5542633,40473934.17,8664261299.28,4975517255.04
2017-10-19,'000055,方大集团,7.26,7.58,7.25,7.54,7.53,-0.27,-3.5857,1.6791,11413396,83783160.41,8593242764.04,4934734326.72
2017-10-18,'000055,方大集团,7.53,7.7,7.52,7.63,7.66,-0.13,-1.6971,0.7295,4958800,37779640.42,8912826172.62,5118257504.16
2017-10-17,'000055,方大集团,7.66,7.73,7.58,7.6,7.63,0.03,0.3932,0.6147,4178201,32055645.15,9066699665.64,5206620515.52
2017-10-16,'000055,方大集团,7.63,7.82,7.62,7.8,7.8,-0.17,-2.1795,1.4926,10145100,78222584.47,9031190398.02,5186229051.36
2017-10-13,'000055,方大集团,7.8,7.83,7.76,7.81,7.81,-0.01,-0.128,0.851,5784053,45083069.63,9232409581.2,5301780681.6
2017-10-12,'000055,方大集团,7.81,7.83,7.77,7.8,7.82,-0.01,-0.1279,1.0373,7051004,54972285.28,9244246003.74,5308577836.32
2017-10-11,'000055,方大集团,7.82,7.86,7.78,7.85,7.86,-0.04,-0.5089,1.2213,8301625,64853498.75,9256082426.28,5315374991.04
2017-10-10,'000055,方大集团,7.86,7.86,7.76,7.84,7.84,0.02,0.2551,1.0138,6890951,53819436.59,9303428116.44,5342563609.92
2017-10-09,'000055,方大集团,7.84,7.84,7.75,7.8,7.71,0.13,1.6861,1.3504,9178625,71542076.69,9279755271.36,5328969300.48
2017-09-29,'000055,方大集团,7.71,7.75,7.67,7.71,7.68,0.03,0.3906,0.6802,4623723,35603449.41,9125881778.34,5240606289.12
2017-09-28,'000055,方大集团,7.68,7.73,7.67,7.71,7.7,-0.02,-0.2597,0.8221,5587722,43035679.15,9090372510.72,5220214824.96
2017-09-27,'000055,方大集团,7.7,7.74,7.6,7.65,7.63,0.07,0.9174,0.8739,5940367,45590063.61,9114045355.8,5233809134.4
2017-09-26,'000055,方大集团,7.63,7.71,7.59,7.64,7.63,0.0,0.0,1.1491,7810705,59597276.89,9031190398.02,5186229051.36
2017-09-25,'000055,方大集团,7.63,7.87,7.62,7.82,7.87,-0.24,-3.0496,2.1242,14438606,111615815.72,9031190398.02,5186229051.36
2017-09-22,'000055,方大集团,7.87,8.02,7.84,7.92,7.99,-0.12,-1.5019,1.7271,11739299,92671536.06,9315264538.98,5349360764.64
2017-09-21,'000055,方大集团,7.99,8.25,7.9,7.94,7.92,0.07,0.8838,4.4451,30214228,245031389.84,9457301609.46,5430926621.28
2017-09-20,'000055,方大集团,7.92,7.93,7.72,7.72,7.76,0.16,2.0619,1.7787,12090435,94883433.78,9374446651.68,5383346538.24
2017-09-19,'000055,方大集团,7.76,7.87,7.71,7.86,7.85,-0.09,-1.1465,1.0767,7318377,56994121.06,9185063891.04,5274592062.72
2017-09-18,'000055,方大集团,7.85,7.86,7.75,7.78,7.75,0.1,1.2903,1.14,7748707,60555392.38,9291591693.9,5335766455.2
2017-09-15,'000055,方大集团,7.75,7.82,7.72,7.78,7.78,-0.03,-0.3856,1.0037,6822504,52998392.75,9173227468.5,5267794908.0
2017-09-14,'000055,方大集团,7.78,7.84,7.73,7.8,7.8,-0.02,-0.2564,1.1117,7556400,58813768.43,9208736736.12,5288186372.16
2017-09-13,'000055,方大集团,7.8,7.89,7.76,7.86,7.85,-0.05,-0.6369,1.2076,8208167,63978916.42,9232409581.2,5301780681.6
2017-09-12,'000055,方大集团,7.85,8.02,7.83,8.0,7.99,-0.14,-1.7522,2.1753,14785584,116793306.84,9291591693.9,5335766455.2
2017-09-11,'000055,方大集团,7.99,7.99,7.73,7.77,7.75,0.24,3.0968,2.9255,19885197,156913147.29,9457301609.46,5430926621.28
2017-09-08,'000055,方大集团,7.75,7.77,7.68,7.73,7.7,0.05,0.6494,1.2906,8772490,67742248.35,9173227468.5,5267794908.0
2017-09-07,'000055,方大集团,7.7,7.78,7.68,7.72,7.7,0.0,0.0,1.2601,8565332,66282295.71,9114045355.8,5233809134.4
2017-09-06,'000055,方大集团,7.7,7.77,7.63,7.72,7.75,-0.05,-0.6452,1.4502,9857222,75866111.19,9114045355.8,5233809134.4
2017-09-05,'000055,方大集团,7.75,7.81,7.74,7.8,7.83,-0.08,-1.0217,1.3268,9018436,69970985.0,9173227468.5,5267794908.0
2017-09-04,'000055,方大集团,7.83,7.87,7.74,7.81,7.81,0.02,0.2561,1.6716,11361838,88321970.18,9267918848.82,5322172145.76
2017-09-01,'000055,方大集团,7.81,7.84,7.64,7.73,7.72,0.09,1.1658,2.3123,15716934,121606758.77,9244246003.74,5308577836.32
2017-08-31,'000055,方大集团,7.72,7.79,7.67,7.75,7.75,-0.03,-0.3871,1.2873,8750278,67554919.45,9137718200.88,5247403443.84
2017-08-30,'000055,方大集团,7.75,7.79,7.71,7.75,7.75,0.0,0.0,1.0876,7392760,57317759.6,9173227468.5,5267794908.0
2017-08-29,'000055,方大集团,7.75,7.83,7.72,7.77,7.77,-0.02,-0.2574,1.2147,8256786,64217017.62,9173227468.5,5267794908.0
2017-08-28,'000055,方大集团,7.77,7.82,7.71,7.75,7.73,0.04,0.5175,1.2926,8785939,68212207.58,9196900313.58,5281389217.44
2017-08-25,'000055,方大集团,7.73,7.8,7.52,7.56,7.56,0.17,2.2487,1.3702,9313580,71444995.82,9149554623.42,5254200598.56
2017-08-24,'000055,方大集团,7.56,7.71,7.5,7.7,7.67,-0.11,-1.4342,1.2926,8785943,66535916.0,8948335440.24,5138648968.32
2017-08-23,'000055,方大集团,7.67,7.72,7.64,7.68,7.66,0.01,0.1305,0.8117,5516912,42348630.52,9078536088.18,5213417670.24
2017-08-22,'000055,方大集团,7.66,7.8,7.64,7.78,7.78,-0.12,-1.5424,1.2518,8508500,65554975.84,9066699665.64,5206620515.52
2017-08-21,'000055,方大集团,7.78,7.81,7.7,7.7,7.71,0.07,0.9079,0.8584,5834850,45341217.04,9208736736.12,5288186372.16
2017-08-18,'000055,方大集团,7.71,7.83,7.7,7.83,7.86,-0.15,-1.9084,1.4061,9557703,73987873.6,9125881778.34,5240606289.12
2017-08-17,'000055,方大集团,7.86,7.92,7.82,7.84,7.89,-0.03,-0.3802,1.2827,8718750,68548304.01,9303428116.44,5342563609.92
2017-08-16,'000055,方大集团,7.89,7.92,7.81,7.81,7.87,0.02,0.2541,1.5335,10423254,81911826.79,9338937384.06,5362955074.08
2017-08-15,'000055,方大集团,7.87,7.92,7.74,7.81,7.78,0.09,1.1568,1.749,11888181,93132568.79,9315264538.98,5349360764.64
2017-08-14,'000055,方大集团,7.78,7.78,7.56,7.56,7.53,0.25,3.3201,1.6374,11129957,85417086.43,9208736736.12,5288186372.16
2017-08-11,'000055,方大集团,7.53,7.83,7.52,7.8,7.91,-0.38,-4.804,3.0653,20835517,159907667.1,8912826172.62,5118257504.16
2017-08-10,'000055,方大集团,7.91,8.1,7.8,8.09,8.06,-0.15,-1.861,1.7432,11848786,94198938.73,9362610229.14,5376549383.52
2017-08-09,'000055,方大集团,8.06,8.2,7.91,7.91,7.94,0.12,1.5113,2.4355,16554732,133840574.0,9540156567.24,5478506704.32
2017-08-08,'000055,方大集团,7.94,8.04,7.9,7.96,8.01,-0.07,-0.8739,1.8718,12722653,101341059.47,9398119496.76,5396940847.68
2017-08-07,'000055,方大集团,8.01,8.07,7.8,7.88,7.88,0.13,1.6497,2.2331,15178926,120311438.21,9480974454.54,5444520930.72
2017-08-04,'000055,方大集团,7.88,8.1,7.84,8.09,8.15,-0.27,-3.3129,3.7353,23586095,187626060.33,9327100961.52,4975732038.88
2017-08-03,'000055,方大集团,8.15,8.32,8.1,8.18,8.17,-0.02,-0.2448,3.3662,21255703,173925449.5,9646684370.1,5146220319.4
2017-08-02,'000055,方大集团,8.17,8.49,8.12,8.21,8.3,-0.13,-1.5663,5.3436,33741484,279448822.49,9670357215.18,5158849080.92
2017-08-01,'000055,方大集团,8.3,8.89,8.28,8.38,8.08,0.22,2.7228,9.222,58230915,494667152.87,9824230708.2,5240936030.8
2017-07-31,'000055,方大集团,8.08,8.13,7.7,7.8,7.79,0.29,3.7227,5.0279,31748277,251894241.82,9563829412.32,5102019654.08
2017-07-28,'000055,方大集团,7.79,7.92,7.71,7.85,7.96,-0.17,-2.1357,3.72,23489545,183242446.96,9220573158.66,4918902612.04
2017-07-27,'000055,方大集团,7.96,8.14,7.7,7.78,7.78,0.18,2.3136,7.8197,49376621,391494677.38,9421792341.84,5026247084.96
2017-07-26,'000055,方大集团,7.78,7.78,7.05,7.1,7.07,0.71,10.0424,4.7276,29851890,221391748.84,9208736736.12,4912588231.28
2017-07-25,'000055,方大集团,7.07,7.15,7.03,7.14,7.12,-0.05,-0.7022,0.8149,5145895,36361263.11,8368350735.78,4464267197.32
2017-07-24,'000055,方大集团,7.12,7.17,6.97,6.98,7.02,0.1,1.4245,1.5774,9960298,70642798.57,8427532848.48,4495839101.12
2017-07-21,'000055,方大集团,7.02,7.16,6.99,7.16,7.14,-0.12,-1.6807,1.455,9187201,64845167.29,8309168623.08,4432695293.52
2017-07-20,'000055,方大集团,7.14,7.15,7.03,7.09,7.09,0.05,0.7052,1.1031,6965205,49458733.38,8451205693.56,4508467862.64
2017-07-19,'000055,方大集团,7.09,7.12,6.94,6.95,6.97,0.12,1.7217,1.105,6977475,49235574.95,8392023580.86,4476895958.84
2017-07-18,'000055,方大集团,6.97,7.03,6.91,6.95,6.95,0.02,0.2878,1.1201,7072772,49219839.25,8249986510.38,4401123389.72
2017-07-17,'000055,方大集团,6.95,7.26,6.94,7.26,7.23,-0.28,-3.8728,1.4878,9394508,66177215.99,8226313665.3,4388494628.2
2017-07-14,'000055,方大集团,7.23,7.27,7.14,7.14,7.14,0.09,1.2605,1.3432,8481784,60960907.7,8557733496.42,4565297289.48
2017-07-13,'000055,方大集团,7.14,7.17,7.02,7.06,7.05,0.09,1.2766,1.1706,7391425,52560069.9,8451205693.56,4508467862.64
2017-07-12,'000055,方大集团,7.05,7.22,6.92,7.19,7.19,-0.14,-1.9471,1.5927,10057150,70790334.7,8344677890.7,4451638435.8
2017-07-11,'000055,方大集团,7.19,7.39,7.18,7.32,7.34,-0.15,-2.0436,1.586,10014755,73037563.72,8510387806.26,4540039766.44
2017-07-10,'000055,方大集团,7.34,7.48,7.3,7.38,7.4,-0.06,-0.8108,2.2152,13987718,103172994.68,8687934144.36,4634755477.84
2017-07-07,'000055,方大集团,7.4,7.41,7.27,7.34,7.29,0.11,1.5089,2.5142,15875820,116372958.73,8758952679.6,4672641762.4
2017-07-06,'000055,方大集团,7.29,7.33,7.23,7.28,7.28,0.01,0.1374,1.0964,6922799,50444465.81,8628752031.66,4603183574.04
2017-07-05,'000055,方大集团,7.28,7.3,7.22,7.25,7.27,0.01,0.1376,1.069,6750366,49032706.8,8616915609.12,4596869193.28
2017-07-04,'000055,方大集团,7.27,7.46,7.25,7.43,7.42,-0.15,-2.0216,1.2457,7865870,57598468.83,8605079186.58,4590554812.52
2017-07-03,'000055,方大集团,7.42,7.54,7.3,7.33,7.28,0.14,1.9231,2.0342,12844539,95315292.67,8782625524.68,4685270523.92
2017-06-30,'000055,方大集团,7.28,7.3,7.2,7.22,7.22,0.06,0.831,0.8864,5596774,40670858.24,8616915609.12,4596869193.28
2017-06-29,'000055,方大集团,7.22,7.3,7.19,7.25,7.21,0.01,0.1387,0.846,5342081,38713450.26,8545897073.88,4558982908.72
2017-06-28,'000055,方大集团,7.21,7.3,7.18,7.25,7.25,-0.04,-0.5517,0.6882,4345250,31520030.64,8534060651.34,4552668527.96
2017-06-27,'000055,方大集团,7.25,7.34,7.21,7.29,7.29,-0.04,-0.5487,0.9835,6210299,45112657.16,8581406341.5,4577926051.0
2017-06-26,'000055,方大集团,7.29,7.35,7.18,7.18,7.22,0.07,0.9695,0.8744,5521440,40122310.11,8628752031.66,4603183574.04
2017-06-23,'000055,方大集团,7.22,7.31,7.05,7.31,7.32,-0.1,-1.3661,0.9519,6010803,43275707.06,8545897073.88,4558982908.72
2017-06-22,'000055,方大集团,7.32,7.46,7.29,7.44,7.44,-0.12,-1.6129,0.7159,4520265,33451556.08,8664261299.28,4622126716.32
2017-06-21,'000055,方大集团,7.44,7.54,7.36,7.49,7.49,-0.05,-0.6676,0.6552,4137071,30730958.38,8806298369.76,4697899285.44
2017-06-20,'000055,方大集团,7.49,7.61,7.49,7.54,7.54,-0.05,-0.6631,0.8725,5509064,41543024.12,8865480482.46,4729471189.24
2017-06-19,'000055,方大集团,7.54,7.55,7.46,7.51,7.5,0.04,0.5333,0.5966,3767380,28330870.45,8924662595.16,4761043093.04
2017-06-16,'000055,方大集团,7.5,7.53,7.39,7.5,7.47,0.03,0.4016,0.8863,5596178,41723733.58,8877316905.0,4735785570.0
2017-06-15,'000055,方大集团,7.47,7.54,7.31,7.31,7.34,0.13,1.7711,1.2449,7860515,58566757.84,8841807637.38,4716842427.72
2017-06-14,'000055,方大集团,7.34,7.36,7.27,7.34,7.35,-0.01,-0.1361,1.1538,7285798,53270684.82,8687934144.36,4634755477.84
2017-06-13,'000055,方大集团,7.35,7.36,7.15,7.15,7.18,0.17,2.3677,0.9003,5685092,41377922.52,8699770566.9,4641069858.6
2017-06-12,'000055,方大集团,7.18,7.35,7.16,7.33,7.39,-0.21,-2.8417,0.9792,6182920,44765349.21,8498551383.72,4533725385.68
2017-06-09,'000055,方大集团,7.39,7.54,7.3,7.54,7.54,-0.15,-1.9894,1.4144,8931287,66025864.79,8747116257.06,4666327381.64
2017-06-08,'000055,方大集团,7.54,7.75,7.15,7.18,7.17,0.37,5.1604,2.3017,14534036,107961761.04,8924662595.16,4761043093.04
2017-06-07,'000055,方大集团,7.17,7.17,6.98,6.98,6.99,0.18,2.5751,1.3499,8523811,60457503.16,8486714961.18,4527411004.92
2017-06-06,'000055,方大集团,6.99,7.0,6.92,6.95,6.95,0.04,0.5755,0.5732,3619329,25204632.71,8273659355.46,4413752151.24
2017-06-05,'000055,方大集团,6.95,7.09,6.9,6.98,6.96,-0.01,-0.1437,0.8761,5532065,38668458.78,8226313665.3,4388494628.2
2017-06-02,'000055,方大集团,6.96,7.02,6.86,6.9,6.93,0.03,0.4329,1.0709,6762231,46893730.43,8238150087.84,4394809008.96
2017-06-01,'000055,方大集团,6.93,7.18,6.91,7.06,7.05,-0.12,-1.7021,0.8861,5595209,39441124.03,8202640820.22,4375865866.68
2017-05-31,'000055,方大集团,7.05,7.29,7.04,7.19,7.08,-0.03,-0.4237,0.6405,4044358,28998238.35,8344677890.7,4451638435.8
2017-05-26,'000055,方大集团,7.08,7.13,6.89,6.97,6.94,0.14,2.0173,1.0271,6485188,45471792.27,8380187158.32,4470581578.08
2017-05-25,'000055,方大集团,6.94,6.98,6.74,6.87,6.87,0.07,1.0189,0.9286,5863723,40194797.84,8214477242.76,4382180247.44
2017-05-24,'000055,方大集团,6.87,6.93,6.52,6.93,6.96,-0.09,-1.2931,1.1613,7332853,49674517.22,8131622284.98,4337979582.12
2017-05-23,'000055,方大集团,6.96,7.44,6.8,7.34,7.38,-0.42,-5.6911,1.4036,8862717,62726429.32,8238150087.84,4394809008.96
2017-05-22,'000055,方大集团,7.38,7.76,7.28,7.76,7.75,-0.37,-4.7742,0.8415,5313442,40226419.29,8735279834.52,4660013000.88
2017-05-19,'000055,方大集团,7.75,7.82,7.69,7.72,7.73,0.02,0.2587,0.6347,4008039,31053227.96,9173227468.5,4893645089.0
2017-05-18,'000055,方大集团,7.73,7.94,7.71,7.83,7.85,-0.12,-1.5287,1.0086,6368780,49679738.33,9149554623.42,4881016327.48
2017-05-17,'000055,方大集团,7.85,8.05,7.83,7.9,7.9,-0.05,-0.6329,1.1629,7343055,58369984.39,9291591693.9,4956788896.6
2017-05-16,'000055,方大集团,7.9,7.92,7.55,7.81,7.87,0.03,0.3812,1.0549,6660976,51483846.3,9350773806.6,4988360800.4
2017-05-15,'000055,方大集团,7.87,8.05,7.83,7.98,7.7,0.17,2.2078,0.9295,5869449,46446249.74,9315264538.98,4969417658.12
2017-05-12,'000055,方大集团,7.7,7.85,7.58,7.8,7.96,-0.26,-3.2663,1.0052,6347185,48908509.73,9114045355.8,4862073185.2
2017-05-11,'000055,方大集团,12.29,12.78,12.15,12.78,12.8,-0.51,-3.9844,1.4964,6299210,78054079.49,9697975534.44,5173582631.93
2017-05-10,'000055,方大集团,12.8,12.97,12.8,12.9,12.88,-0.08,-0.6211,0.5765,2426710,31201325.78,10100413900.8,5388271577.6
2017-05-09,'000055,方大集团,12.88,12.9,12.58,12.84,12.86,0.02,0.1555,0.8576,3610197,46023969.15,10163541487.7,5421948274.96
2017-05-08,'000055,方大集团,12.86,13.4,12.82,13.4,13.29,-0.43,-3.2355,1.1905,5011461,65510781.06,10147759591.0,5413529100.62
2017-05-05,'000055,方大集团,13.29,13.49,12.96,12.96,12.78,0.51,3.9906,1.6058,6759722,89931320.54,10487070370.4,5594541348.93
2017-05-04,'000055,方大集团,12.78,12.98,12.72,12.9,12.88,-0.1,-0.7764,0.5759,2424341,31122635.88,10084632004.1,5379852403.26
2017-05-03,'000055,方大集团,12.88,13.07,12.87,13.02,13.02,-0.14,-1.0753,0.6684,2813593,36396531.54,10163541487.7,5421948274.96
2017-05-02,'000055,方大集团,13.02,13.07,12.96,13.04,13.02,0.0,0.0,0.6679,2811514,36635059.97,10274014764.7,5480882495.34
2017-04-28,'000055,方大集团,13.02,13.1,12.88,12.9,12.92,0.1,0.774,0.7147,3008517,39181252.03,10274014764.7,5480882495.34
2017-04-27,'000055,方大集团,12.92,13.03,12.56,13.03,13.05,-0.13,-0.9962,1.2101,5094168,65162116.55,10195105281.1,5438786623.64
2017-04-26,'000055,方大集团,13.05,13.46,12.91,13.42,13.4,-0.35,-2.6119,1.5058,6338866,83126629.36,10297687609.8,5493511256.85
2017-04-25,'000055,方大集团,13.4,13.66,13.38,13.58,13.6,-0.2,-1.4706,0.9597,4039998,54484643.06,10573870802.4,5640846807.8
2017-04-24,'000055,方大集团,13.6,13.9,13.57,13.9,13.96,-0.36,-2.5788,0.914,3847436,52594559.55,10731689769.6,5725038551.2
2017-04-21,'000055,方大集团,13.96,14.11,13.88,13.98,13.85,0.11,0.7942,0.8409,3539861,49549485.88,11015763910.6,5876583689.32
2017-04-20,'000055,方大集团,13.85,13.88,13.72,13.83,13.81,0.04,0.2896,0.752,3165818,43740238.4,10928963478.6,5830278230.45
2017-04-19,'000055,方大集团,13.81,13.99,13.65,13.94,13.94,-0.13,-0.9326,1.1166,4700221,64765146.32,10897399685.2,5813439881.77
2017-04-18,'000055,方大集团,13.94,14.18,13.88,14.09,14.13,-0.19,-1.3447,1.3451,5662132,79669862.52,10999982013.8,5868164514.98
2017-04-17,'000055,方大集团,14.13,14.33,13.92,14.28,14.27,-0.14,-0.9811,1.4874,6261450,88186684.83,11149910032.7,5948146671.21
2017-04-14,'000055,方大集团,14.27,14.78,14.26,14.66,14.84,-0.57,-3.841,2.0464,8614661,124793064.82,11260383309.7,6007080891.59
2017-04-13,'000055,方大集团,14.84,15.08,14.78,15.08,15.03,-0.19,-1.2641,2.1413,9014028,134055212.35,11710167366.2,6247027360.28
2017-04-12,'000055,方大集团,15.03,15.7,14.88,15.5,14.81,0.22,1.4855,5.0065,21075407,318230743.7,11860095385.1,6327009516.51
2017-04-11,'000055,方大集团,14.81,14.85,14.44,14.6,14.51,0.3,2.0675,1.5232,6412010,93919371.13,11686494521.2,6234398598.77
2017-04-10,'000055,方大集团,14.51,14.82,14.49,14.82,14.77,-0.26,-1.7603,1.337,5628122,82435170.0,11449766070.4,6108110983.67
2017-04-07,'000055,方大集团,14.77,14.92,14.75,14.83,14.79,-0.02,-0.1352,1.1904,5011231,74229585.06,11654930727.7,6217560250.09
2017-04-06,'000055,方大集团,14.79,14.79,14.49,14.62,14.62,0.17,1.1628,1.4546,6123130,89525451.35,11670712624.4,6225979424.43
2017-04-05,'000055,方大集团,14.62,14.76,14.44,14.44,14.45,0.17,1.1765,1.7358,7306943,106528800.23,11536566502.3,6154416442.54
2017-03-31,'000055,方大集团,14.45,14.66,14.41,14.57,14.58,-0.13,-0.8916,0.7982,3360118,48746691.7,11402420380.2,6082853460.65
2017-03-30,'000055,方大集团,14.58,14.93,14.05,14.93,14.94,-0.36,-2.4096,1.2262,5161723,75760984.92,11505002708.9,6137578093.86
2017-03-29,'000055,方大集团,14.94,15.09,14.91,15.06,15.07,-0.13,-0.8626,0.9246,3892319,58322537.13,11789076849.8,6289123231.98
2017-03-28,'000055,方大集团,15.07,15.14,14.91,15.02,15.02,0.05,0.3329,0.8765,3689740,55447922.61,11891659178.5,6343847865.19
2017-03-27,'000055,方大集团,15.02,15.17,15.01,15.06,15.1,-0.08,-0.5298,1.3249,5577324,84123480.62,11852204436.7,6322799929.34
2017-03-24,'000055,方大集团,15.1,15.21,14.98,15.07,15.04,0.06,0.3989,1.2809,5392115,81353965.72,11915332023.6,6356476626.7
2017-03-23,'000055,方大集团,15.04,15.3,14.94,15.13,15.12,-0.08,-0.5291,1.4132,5949002,89614205.29,11867986333.4,6331219103.68
2017-03-22,'000055,方大集团,15.12,15.33,15.02,15.1,15.13,-0.01,-0.0661,1.4585,6139654,93287429.44,11931113920.3,6364895801.04
2017-03-21,'000055,方大集团,15.13,15.6,15.09,15.52,15.31,-0.18,-1.1757,2.9159,12274724,187851887.13,11939004868.7,6369105388.21
2017-03-20,'000055,方大集团,15.31,15.33,14.96,15.15,15.08,0.23,1.5252,2.1987,9255452,140699818.02,12081041939.2,6444877957.27
2017-03-17,'000055,方大集团,15.08,15.26,14.75,14.75,14.8,0.28,1.8919,2.5063,10550387,159548407.69,11899550126.9,6348057452.36
2017-03-16,'000055,方大集团,14.8,14.83,14.66,14.74,14.68,0.12,0.8174,1.1489,4836258,71204449.67,11678603572.8,6230189011.6
2017-03-15,'000055,方大集团,14.68,14.83,14.62,14.82,14.8,-0.12,-0.8108,0.7268,3059704,45005016.5,11583912192.5,6179673965.56
2017-03-14,'000055,方大集团,14.8,14.83,14.7,14.83,14.8,0.0,0.0,0.6774,2851598,42122326.43,11678603572.8,6230189011.6
2017-03-13,'000055,方大集团,14.8,14.82,14.46,14.59,14.55,0.25,1.7182,1.1822,4976777,73105290.39,11678603572.8,6230189011.6
2017-03-10,'000055,方大集团,14.55,14.6,14.45,14.51,14.52,0.03,0.2066,0.4545,1913270,27767438.84,11481329863.8,6124949332.35
2017-03-09,'000055,方大集团,14.52,14.68,14.41,14.54,14.54,-0.02,-0.1376,0.6386,2688202,39048169.51,11457657018.7,6112320570.84
2017-03-08,'000055,方大集团,14.54,14.74,14.46,14.74,14.74,-0.2,-1.3569,0.6516,2742812,39984369.36,11473438915.4,6120739745.18
2017-03-07,'000055,方大集团,14.74,14.81,14.6,14.67,14.67,0.07,0.4772,0.9855,4148682,61041451.76,11631257882.6,6204931488.58
2017-03-06,'000055,方大集团,14.67,14.84,14.6,14.82,14.74,-0.07,-0.4749,1.2698,5345316,78505838.02,11576021244.1,6175464378.39
2017-03-03,'000055,方大集团,14.74,14.85,14.54,14.64,14.65,0.09,0.6143,1.2241,5152817,75878830.85,11631257882.6,6204931488.58
2017-03-02,'000055,方大集团,14.65,14.68,14.23,14.28,14.33,0.32,2.2331,1.6211,6824214,99025046.15,11560239347.4,6167045204.05
2017-03-01,'000055,方大集团,14.33,14.4,14.17,14.21,14.21,0.12,0.8445,0.8883,3739309,53630793.83,11307728999.9,6032338414.61
2017-02-28,'000055,方大集团,14.21,14.35,14.12,14.25,14.3,-0.09,-0.6294,0.6388,2689000,38264327.73,11213037619.6,5981823368.57
2017-02-27,'000055,方大集团,14.3,14.54,14.26,14.4,14.4,-0.1,-0.6944,0.8514,3583867,51362641.42,11284056154.8,6019709653.1
2017-02-24,'000055,方大集团,14.4,14.4,13.93,14.03,14.01,0.39,2.7837,1.1753,4947419,70105674.95,11362965638.4,6061805524.8
2017-02-23,'000055,方大集团,14.01,14.17,13.94,14.1,14.17,-0.16,-1.1291,1.2096,5091731,71289751.37,11055218652.4,5897631625.17
2017-02-22,'000055,方大集团,14.17,14.34,13.98,14.29,14.34,-0.17,-1.1855,1.9645,8269848,116709517.9,11181473826.1,5964985019.89
2017-02-21,'000055,方大集团,14.34,14.46,14.27,14.39,14.39,-0.05,-0.3475,0.629,2647876,37972102.41,11315619948.2,6036548001.78
2017-02-20,'000055,方大集团,14.39,14.43,14.26,14.3,14.3,0.09,0.6294,0.6888,2899496,41587260.02,11355074690.0,6057595937.63
2017-02-17,'000055,方大集团,14.3,14.68,14.3,14.52,14.55,-0.25,-1.7182,1.1509,4844739,70121771.5,11284056154.8,6019709653.1
2017-02-16,'000055,方大集团,14.55,14.64,14.49,14.61,14.55,0.0,0.0,0.4876,2052645,29876832.57,11481329863.8,6124949332.35
2017-02-15,'000055,方大集团,14.55,14.71,14.5,14.55,14.62,-0.07,-0.4788,0.6949,2925444,42711659.63,11481329863.8,6124949332.35
2017-02-14,'000055,方大集团,14.62,14.77,14.52,14.69,14.72,-0.1,-0.6793,0.8838,3720371,54486003.46,11536566502.3,6154416442.54
2017-02-13,'000055,方大集团,14.72,14.73,14.46,14.57,14.51,0.21,1.4473,1.0506,4422755,64470689.36,11615475985.9,6196512314.24
2017-02-10,'000055,方大集团,14.51,14.64,14.46,14.63,14.64,-0.13,-0.888,0.9164,3857805,56035588.4,11449766070.4,6108110983.67
2017-02-09,'000055,方大集团,14.64,14.82,14.5,14.7,14.74,-0.1,-0.6784,1.4103,5936683,87098184.88,11552348399.0,6162835616.88
2017-02-08,'000055,方大集团,14.74,14.82,14.52,14.77,14.78,-0.04,-0.2706,0.8482,3570562,52384857.21,11631257882.6,6204931488.58
2017-02-07,'000055,方大集团,14.78,14.85,14.53,14.57,14.56,0.22,1.511,1.3454,5663543,83337470.42,11662821676.1,6221769837.26
2017-02-06,'000055,方大集团,14.56,14.67,14.5,14.57,14.46,0.1,0.6916,0.8417,3543348,51661400.25,11489220812.2,6129158919.52
2017-02-03,'000055,方大集团,14.46,14.84,14.4,14.75,14.75,-0.29,-1.9661,0.6976,2936446,42597350.0,11410311328.6,6087063047.82
2017-01-26,'000055,方大集团,14.75,14.75,14.48,14.57,14.55,0.2,1.3746,0.8127,3420970,50164761.09,11639148831.0,6209141075.75
2017-01-25,'000055,方大集团,14.55,14.85,14.43,14.69,14.65,-0.1,-0.6826,1.5501,6525224,95200639.1,11481329863.8,6124949332.35
2017-01-24,'000055,方大集团,14.65,15.4,14.58,15.22,15.22,-0.57,-3.7451,2.0944,8816704,130813649.56,11560239347.4,6167045204.05
2017-01-23,'000055,方大集团,15.22,15.45,15.08,15.3,15.29,-0.07,-0.4578,3.169,13340346,203334109.97,12010023403.9,6406991672.74
2017-01-20,'000055,方大集团,15.29,15.68,14.39,14.4,14.39,0.9,6.2543,4.8956,20608450,312571781.06,12065260042.4,6436458782.93
2017-01-19,'000055,方大集团,14.39,14.5,14.2,14.5,14.49,-0.1,-0.6901,1.4183,5970612,85636984.32,11355074690.0,6057595937.63
2017-01-18,'000055,方大集团,14.49,14.55,14.0,14.15,14.03,0.46,3.2787,1.3394,5638137,80862367.01,11433984173.6,6099691809.33
2017-01-17,'000055,方大集团,14.03,14.15,13.63,13.65,13.72,0.31,2.2595,1.3421,5649667,78862382.44,11071000549.1,5906050799.51
2017-01-16,'000055,方大集团,13.72,14.5,13.05,14.31,14.5,-0.78,-5.3793,2.2151,9324772,132286611.38,10826381149.9,5775553597.24
2017-01-13,'000055,方大集团,14.5,14.72,14.32,14.62,14.88,-0.38,-2.5538,2.4184,10180354,147232199.98,11441875122.0,6103901396.5
2017-01-12,'000055,方大集团,14.88,15.33,14.65,15.0,14.45,0.43,2.9758,4.4907,18904188,283025517.02,11741731159.7,6263865708.96
2017-01-11,'000055,方大集团,14.45,14.76,14.4,14.61,14.57,-0.12,-0.8236,3.8753,16313381,238622768.52,11402420380.2,6082853460.65
2017-01-10,'000055,方大集团,14.57,14.84,14.36,14.67,14.77,-0.2,-1.3541,2.7487,11570743,169052768.83,11497111760.5,6133368506.69
2017-01-09,'000055,方大集团,14.77,14.87,14.35,14.5,14.48,0.29,2.0028,2.3382,9842684,144288971.77,11654930727.7,6217560250.09
2017-01-06,'000055,方大集团,14.48,14.59,14.0,14.28,14.27,0.21,1.4716,3.7274,15690804,226416070.59,11426093225.3,6095482222.16
2017-01-05,'000055,方大集团,14.27,14.32,13.88,13.93,13.93,0.34,2.4408,2.6436,11128619,158081982.91,11260383309.7,6007080891.59
2017-01-04,'000055,方大集团,13.93,14.05,13.63,13.63,13.69,0.24,1.7531,1.6154,6800035,94429721.86,10992091065.5,5863954927.81
2017-01-03,'000055,方大集团,13.69,13.83,13.52,13.52,13.63,0.06,0.4402,1.4569,6132896,84191732.94,10802708304.8,5762924835.73
2016-12-30,'000055,方大集团,13.63,13.68,13.48,13.68,13.6,0.03,0.2206,0.8491,3574400,48591862.02,10755362614.7,5737667312.71
2016-12-29,'000055,方大集团,13.6,13.83,13.51,13.65,13.75,-0.15,-1.0909,1.2376,5209602,70827452.56,10731689769.6,5725038551.2
2016-12-28,'000055,方大集团,13.75,13.97,13.62,13.69,13.62,0.13,0.9545,2.4235,10201949,141109526.62,10850053995.0,5788182358.75
2016-12-27,'000055,方大集团,13.62,13.64,13.31,13.56,13.55,0.07,0.5166,1.2791,5384568,72487402.9,10747471666.3,5733457725.54
2016-12-26,'000055,方大集团,13.55,13.76,13.21,13.51,13.58,-0.03,-0.2209,1.4053,5915882,80277618.52,10692235027.8,5703990615.35
2016-12-23,'000055,方大集团,13.58,13.63,13.41,13.42,13.4,0.18,1.3433,1.8887,7950597,107478917.58,10715907872.9,5716619376.86
2016-12-22,'000055,方大集团,13.4,13.58,12.99,13.08,13.06,0.34,2.6034,2.4173,10175761,136332461.15,10573870802.4,5640846807.8
2016-12-21,'000055,方大集团,13.06,13.06,12.69,12.75,12.55,0.51,4.0637,1.8811,7918695,102366844.29,10305578558.2,5497720844.02
2016-12-20,'000055,方大集团,12.55,13.15,12.55,12.98,12.98,-0.43,-3.3128,1.2455,5243126,67079291.45,9903140191.8,5283031898.35
2016-12-19,'000055,方大集团,12.98,13.22,12.94,13.12,13.14,-0.16,-1.2177,1.1248,4735083,61852068.37,10242450971.3,5464044146.66
2016-12-16,'000055,方大集团,13.14,13.16,13.02,13.08,13.08,0.06,0.4587,0.611,2572138,33701372.06,10368706145.0,5531397541.38
2016-12-15,'000055,方大集团,13.08,13.19,13.0,13.0,13.03,0.05,0.3837,0.6458,2718538,35580390.05,10321360454.9,5506140018.36
2016-12-14,'000055,方大集团,13.03,13.23,13.01,13.11,13.15,-0.12,-0.9125,0.7534,3171573,41640740.38,10281905713.1,5485092082.51
2016-12-13,'000055,方大集团,13.15,13.21,12.81,13.07,13.08,0.07,0.5352,0.6484,2729627,35680200.24,10376597093.4,5535607128.55
2016-12-12,'000055,方大集团,13.08,13.49,13.0,13.41,13.45,-0.37,-2.7509,1.8215,7667863,101197065.35,10321360454.9,5506140018.36
2016-12-09,'000055,方大集团,13.45,13.67,13.43,13.59,13.59,-0.14,-1.0302,0.7951,3346839,45185350.53,10613325544.2,5661894743.65
2016-12-08,'000055,方大集团,13.59,13.75,13.55,13.63,13.61,-0.02,-0.147,0.7389,3110407,42429950.73,10723798821.2,5720828964.03
2016-12-07,'000055,方大集团,13.61,13.66,13.41,13.53,13.47,0.14,1.0393,0.9488,3994266,54242361.81,10739580718.0,5729248138.37
2016-12-06,'000055,方大集团,13.47,13.72,13.43,13.7,13.6,-0.13,-0.9559,1.252,5270270,71230634.02,10629107440.9,5670313917.99
2016-12-05,'000055,方大集团,13.6,13.83,13.4,13.83,13.82,-0.22,-1.5919,2.1483,9043260,122438820.79,10731689769.6,5725038551.2
2016-12-02,'000055,方大集团,13.82,14.41,13.75,14.21,14.31,-0.49,-3.4242,2.4015,10109372,141973655.98,10905290633.5,5817649468.94
2016-12-01,'000055,方大集团,14.31,14.73,14.24,14.7,14.64,-0.33,-2.2541,2.9265,12319215,177314474.79,11291947103.2,6023919240.27
2016-11-30,'000055,方大集团,14.64,14.93,14.12,14.27,14.31,0.33,2.3061,5.1769,21792465,318913141.69,11552348399.0,6162835616.88
2016-11-29,'000055,方大集团,14.31,14.42,14.02,14.07,14.11,0.2,1.4174,2.8072,11817001,168147923.61,11291947103.2,6023919240.27
2016-11-28,'000055,方大集团,14.11,14.3,13.99,14.29,14.26,-0.15,-1.0519,1.7337,7298052,102818493.24,11134128136.0,5939727496.87
2016-11-25,'000055,方大集团,14.26,14.29,13.96,14.08,14.12,0.14,0.9915,1.4693,6184940,87341954.76,11252492361.4,6002871304.42
2016-11-24,'000055,方大集团,14.12,14.22,13.95,14.18,14.16,-0.04,-0.2825,1.6735,7044794,99231339.24,11142019084.3,5943937084.04
2016-11-23,'000055,方大集团,14.16,14.4,14.11,14.13,14.12,0.04,0.2833,1.8406,7748116,110400141.37,11173582877.8,5960775432.72
2016-11-22,'000055,方大集团,14.12,14.15,13.99,14.11,14.11,0.01,0.0709,2.3212,9771419,137357567.02,11142019084.3,5943937084.04
2016-11-21,'000055,方大集团,14.11,14.28,13.99,14.28,14.3,-0.19,-1.3287,1.9565,8235933,116202624.77,11134128136.0,5939727496.87
2016-11-18,'000055,方大集团,14.3,14.46,14.28,14.46,14.47,-0.17,-1.1748,0.9923,4177035,59885409.48,11284056154.8,6019709653.1
2016-11-17,'000055,方大集团,14.47,14.72,14.33,14.72,14.68,-0.21,-1.4305,1.1129,4684875,67816071.07,11418202276.9,6091272634.99
2016-11-16,'000055,方大集团,14.68,14.86,14.6,14.67,14.67,0.01,0.0682,1.2064,5078541,74887812.39,11583912192.5,6179673965.56
2016-11-15,'000055,方大集团,14.67,14.77,14.5,14.65,14.65,0.02,0.1365,1.1283,4749782,69713914.3,11576021244.1,6175464378.39
2016-11-14,'000055,方大集团,14.65,14.75,14.48,14.68,14.74,-0.09,-0.6106,1.3417,5647896,82524265.95,11560239347.4,6167045204.05
2016-11-11,'000055,方大集团,14.74,14.9,14.47,14.55,14.6,0.14,0.9589,1.6502,6946789,102253673.85,11631257882.6,6204931488.58
2016-11-10,'000055,方大集团,14.6,14.71,14.28,14.32,14.24,0.36,2.5281,1.9479,8199988,118692128.43,11520784605.6,6145997268.2
2016-11-09,'000055,方大集团,14.24,14.43,13.95,14.43,14.44,-0.2,-1.385,2.2682,9548014,135191102.6,11236710464.6,5994452130.08
2016-11-08,'000055,方大集团,14.44,14.58,14.16,14.37,14.32,0.12,0.838,1.8507,7790711,111395788.99,11394529431.8,6078643873.48
2016-11-07,'000055,方大集团,14.32,14.88,14.06,14.82,14.79,-0.47,-3.1778,3.5038,14749716,210957034.28,11299838051.5,6028128827.44
2016-11-04,'000055,方大集团,14.79,15.18,14.75,15.12,15.11,-0.32,-2.1178,1.7588,7403829,110271088.43,11670712624.4,6225979424.43
2016-11-03,'000055,方大集团,15.11,15.31,14.87,14.98,15.05,0.06,0.3987,1.3722,5776525,87569257.01,11923222972.0,6360686213.87
2016-11-02,'000055,方大集团,15.05,15.37,14.92,15.37,15.42,-0.37,-2.3995,1.7351,7304228,110376893.67,11875877281.8,6335428690.85
2016-11-01,'000055,方大集团,15.42,15.55,15.12,15.25,15.2,0.22,1.4474,1.5439,6498998,99403419.58,12167842371.1,6491183416.14
2016-10-31,'000055,方大集团,15.2,15.85,15.06,15.85,15.75,-0.55,-3.4921,3.2185,13548710,206892042.86,11994241507.2,6398572498.4
2016-10-28,'000055,方大集团,15.75,16.36,15.73,16.3,16.37,-0.62,-3.7874,2.7896,11743009,187123454.1,12428243667.0,6630099792.75
2016-10-27,'000055,方大集团,16.37,16.83,16.1,16.2,16.25,0.12,0.7385,3.0455,12820347,211690454.66,12917482465.3,6891094197.29
2016-10-26,'000055,方大集团,16.25,16.43,16.1,16.21,16.13,0.12,0.744,2.3698,9975840,162055176.58,12822791085.0,6840579151.25
2016-10-25,'000055,方大集团,16.13,16.35,15.72,16.16,16.65,-0.52,-3.1231,5.8121,24466682,392026478.08,12728099704.7,6790064105.21
2016-10-24,'000055,方大集团,16.65,16.82,16.01,16.31,16.31,0.34,2.0846,5.9861,25199002,414454755.09,13138429019.4,7008962638.05
2016-10-21,'000055,方大集团,16.31,16.36,15.1,15.58,15.39,0.92,5.9779,7.0179,29542419,464037072.22,12870136775.2,6865836674.27
2016-10-20,'000055,方大集团,15.39,15.4,14.65,14.65,14.65,0.74,5.0512,2.9292,12330591,185620916.54,12144169526.0,6478554654.63
2016-10-19,'000055,方大集团,14.65,14.86,14.61,14.77,14.77,-0.12,-0.8125,1.1514,4846796,71167786.58,11560239347.4,6167045204.05
2016-10-18,'000055,方大集团,14.77,14.89,14.67,14.74,14.79,-0.02,-0.1352,2.0019,8427287,124206330.86,11654930727.7,6217560250.09
2016-10-17,'000055,方大集团,14.79,15.49,14.71,15.31,15.31,-0.52,-3.3965,1.5092,6353113,95857151.36,11670712624.4,6225979424.43
2016-10-14,'000055,方大集团,15.31,15.45,14.86,15.1,15.14,0.17,1.1229,1.4351,6041006,91733679.7,12081041939.2,6444877957.27
2016-10-13,'000055,方大集团,15.14,15.26,14.84,14.93,14.98,0.16,1.0681,0.975,4104168,61757519.82,11946895817.0,6373314975.38
2016-10-12,'000055,方大集团,14.98,15.19,14.93,15.19,15.21,-0.23,-1.5122,1.065,4483348,67245305.79,11820640643.3,6305961580.66
2016-10-11,'000055,方大集团,15.21,15.35,15.16,15.3,15.39,-0.18,-1.1696,1.3205,5558684,84639159.37,12002132455.6,6402782085.57
2016-10-10,'000055,方大集团,15.39,15.71,15.12,15.3,15.37,0.02,0.1301,2.0772,8744051,133999515.52,12144169526.0,6478554654.63
2016-09-30,'000055,方大集团,15.37,15.45,14.8,15.0,15.08,0.29,1.9231,2.258,9505280,144196503.37,12128387629.3,6470135480.29
2016-09-29,'000055,方大集团,15.08,15.23,14.55,14.61,14.64,0.44,3.0055,3.5807,15073114,225793020.29,11899550126.9,6348057452.36
2016-09-28,'000055,方大集团,14.64,14.74,14.04,14.06,14.14,0.5,3.5361,2.3174,9755472,141271179.22,11552348399.0,6162835616.88
2016-09-27,'000055,方大集团,14.14,14.46,13.91,13.98,14.09,0.05,0.3549,1.2468,5248406,74437830.51,11157800981.0,5952356258.38
2016-09-26,'000055,方大集团,14.09,14.27,13.81,14.27,14.28,-0.19,-1.3305,1.7662,7435020,103977579.99,11118346239.2,5931308322.53
2016-09-23,'000055,方大集团,14.28,14.67,14.24,14.67,14.67,-0.39,-2.6585,1.5304,6442375,92582011.1,11268274258.1,6011290478.76
2016-09-22,'000055,方大集团,14.67,14.82,14.36,14.55,14.27,0.4,2.8031,2.8554,12020072,174829857.14,11576021244.1,6175464378.39
2016-09-21,'000055,方大集团,14.27,14.29,13.89,14.09,14.0,0.27,1.9286,1.7639,7425257,104243028.72,11260383309.7,6007080891.59
2016-09-20,'000055,方大集团,14.0,14.2,13.88,14.11,14.19,-0.19,-1.339,1.2779,5379602,75273348.22,11047327704.0,5893422038.0
2016-09-19,'000055,方大集团,14.19,14.39,13.85,13.85,13.6,0.59,4.3382,2.4198,10186257,143521058.08,11197255722.8,5973404194.23
2016-09-14,'000055,方大集团,13.6,13.85,13.36,13.6,13.59,0.01,0.0736,2.2229,9357595,127311588.91,10731689769.6,5725038551.2
2016-09-13,'000055,方大集团,13.59,14.06,13.56,13.95,13.82,-0.23,-1.6643,1.8124,7629614,105279415.86,10723798821.2,5720828964.03
2016-09-12,'000055,方大集团,13.82,15.0,13.81,15.0,15.01,-1.19,-7.928,2.1108,8885662,126468116.99,10905290633.5,5817649468.94
2016-09-09,'000055,方大集团,15.01,15.22,15.01,15.16,15.12,-0.11,-0.7275,0.7454,3137622,47447703.62,11844313488.4,6318590342.17
2016-09-08,'000055,方大集团,15.12,15.28,15.05,15.28,15.17,-0.05,-0.3296,0.6966,2932498,44302940.81,11931113920.3,6364895801.04
2016-09-07,'000055,方大集团,15.17,15.34,15.16,15.29,15.25,-0.08,-0.5246,1.1922,5018678,76419599.19,11970568662.1,6385943736.89
2016-09-06,'000055,方大集团,15.25,15.3,15.05,15.18,15.2,0.05,0.3289,1.0093,4248609,64433944.74,12033696249.0,6419620434.25
2016-09-05,'000055,方大集团,15.2,15.45,15.16,15.36,15.4,-0.2,-1.2987,1.0978,4621227,70473985.35,11994241507.2,6398572498.4
2016-09-02,'000055,方大集团,15.4,15.69,15.18,15.31,15.28,0.12,0.7853,2.1466,9036336,138971571.11,12152060474.4,6482764241.8
2016-09-01,'000055,方大集团,15.28,15.4,15.22,15.34,15.35,-0.07,-0.456,2.7031,11378951,174386518.17,12057369094.1,6432249195.76
2016-08-31,'000055,方大集团,15.35,15.36,15.12,15.15,15.14,0.21,1.3871,2.1228,8936133,136318068.23,12112605732.6,6461716305.95
2016-08-30,'000055,方大集团,15.14,15.31,15.11,15.27,15.2,-0.06,-0.3947,1.0022,4218769,64003776.66,11946895817.0,6373314975.38
2016-08-29,'000055,方大集团,15.2,15.37,15.17,15.36,15.36,-0.16,-1.0417,0.8057,3391590,51695544.17,11994241507.2,6398572498.4
2016-08-26,'000055,方大集团,15.36,15.47,15.28,15.47,15.49,-0.13,-0.8393,0.8212,3456950,53066065.57,12120496681.0,6465925893.12
2016-08-25,'000055,方大集团,15.49,15.49,15.16,15.46,15.55,-0.06,-0.3859,1.0789,4541656,69414402.49,12223079009.6,6520650526.33
2016-08-24,'000055,方大集团,15.55,15.8,15.5,15.74,15.72,-0.17,-1.0814,1.319,5552235,86530819.4,12270424699.8,6545908049.35
2016-08-23,'000055,方大集团,15.72,15.98,15.67,15.98,15.81,-0.09,-0.5693,0.9163,3857235,60768804.27,12404570821.9,6617471031.24
2016-08-22,'000055,方大集团,15.81,16.12,15.53,15.79,15.69,0.12,0.7648,2.8067,11815059,186556476.42,12475589357.2,6655357315.77
2016-08-19,'000055,方大集团,15.69,15.86,15.2,15.55,15.55,0.14,0.9003,2.2726,9566525,148838956.73,12380897976.8,6604842269.73
2016-08-18,'000055,方大集团,15.55,15.77,15.33,15.55,15.69,-0.14,-0.8923,1.998,8410548,130756972.87,12270424699.8,6545908049.35
2016-08-17,'000055,方大集团,15.69,15.84,15.58,15.84,15.89,-0.2,-1.2587,1.4827,6241633,98010786.95,12380897976.8,6604842269.73
2016-08-16,'000055,方大集团,15.89,16.1,15.72,15.86,15.67,0.22,1.404,2.6004,10946653,174210598.66,12538716944.0,6689034013.13
2016-08-15,'000055,方大集团,15.67,15.95,15.35,15.6,15.6,0.07,0.4487,2.0589,8667233,135632373.92,12365116080.1,6596423095.39
2016-08-12,'000055,方大集团,15.6,15.8,15.45,15.56,15.5,0.1,0.6452,0.8678,3652989,56958279.54,12309879441.6,6566955985.2
2016-08-11,'000055,方大集团,15.5,16.12,15.28,16.01,16.01,-0.51,-3.1855,2.111,8886282,139229078.61,12230969958.0,6524860113.5
2016-08-10,'000055,方大集团,16.01,16.15,15.65,15.78,15.69,0.32,2.0395,1.6264,6846415,108514607.28,12633408324.4,6739549059.17
2016-08-09,'000055,方大集团,15.69,16.03,15.6,15.74,15.7,-0.01,-0.0637,1.558,6558349,103583823.91,12380897976.8,6604842269.73
2016-08-08,'000055,方大集团,15.7,16.4,15.32,15.7,15.76,-0.06,-0.3807,3.3885,14264054,227259053.28,12388788925.2,6609051856.9
2016-08-05,'000055,方大集团,15.76,15.85,15.1,15.6,15.63,0.13,0.8317,2.2416,9436156,146534514.27,12436134615.4,6634309379.92
2016-08-04,'000055,方大集团,15.63,15.74,15.47,15.68,15.68,-0.05,-0.3189,1.0567,4448442,69525668.13,12333552286.7,6579584746.71
2016-08-03,'000055,方大集团,15.68,15.8,15.05,15.29,15.35,0.33,2.1498,2.1686,9128913,140573811.73,12373007028.5,6600632682.56
2016-08-02,'000055,方大集团,15.35,15.6,15.1,15.6,15.58,-0.23,-1.4763,1.8705,7874227,120216134.81,12112605732.6,6461716305.95
2016-08-01,'000055,方大集团,15.58,16.21,15.11,16.21,16.2,-0.62,-3.8272,2.5939,10919445,168860415.8,12294097544.9,6558536810.86
2016-07-29,'000055,方大集团,16.2,17.19,15.9,17.19,17.15,-0.95,-5.5394,2.9472,12406310,201211069.74,12783336343.2,6819531215.4
2016-07-28,'000055,方大集团,17.15,17.45,16.93,17.3,17.19,-0.04,-0.2327,0.6137,2583377,44237497.81,12981004870.8,7219441996.55
2016-07-27,'000055,方大集团,17.19,17.78,16.52,17.78,17.77,-0.58,-3.2639,1.0663,4488862,77441537.36,13011281267.0,7236280345.23
2016-07-26,'000055,方大集团,17.77,17.84,17.6,17.82,17.8,-0.03,-0.1685,0.6132,2581265,45672392.33,13450289011.9,7480436401.09
2016-07-25,'000055,方大集团,17.8,17.88,17.55,17.88,17.95,-0.15,-0.8357,0.7719,3249274,57334882.24,13472996309.0,7493065162.6
2016-07-22,'000055,方大集团,17.95,18.06,17.73,17.93,18.0,-0.05,-0.2778,0.9512,4004230,71691598.91,13586532794.8,7556208970.15
2016-07-21,'000055,方大集团,18.0,18.03,17.53,17.53,17.77,0.23,1.2943,1.9487,8203173,146065299.98,13624378290.0,7577256906.0
2016-07-20,'000055,方大集团,17.77,17.77,17.33,17.44,17.35,0.42,2.4207,0.6071,2555577,44671912.66,13450289011.9,7480436401.09
2016-07-19,'000055,方大集团,17.35,17.77,17.35,17.7,17.75,-0.4,-2.2535,0.8486,3572306,62442678.36,13132386851.8,7303633739.95
2016-07-18,'000055,方大集团,17.75,17.96,17.21,17.7,17.79,-0.04,-0.2248,0.9779,4116599,72312421.14,13435150813.8,7472017226.75
2016-07-15,'000055,方大集团,17.79,17.98,17.63,17.9,18.06,-0.27,-1.495,1.342,5649202,100320025.79,13465427210.0,7488855575.43
2016-07-14,'000055,方大集团,18.06,18.15,17.07,17.45,17.42,0.64,3.6739,3.1073,13080292,227904111.67,13669792884.3,7602514429.02
2016-07-13,'000055,方大集团,17.42,18.28,17.23,18.28,17.9,-0.48,-2.6816,2.3637,9950144,174590380.87,13185370545.1,7333100850.14
2016-07-12,'000055,方大集团,17.9,18.07,17.68,18.03,17.85,0.05,0.2801,1.5587,6561476,117511006.04,13548687299.5,7535161034.3
2016-07-11,'000055,方大集团,17.85,18.15,17.5,18.0,18.0,-0.15,-0.8333,1.8214,7667209,136869396.57,13510841804.2,7514113098.45
2016-07-08,'000055,方大集团,18.0,18.09,17.46,17.98,17.95,0.05,0.2786,1.9853,8357415,148945076.1,13624378290.0,7577256906.0
2016-07-07,'000055,方大集团,17.95,19.26,17.84,19.26,19.28,-1.33,-6.8983,3.9589,16665132,305268664.83,13586532794.8,7556208970.15
2016-07-06,'000055,方大集团,19.28,19.48,18.88,18.99,18.92,0.36,1.9027,2.8431,11968348,229674518.0,14593222968.4,8116084063.76
2016-07-05,'000055,方大集团,18.92,19.1,18.52,19.0,18.93,-0.01,-0.0528,2.7684,11653743,219215392.9,14320735402.6,7964538925.64
2016-07-04,'000055,方大集团,18.93,19.02,18.7,18.73,18.92,0.01,0.0529,1.1943,5027578,94899064.46,14328304501.6,7968748512.81
2016-07-01,'000055,方大集团,18.92,19.38,18.7,18.92,18.82,0.1,0.5313,2.1436,9023866,170710301.3,14320735402.6,7964538925.64
2016-06-30,'000055,方大集团,18.82,19.0,18.4,18.46,18.46,0.36,1.9502,2.967,12490031,233771023.16,14245044412.1,7922443053.94
2016-06-29,'000055,方大集团,18.46,18.78,18.4,18.63,18.45,0.01,0.0542,2.009,8456992,157484970.87,13972556846.3,7770897915.82
2016-06-28,'000055,方大集团,18.45,19.02,18.25,18.5,18.7,-0.25,-1.3369,2.2815,9604001,178227133.23,13964987747.2,7766688328.65
2016-06-27,'000055,方大集团,18.7,18.75,17.6,17.88,18.04,0.66,3.6585,2.8379,11946497,218761357.16,14154215223.5,7871928007.9
2016-06-24,'000055,方大集团,18.04,18.35,17.0,18.15,18.01,0.03,0.1666,2.7735,11675381,209721408.95,13654654686.2,7594095254.68
2016-06-23,'000055,方大集团,18.01,18.15,17.78,17.8,17.8,0.21,1.1798,1.0255,4316920,77612037.79,13631947389.0,7581466493.17
2016-06-22,'000055,方大集团,17.8,18.2,17.67,17.67,17.66,0.14,0.7928,1.4691,6184210,110996539.45,13472996309.0,7493065162.6
2016-06-21,'000055,方大集团,17.66,18.7,17.66,18.57,18.43,-0.77,-4.178,1.8593,7827034,141676349.89,13367028922.3,7434130942.22
2016-06-20,'000055,方大集团,18.43,18.67,17.7,17.75,17.89,0.54,3.0184,1.6458,6928295,126603993.98,13949849549.1,7758269154.31
2016-06-17,'000055,方大集团,17.89,18.2,17.79,17.9,17.84,0.05,0.2803,1.7175,7229812,130412581.97,13541118200.5,7530951447.13
2016-06-16,'000055,方大集团,17.84,18.1,17.65,17.82,17.83,0.01,0.0561,1.7235,7255023,130208048.87,13503272705.2,7509903511.28
2016-06-15,'000055,方大集团,17.83,17.89,17.06,17.06,17.37,0.46,2.6482,1.4529,6115998,108087955.13,13495703606.1,7505693924.11
2016-06-14,'000055,方大集团,17.37,17.44,16.7,17.18,17.16,0.21,1.2238,1.3678,5757750,98712087.98,13147525049.9,7312052914.29
2016-06-13,'000055,方大集团,17.16,18.02,17.08,18.0,18.28,-1.12,-6.1269,2.1626,9103679,159964697.64,12988573969.8,7223651583.72
2016-06-08,'000055,方大集团,18.28,18.98,18.18,18.78,18.49,-0.21,-1.1357,3.2144,13531485,251332706.44,13836313063.4,7695125346.76
2016-06-07,'000055,方大集团,18.49,18.77,17.12,17.12,17.13,1.36,7.9393,4.3354,18250228,329498481.74,13995264143.5,7783526677.33
2016-06-06,'000055,方大集团,17.13,17.29,17.0,17.21,17.24,-0.11,-0.6381,2.0769,8743032,149723816.51,12965866672.6,7211022822.21
2016-06-03,'000055,方大集团,17.24,17.28,16.46,16.46,16.4,0.84,5.122,4.1779,17587367,298631518.97,13049126762.2,7257328281.08
2016-06-02,'000055,方大集团,16.4,16.74,16.05,16.74,16.14,0.26,1.6109,1.7775,7482485,122530006.91,12413322442.0,6903722958.8
2016-06-01,'000055,方大集团,16.14,16.39,16.1,16.38,16.26,-0.12,-0.738,1.4937,6287665,101692745.45,12216525866.7,6794273692.38
2016-05-31,'000055,方大集团,16.26,16.33,15.77,15.78,15.76,0.5,3.1726,2.194,9235652,149048828.72,12307355055.3,6844788738.42
2016-05-30,'000055,方大集团,15.76,16.11,15.38,15.7,15.7,0.06,0.3822,2.5434,10706594,169428420.77,11928900102.8,6634309379.92
2016-05-27,'000055,方大集团,15.7,15.91,15.45,15.7,15.68,0.02,0.1276,2.304,9698893,151589253.75,11883485508.5,6609051856.9
2016-05-26,'000055,方大集团,15.78,15.85,14.82,15.55,15.65,0.13,0.8307,3.3672,14174660,215202089.51,11944038300.9,6642728554.26
2016-05-25,'000055,方大集团,15.65,16.22,15.47,15.98,15.9,-0.25,-1.5723,1.684,7089127,111815954.2,11845640013.2,6588003921.05
2016-05-24,'000055,方大集团,15.9,16.27,15.7,16.27,16.29,-0.39,-2.3941,1.4582,6138361,97429073.25,12034867489.5,6693243600.3
2016-05-23,'000055,方大集团,16.29,16.3,15.81,15.81,15.79,0.5,3.1666,1.7882,7527692,121670494.68,12330062352.5,6857417499.93
2016-05-20,'000055,方大集团,15.79,15.88,15.42,15.84,15.93,-0.14,-0.8788,1.5748,6629095,103696889.66,11951607400.0,6646938141.43
2016-05-19,'000055,方大集团,15.93,16.32,15.47,15.98,16.01,-0.08,-0.4997,2.6849,11302227,179600490.88,12057574786.6,6705872361.81
2016-05-18,'000055,方大集团,16.01,17.33,15.78,17.11,16.97,-0.96,-5.657,4.2116,17728940,292470681.77,12118127579.0,6739549059.17
2016-05-17,'000055,方大集团,16.97,17.15,16.28,16.32,16.18,0.79,4.8826,3.0105,12672949,211479433.61,12844761087.9,7143669427.49
2016-05-16,'000055,方大集团,16.18,16.2,15.54,15.85,15.85,0.33,2.082,1.6316,6868372,109300332.43,12246802262.9,6811112041.06
2016-05-13,'000055,方大集团,15.85,16.16,15.15,15.36,15.38,0.47,3.0559,2.4291,10225532,162309342.39,11997021994.2,6672195664.45
2016-05-12,'000055,方大集团,15.38,15.5,14.5,15.25,15.49,-0.11,-0.7101,2.0712,8718873,131389985.33,11641274338.9,6474345067.46
2016-05-11,'000055,方大集团,15.49,15.98,15.48,15.6,15.36,0.13,0.8464,1.6094,6775040,106197827.12,11724534428.5,6520650526.33
2016-05-10,'000055,方大集团,15.36,16.53,15.0,16.35,16.36,-1.0,-6.1125,2.5702,10819512,169691042.23,11626136140.8,6465925893.12
2016-05-09,'000055,方大集团,16.36,16.99,16.0,16.91,17.19,-0.83,-4.8284,2.9456,12399742,203672237.2,12383046045.8,6886884610.12
2016-05-06,'000055,方大集团,17.19,17.55,16.8,16.8,16.86,0.33,1.9573,4.1001,17259605,297573095.86,13011281267.0,7236280345.23
2016-05-05,'000055,方大集团,16.86,16.94,16.29,16.4,16.66,0.2,1.2005,1.9442,8184471,135946410.55,12761500998.3,7097363968.62
2016-05-04,'000055,方大集团,16.66,17.15,16.5,17.0,17.16,-0.5,-2.9138,2.7669,11647360,195657010.56,12610119017.3,7013172225.22
2016-05-03,'000055,方大集团,17.16,17.29,16.77,16.77,16.95,0.21,1.2389,2.3205,9768187,166232210.42,12988573969.8,7223651583.72
2016-04-29,'000055,方大集团,16.95,17.05,16.52,16.52,16.69,0.26,1.5578,1.7636,7424094,125075238.11,12829622889.8,7135250253.15
2016-04-28,'000055,方大集团,16.69,16.88,16.29,16.58,16.54,0.15,0.9069,1.302,9855305,163526210.72,12632826314.5,12632826314.5
2016-04-27,'000055,方大集团,16.54,17.11,16.38,16.72,16.69,-0.15,-0.8987,2.7702,11661520,196266160.57,12519289828.7,6962657179.18
2016-04-26,'000055,方大集团,16.69,16.86,15.72,15.78,15.81,0.88,5.5661,4.0242,16940013,279493422.32,12632826314.5,7025800986.73
2016-04-25,'000055,方大集团,15.81,15.82,15.34,15.47,15.36,0.45,2.9297,3.266,13748634,215420246.79,11966745598.0,6655357315.77
2016-04-22,'000055,方大集团,15.36,15.77,15.1,15.4,15.49,-0.13,-0.8393,1.8312,7708722,118877812.26,11626136140.8,6465925893.12
2016-04-21,'000055,方大集团,15.49,16.16,15.06,15.52,15.44,0.05,0.3238,3.8573,16237766,251521604.62,11724534428.5,6520650526.33
2016-04-20,'000055,方大集团,15.44,16.66,14.75,16.15,16.02,-0.58,-3.6205,4.8965,20612271,324164957.23,11686688933.2,6499602590.48
2016-04-19,'000055,方大集团,16.02,16.22,15.78,15.9,16.0,0.02,0.125,3.3172,13963973,223416964.86,12125696678.1,6743758646.34
2016-04-18,'000055,方大集团,16.0,16.24,14.88,15.0,15.0,1.0,6.6667,4.623,19460981,302643340.03,12110558480.0,6735339472.0
2016-04-15,'000055,方大集团,15.0,15.35,14.22,14.25,14.25,0.75,5.2632,4.5924,19332189,288847569.69,11353648575.0,6314380755.0
2016-04-14,'000055,方大集团,14.25,14.38,14.15,14.23,14.25,0.0,0.0,1.405,5914431,84265282.48,10785966146.2,5998661717.25
2016-04-13,'000055,方大集团,14.25,14.6,14.17,14.19,14.19,0.06,0.4228,2.4384,10264519,147148659.03,10785966146.2,5998661717.25
2016-04-12,'000055,方大集团,14.19,14.52,14.01,14.51,14.53,-0.34,-2.34,1.731,7286648,103196721.4,10740551552.0,5973404194.23
2016-04-11,'000055,方大集团,14.53,14.96,14.4,14.44,14.4,0.13,0.9028,2.5338,10666274,156762967.86,10997900919.6,6116530158.01
2016-04-08,'000055,方大集团,14.4,14.45,13.65,14.28,14.2,0.2,1.4085,3.4989,14728754,205525846.61,10899502632.0,6061805524.8
2016-04-07,'000055,方大集团,14.2,15.13,14.16,15.13,15.13,-0.93,-6.1467,2.7736,11675635,171761143.37,10748120651.0,5977613781.4
2016-04-06,'000055,方大集团,15.13,15.43,14.53,14.72,14.73,0.4,2.7155,3.6422,15332366,232040754.79,11452046862.6,6369105388.21
2016-04-05,'000055,方大集团,14.73,14.8,14.11,14.4,14.3,0.43,3.007,2.9428,12387884,178090365.89,11149282900.6,6200721901.41
2016-04-01,'000055,方大集团,14.3,14.5,13.85,14.25,14.07,0.23,1.6347,2.815,11849988,167718297.87,10823811641.5,6019709653.1
2016-03-31,'000055,方大集团,14.07,14.88,13.97,14.4,14.28,-0.21,-1.4706,4.5985,19357625,277511639.82,10649722363.4,5922889148.19
2016-03-30,'000055,方大集团,14.28,14.28,12.98,12.98,12.98,1.3,10.0154,5.9321,24971600,344144832.53,10808673443.4,6011290478.76
2016-03-29,'000055,方大集团,12.98,13.08,12.52,12.92,12.91,0.07,0.5422,2.8274,11902002,153450718.0,9824690566.9,5464044146.66
2016-03-28,'000055,方大集团,12.91,13.4,12.6,12.79,12.59,0.32,2.5417,3.9548,16648193,217276674.57,9771706873.55,5434577036.47
2016-03-25,'000055,方大集团,12.59,12.81,12.52,12.52,12.51,0.08,0.6395,2.671,11243923,142217562.41,9529495703.95,5299870247.03
2016-03-24,'000055,方大集团,12.51,12.87,12.2,12.35,12.5,0.01,0.08,3.7256,15683247,196543304.12,9468942911.55,5266193549.67
2016-03-23,'000055,方大集团,12.5,12.75,12.27,12.5,12.58,-0.08,-0.6359,3.3368,14046751,174681106.83,9461373812.5,5261983962.5
2016-03-22,'000055,方大集团,12.58,12.93,11.98,12.09,12.21,0.37,3.0303,5.1352,21616893,271221415.39,9521926604.9,5295660659.86
2016-03-21,'000055,方大集团,12.21,12.43,12.07,12.27,12.29,-0.08,-0.6509,4.5316,19076297,233751742.63,9241869940.05,5139905934.57
2016-03-18,'000055,方大集团,12.29,12.36,11.55,11.77,11.77,0.52,4.418,8.0325,33813388,403570114.03,9302422732.45,5173582631.93
2016-03-17,'000055,方大集团,11.77,11.9,10.8,10.95,10.93,0.84,7.6853,5.213,21944434,251876343.75,8908829581.85,4954684099.09
2016-03-16,'000055,方大集团,10.93,11.16,10.52,10.91,11.02,-0.09,-0.8167,3.4107,14357583,157023319.4,8273025261.65,4601078776.81
2016-03-15,'000055,方大集团,11.02,11.19,10.63,10.63,10.61,0.41,3.8643,3.8793,16330224,179474838.74,8341147153.1,4638965061.34
2016-03-14,'000055,方大集团,10.61,10.68,10.09,10.18,10.0,0.61,6.1,3.107,13079044,136933566.57,8030814092.05,4466371987.37
2016-03-11,'000055,方大集团,10.0,10.19,9.8,9.85,9.95,0.05,0.5025,1.7469,7353793,73872537.12,7569099050.0,4209587170.0
2016-03-10,'000055,方大集团,9.95,10.35,9.86,9.9,9.9,0.05,0.5051,1.8171,7649221,77242134.85,7531253554.75,4188539234.15
2016-03-09,'000055,方大集团,9.9,9.98,9.7,9.8,10.02,-0.12,-1.1976,1.1836,4982364,49060389.31,7493408059.5,4167491298.3
2016-03-08,'000055,方大集团,10.02,10.1,9.59,10.1,10.11,-0.09,-0.8902,1.5296,6438930,63255179.1,7584237248.1,4218006344.34
2016-03-07,'000055,方大集团,10.11,10.28,10.05,10.2,10.03,0.08,0.7976,1.3663,5751688,58417993.91,7652359139.55,4255892628.87
2016-03-04,'000055,方大集团,10.03,10.4,9.81,10.2,10.26,-0.23,-2.2417,1.9457,8190741,82536384.35,7591806347.15,4222215931.51
2016-03-03,'000055,方大集团,10.26,10.68,10.25,10.4,10.4,-0.14,-1.3462,2.1759,9159693,96011103.59,7765895625.3,4319036436.42
2016-03-02,'000055,方大集团,10.4,10.48,9.9,9.9,10.0,0.4,4.0,2.3501,9892952,101031895.55,7871863012.0,4377970656.8
2016-03-01,'000055,方大集团,10.0,10.27,9.72,9.86,9.89,0.11,1.1122,1.9709,8296637,82822844.74,7569099050.0,4209587170.0
2016-02-29,'000055,方大集团,9.89,10.44,9.5,10.42,10.4,-0.51,-4.9038,1.8122,7628497,74804505.47,7485838960.45,4163281711.13
2016-02-26,'000055,方大集团,10.4,10.68,9.96,10.48,10.43,-0.03,-0.2876,2.6647,11217427,116046065.44,7871863012.0,4377970656.8
2016-02-25,'000055,方大集团,10.43,11.7,10.43,11.7,11.59,-1.16,-10.0086,2.8879,12156946,132368828.86,7894570309.15,4390599418.31
2016-02-24,'000055,方大集团,11.59,11.65,11.14,11.5,11.49,0.1,0.8703,2.6519,11163235,127671282.56,8772585798.95,4878911530.03
2016-02-23,'000055,方大集团,11.49,11.86,11.37,11.68,11.79,-0.3,-2.5445,2.2254,9368197,108064268.49,8696894808.45,4836815658.33
2016-02-22,'000055,方大集团,11.79,11.96,11.68,11.85,11.71,0.08,0.6832,2.4401,10271904,121144985.15,8923967779.95,4963103273.43
2016-02-19,'000055,方大集团,11.71,11.98,11.6,11.82,12.0,-0.29,-2.4167,1.9104,8041950,94729825.67,8863414987.55,4929426576.07
2016-02-18,'000055,方大集团,12.0,12.58,11.65,12.58,11.98,0.02,0.1669,4.4344,18667188,222055496.54,9082918860.0,5051504604.0
2016-02-17,'000055,方大集团,11.98,12.49,11.3,11.6,11.78,0.2,1.6978,5.6504,23785728,280875727.19,9067780661.9,5043085429.66
2016-02-16,'000055,方大集团,11.78,11.96,10.9,10.9,10.88,0.9,8.2721,4.4537,18748098,213538539.03,8916398680.9,4958893686.26
2016-02-15,'000055,方大集团,10.88,11.18,10.35,10.51,11.16,-0.28,-2.509,2.6663,11223882,120601712.73,8235179766.4,4580030840.96
2016-02-05,'000055,方大集团,11.16,11.53,10.85,11.18,10.99,0.17,1.5469,4.4631,18787965,209625158.45,8447114539.8,4697899281.72
2016-02-04,'000055,方大集团,10.99,11.0,10.35,10.39,10.0,0.99,9.9,5.3942,22707525,245579818.92,8318439855.95,4626336299.83
2016-02-03,'000055,方大集团,10.0,10.08,9.4,9.66,9.76,0.24,2.459,2.1531,9063821,88091993.6,7569099050.0,4209587170.0
2016-02-02,'000055,方大集团,9.76,9.84,9.33,9.57,9.52,0.24,2.521,1.9138,8056166,78033562.79,7387440672.8,4108557077.92
2016-02-01,'000055,方大集团,9.52,9.8,9.38,9.8,9.66,-0.14,-1.4493,1.3034,5486603,52271429.09,7205782295.6,4007526985.84
2016-01-29,'000055,方大集团,9.66,9.78,9.3,9.5,9.44,0.22,2.3305,2.4862,10466031,100222028.41,7311749682.3,4066461206.22
2016-01-28,'000055,方大集团,9.44,9.44,9.01,9.3,9.6,-0.16,-1.6667,1.7563,7393239,68596236.97,7145229503.2,3973850288.48
2016-01-27,'000055,方大集团,9.6,9.6,8.63,9.23,9.49,0.11,1.1591,2.5264,10635108,97028490.53,7266335088.0,4041203683.2
2016-01-26,'000055,方大集团,9.49,9.84,8.99,9.78,9.99,-0.5,-5.005,3.0238,12729034,119292747.44,7183074998.45,3994898224.33
2016-01-25,'000055,方大集团,9.99,10.15,9.45,10.0,9.92,0.07,0.7056,2.3945,10079889,99512883.15,7561529950.95,4205377582.83
2016-01-22,'000055,方大集团,9.92,10.05,9.4,9.69,9.54,0.38,3.9832,2.3823,10028645,97049538.0,7508546257.6,4175910472.64
2016-01-21,'000055,方大集团,9.54,9.99,9.51,9.63,9.96,-0.42,-4.2169,3.8458,16189235,157352595.5,7220920493.7,4015946160.18
2016-01-20,'000055,方大集团,9.96,10.3,9.93,10.25,10.26,-0.3,-2.924,2.9404,12377911,124825071.56,7538822653.8,4192748821.32
2016-01-19,'000055,方大集团,10.26,10.4,9.87,10.02,9.96,0.3,3.012,3.1004,13051343,131963950.64,7765895625.3,4319036436.42
2016-01-18,'000055,方大集团,9.96,10.35,9.43,9.43,9.96,0.0,0.0,1.9898,8376115,83398741.46,7538822653.8,4192748821.32
2016-01-15,'000055,方大集团,9.96,10.5,9.76,10.2,10.25,-0.29,-2.8293,2.3751,9998283,100622825.07,7538822653.8,4192748821.32
2016-01-14,'000055,方大集团,10.25,10.3,9.2,9.43,9.7,0.55,5.6701,3.4439,14497500,141511623.78,7758326526.25,4314826849.25
2016-01-13,'000055,方大集团,9.7,9.85,9.0,9.83,9.78,-0.08,-0.818,3.4134,14368914,137347485.91,7342026078.5,4083299554.9
2016-01-12,'000055,方大集团,9.78,10.24,9.14,10.23,10.13,-0.35,-3.4551,5.0189,21127670,200336296.49,7402578870.9,4116976252.26
2016-01-11,'000055,方大集团,10.13,11.09,10.13,11.0,11.26,-1.13,-10.0355,3.7197,15658329,163282127.55,7667497337.65,4264311803.21
2016-01-08,'000055,方大集团,11.26,11.81,10.2,11.51,11.22,0.04,0.3565,4.1809,17599706,195025881.11,8522805530.3,4739995153.42
2016-01-07,'000055,方大集团,11.22,12.3,11.22,12.3,12.47,-1.25,-10.0241,0.7026,2957500,34459084.53,8492529134.1,4723156804.74
2016-01-06,'000055,方大集团,12.47,12.5,11.93,12.18,11.93,0.54,4.5264,2.9494,12415759,152491968.74,9438666515.35,5249355200.99
2016-01-05,'000055,方大集团,11.93,12.82,11.65,12.35,12.94,-1.01,-7.8053,4.5662,19221748,232127397.09,9029935166.65,5022037493.81
2016-01-04,'000055,方大集团,12.94,14.58,12.94,14.48,14.38,-1.44,-10.0139,2.6966,11351505,154785012.98,9794414170.7,5447205797.98
2015-12-31,'000055,方大集团,14.38,14.9,14.28,14.28,14.55,-0.17,-1.1684,2.7862,11728815,170444851.93,10884364433.9,6053386350.46
2015-12-30,'000055,方大集团,14.55,14.66,13.92,13.92,13.92,0.63,4.5259,4.087,17204771,247416039.87,11013039117.8,6124949332.35
2015-12-29,'000055,方大集团,13.92,14.13,13.6,13.6,13.73,0.19,1.3838,3.2739,13781714,191344533.11,10536185877.6,5859745340.64
2015-12-28,'000055,方大集团,13.73,14.6,13.73,14.6,14.47,-0.74,-5.114,4.3879,18471274,260297513.0,10392372995.6,5779763184.41
2015-12-25,'000055,方大集团,14.47,14.94,14.37,14.79,14.7,-0.23,-1.5646,3.631,15285014,223159706.48,10952486325.4,6091272634.99
2015-12-24,'000055,方大集团,14.7,15.48,14.15,15.1,14.95,-0.25,-1.6722,5.9679,25122569,368920221.49,11126575603.5,6188093139.9
2015-12-23,'000055,方大集团,14.95,15.63,14.03,14.04,14.3,0.65,4.5455,10.5378,44359588,653615674.62,11315803079.8,6293332819.15
2015-12-22,'000055,方大集团,14.3,14.38,12.9,13.33,13.07,1.23,9.4109,9.4447,39758229,536128867.2,10823811641.5,6019709653.1
2015-12-21,'000055,方大集团,13.07,13.07,11.57,11.57,11.88,1.19,10.0168,8.5725,36086794,460230377.11,9892812458.35,5501930431.19
2015-12-18,'000055,方大集团,11.88,12.28,11.2,11.2,11.16,0.72,6.4516,7.4454,31342214,369663193.18,8992089671.4,5000989557.96
2015-12-17,'000055,方大集团,11.16,11.3,11.0,11.05,10.88,0.28,2.5735,3.3577,14134462,157839270.89,8447114539.8,4697899281.72
2015-12-16,'000055,方大集团,10.88,11.04,10.8,10.94,10.93,-0.05,-0.4575,1.6745,7049059,76998638.07,8235179766.4,4580030840.96
2015-12-15,'000055,方大集团,10.93,11.02,10.82,10.84,10.94,-0.01,-0.0914,1.7433,7338395,80081125.32,8273025261.65,4601078776.81
2015-12-14,'000055,方大集团,10.94,10.96,10.72,10.79,10.8,0.14,1.2963,2.1606,9095208,98665268.66,8280594360.7,4605288363.98
2015-12-11,'000055,方大集团,10.8,11.12,10.63,11.08,11.19,-0.39,-3.4853,2.3612,9939717,107894665.69,8174626974.0,4546354143.6
2015-12-10,'000055,方大集团,11.19,11.42,11.16,11.24,11.23,-0.04,-0.3562,1.8174,7650575,86158113.97,8469821836.95,4710528043.23
2015-12-09,'000055,方大集团,11.23,11.41,10.96,11.08,11.1,0.13,1.1712,2.7685,11654400,130428537.09,8500098233.15,4727366391.91
2015-12-08,'000055,方大集团,11.1,11.3,10.91,11.3,11.32,-0.22,-1.9435,2.0564,8656624,95653589.93,8401699945.5,4672641758.7
2015-12-07,'000055,方大集团,11.32,11.45,11.12,11.24,11.25,0.07,0.6222,1.7242,7258331,81837148.92,8568220124.6,4765252676.44
2015-12-04,'000055,方大集团,11.25,11.44,11.02,11.1,11.01,0.24,2.1798,2.6099,10986428,123832038.99,8515236431.25,4735785566.25
2015-12-03,'000055,方大集团,11.01,11.22,10.8,10.97,10.9,0.11,1.0092,2.3839,10035425,110295829.21,8333578054.05,4634755474.17
2015-12-02,'000055,方大集团,10.9,11.05,10.7,10.98,10.98,-0.08,-0.7286,1.658,6979682,75777573.42,8250317964.5,4588450015.3
2015-12-01,'000055,方大集团,10.98,11.02,10.56,11.0,10.83,0.15,1.385,2.7669,11647658,125704789.26,8310870756.9,4622126712.66
2015-11-30,'000055,方大集团,10.83,11.34,10.12,11.04,11.0,-0.17,-1.5455,4.3779,18429300,200110619.28,8197334271.15,4558982905.11
2015-11-27,'000055,方大集团,11.0,12.38,10.96,12.19,12.18,-1.18,-9.688,4.4627,18786200,219271925.46,8326008955.0,4630545887.0
2015-11-26,'000055,方大集团,12.18,12.55,11.94,12.55,12.43,-0.25,-2.0113,3.5948,15132750,183694544.28,9219162642.9,5127277173.06
2015-11-25,'000055,方大集团,12.43,12.55,12.12,12.38,12.46,-0.03,-0.2408,2.4468,10300132,126875358.7,9408390119.15,5232516852.31
2015-11-24,'000055,方大集团,12.46,12.72,12.08,12.55,12.36,0.1,0.8091,4.3208,18188825,226637361.76,9431097416.3,5245145613.82
2015-11-23,'000055,方大集团,0.0,0.0,0.0,0.0,12.36,None,None,0.0,0,0.0,9355406425.8,5203049742.12
2015-11-20,'000055,方大集团,0.0,0.0,0.0,0.0,12.36,None,None,0.0,0,0.0,9355406425.8,5203049742.12
2015-11-19,'000055,方大集团,12.36,12.49,11.96,12.22,12.3,0.06,0.4878,2.6701,11240029,137873222.7,9355406425.8,5203049742.12
2015-11-18,'000055,方大集团,12.3,12.86,12.16,12.45,12.56,-0.26,-2.0701,3.4358,14463290,181195636.68,9309991831.5,5177792219.1
2015-11-17,'000055,方大集团,12.56,12.94,12.42,12.78,12.74,-0.18,-1.4129,3.2553,13703274,172992103.18,9506788406.8,5287241485.52
2015-11-16,'000055,方大集团,12.74,12.74,11.99,12.15,12.38,0.36,2.9079,4.5234,19041535,236449688.8,9643032189.7,5363014054.58
2015-11-13,'000055,方大集团,12.38,12.67,11.41,11.41,11.56,0.82,7.0934,7.0239,29567730,358550946.75,9370544623.9,5211468916.46
2015-11-12,'000055,方大集团,11.56,11.77,11.18,11.46,11.58,-0.02,-0.1727,5.1922,21857024,252234577.5,8749878501.8,4866282768.52
2015-11-11,'000055,方大集团,11.58,11.6,10.91,11.56,11.57,0.01,0.0864,7.7159,32480855,364467507.18,8765016699.9,4874701942.86
2015-11-10,'000055,方大集团,11.57,11.79,11.36,11.57,11.82,-0.25,-2.1151,7.1484,30091660,348734504.27,8757447600.85,4870492355.69
2015-11-09,'000055,方大集团,11.82,12.08,11.56,11.68,11.91,-0.09,-0.7557,5.6353,23722122,278769635.64,8946675077.1,4975732034.94
2015-11-06,'000055,方大集团,11.91,11.95,11.32,11.43,11.43,0.48,4.1995,3.915,16480520,194223066.44,9014796968.55,5013618319.47
2015-11-05,'000055,方大集团,11.43,11.78,11.0,11.34,11.38,0.05,0.4394,5.4812,23073678,261620247.07,8651480214.15,4811558135.31
2015-11-04,'000055,方大集团,11.38,11.5,10.7,10.7,10.68,0.7,6.5543,5.6922,23961743,268327959.03,8613634718.9,4790510199.46
2015-11-03,'000055,方大集团,10.68,10.76,10.04,10.04,10.17,0.51,5.0147,4.6962,19768960,207069785.33,8083797785.4,4495839097.56
2015-11-02,'000055,方大集团,10.17,10.96,10.1,10.43,10.74,-0.57,-5.3073,6.5415,27537037,290859404.36,7697773733.85,4281150151.89
2015-10-30,'000055,方大集团,10.74,10.98,9.83,10.0,10.0,0.74,7.4,8.2653,34793706,365754223.6,8129212379.7,4521096620.58
2015-10-29,'000055,方大集团,10.0,10.5,9.55,9.78,9.8,0.2,2.0408,6.4331,27080494,269966544.32,7569099050.0,4209587170.0
2015-10-28,'000055,方大集团,9.8,10.11,9.14,9.22,9.3,0.5,5.3763,8.6559,36437767,356029482.01,7417717069.0,4125395426.6
2015-10-27,'000055,方大集团,9.3,9.6,8.52,8.7,8.76,0.54,6.1644,6.0923,25646169,232654733.41,7039262116.5,3914916068.1
2015-10-26,'000055,方大集团,8.76,9.05,8.6,9.02,8.83,-0.07,-0.7928,4.1638,17528068,153940942.88,6630530767.8,3687598360.92
2015-10-23,'000055,方大集团,8.83,8.9,8.31,8.4,8.3,0.53,6.3855,5.5186,23230852,201439338.56,6683514461.15,3717065471.11
2015-10-22,'000055,方大集团,8.3,8.35,7.55,7.55,7.67,0.63,8.2138,5.6314,23706041,190418722.05,6282352211.5,3493957351.1
2015-10-21,'000055,方大集团,7.67,8.47,7.54,8.36,8.36,-0.69,-8.2536,4.4779,18850145,152781659.24,5805498971.35,3228753359.39
2015-10-20,'000055,方大集团,8.36,8.38,8.13,8.31,8.22,0.14,1.7032,3.6996,15573808,128708826.86,6327766805.8,3519214874.12
2015-10-19,'000055,方大集团,8.22,8.35,8.06,8.15,8.11,0.11,1.3564,3.8977,16407547,134512199.18,6221799419.1,3460280653.74
2015-10-16,'000055,方大集团,8.11,8.14,7.9,8.09,7.99,0.12,1.5019,3.4465,14508352,116332049.24,6138539329.55,3413975194.87
2015-10-15,'000055,方大集团,7.99,8.05,7.68,7.7,7.79,0.2,2.5674,2.9689,12497769,99168683.43,6047710140.95,3363460148.83
2015-10-14,'000055,方大集团,7.79,8.0,7.77,7.9,8.06,-0.27,-3.3499,3.7945,15973290,125734408.26,5896328159.95,3279268405.43
2015-10-13,'000055,方大集团,8.06,8.36,7.8,7.88,7.6,0.46,6.0526,7.0829,29816099,241671044.2,6100693834.3,3392927259.02
2015-10-12,'000055,方大集团,7.6,7.66,7.21,7.25,7.2,0.4,5.5556,3.093,13020377,97417125.94,5752515278.0,3199286249.2
2015-10-09,'000055,方大集团,7.2,7.25,7.02,7.11,7.11,0.09,1.2658,2.2566,9499254,67910312.54,5449751316.0,3030902762.4
2015-10-08,'000055,方大集团,7.11,7.16,6.95,7.02,6.8,0.31,4.5588,1.9669,8279828,58470787.07,5381629424.55,2993016477.87
2015-09-30,'000055,方大集团,6.8,6.83,6.7,6.8,6.72,0.08,1.1905,1.1024,4640613,31407519.2,5146987354.0,2862519275.6
2015-09-29,'000055,方大集团,6.72,6.74,6.59,6.68,6.77,-0.05,-0.7386,1.4483,6096799,40631940.33,5086434561.6,2828842578.24
2015-09-28,'000055,方大集团,6.77,6.8,6.61,6.7,6.66,0.11,1.6517,1.7562,7393069,49933854.52,5124280056.85,2849890514.09
2015-09-25,'000055,方大集团,6.66,7.07,6.65,7.05,7.07,-0.41,-5.7992,3.3009,13895362,94794035.11,5041019967.3,2803585055.22
2015-09-24,'000055,方大集团,7.07,7.09,6.85,6.88,6.87,0.2,2.9112,3.4126,14365509,100569512.69,5351353028.35,2976178129.19
2015-09-23,'000055,方大集团,6.87,7.08,6.81,6.87,6.99,-0.12,-1.7167,2.2533,9485257,65644860.89,5199971047.35,2891986385.79
2015-09-22,'000055,方大集团,6.99,7.1,6.82,6.85,6.85,0.14,2.0438,3.6223,15248231,106023938.69,5290800235.95,2942501431.83
2015-09-21,'000055,方大集团,6.85,6.88,6.41,6.48,6.61,0.24,3.6309,2.7613,11624090,77876673.44,5184832849.25,2883567211.45
2015-09-18,'000055,方大集团,6.61,6.67,6.43,6.52,6.47,0.14,2.1638,1.8733,7885775,51767907.64,5003174472.05,2782537119.37
2015-09-17,'000055,方大集团,6.47,6.83,6.42,6.49,6.46,0.01,0.1548,3.4383,14473758,96242574.45,4897207085.35,2723602898.99
2015-09-16,'000055,方大集团,6.46,6.5,5.94,6.0,5.91,0.55,9.3063,2.2129,9315576,57875810.13,4889637986.3,2719393311.82
2015-09-15,'000055,方大集团,5.91,6.26,5.86,6.08,6.33,-0.42,-6.6351,2.3079,9715301,59025433.34,4473337538.55,2487866017.47
2015-09-14,'000055,方大集团,6.33,7.14,6.33,7.05,7.03,-0.7,-9.9573,3.4851,14670660,98843741.12,4791239698.65,2664668678.61
2015-09-11,'000055,方大集团,7.03,7.04,6.81,6.81,6.92,0.11,1.5896,1.9676,8282947,57599108.85,5321076632.15,2959339780.51
2015-09-10,'000055,方大集团,6.92,7.03,6.8,6.95,6.98,-0.06,-0.8596,2.3304,9810136,68077774.82,5237816542.6,2913034321.64
2015-09-09,'000055,方大集团,6.98,7.19,6.71,6.78,6.7,0.28,4.1791,3.9707,16715171,116331688.17,5283231136.9,2938291844.66
2015-09-08,'000055,方大集团,6.7,6.75,6.05,6.17,6.17,0.53,8.59,3.2361,13622603,86818061.72,5071296363.5,2820423403.9
2015-09-07,'000055,方大集团,6.17,6.39,6.07,6.07,5.92,0.25,4.223,2.5281,10642319,66422963.9,4670134113.85,2597315283.89
2015-09-02,'000055,方大集团,5.92,6.43,5.83,5.9,6.21,-0.29,-4.6699,2.8299,11912712,72872640.84,4480906637.6,2492075604.64
2015-09-01,'000055,方大集团,6.21,6.95,6.21,6.92,6.9,-0.69,-10.0,3.9806,16756757,107188120.62,4700410510.05,2614153632.57
2015-08-31,'000055,方大集团,6.9,7.47,6.86,7.45,7.53,-0.63,-8.3665,3.174,13361265,95413675.99,5222678344.5,2904615147.3
2015-08-28,'000055,方大集团,7.53,7.59,6.9,7.06,6.96,0.57,8.1897,3.7514,15791673,113752436.92,5699531584.65,3169819139.01
2015-08-27,'000055,方大集团,6.96,7.01,6.31,6.89,6.75,0.21,3.1111,3.4102,14355716,97611600.49,5268092938.8,2929872670.32
2015-08-26,'000055,方大集团,6.75,7.64,6.75,7.4,7.5,-0.75,-10.0,6.2666,26379871,187462613.05,5109141858.75,2841471339.75
2015-08-25,'000055,方大集团,7.5,7.78,7.5,7.5,8.33,-0.83,-9.964,3.1552,13281890,99732962.91,5676824287.5,3157190377.5
2015-08-24,'000055,方大集团,8.33,9.18,8.33,8.85,9.26,-0.93,-10.0432,2.1698,9133950,76954186.69,6305059508.65,3506586112.61
2015-08-21,'000055,方大集团,9.26,9.94,9.19,9.69,9.98,-0.72,-7.2144,2.2166,9331019,88925090.42,7008985720.3,3898077719.42
2015-08-20,'000055,方大集团,9.98,10.48,9.92,10.14,10.3,-0.32,-3.1068,2.5557,10758521,109182873.41,7553960851.9,4201167995.66
2015-08-19,'000055,方大集团,10.3,10.45,9.21,9.7,9.97,0.33,3.3099,4.2399,17848277,175139815.19,7796172021.5,4335874785.1
2015-08-18,'000055,方大集团,9.97,11.07,9.97,11.05,11.08,-1.11,-10.0181,6.8809,28965794,306171507.15,7546391752.85,4196958408.49
2015-08-17,'000055,方大集团,11.08,11.12,10.47,10.57,10.57,0.51,4.825,5.9171,24908643,268745191.76,8386561747.4,4664222584.36
2015-08-14,'000055,方大集团,10.57,10.59,10.3,10.42,10.42,0.15,1.4395,6.4198,27024841,283043370.3,8000537695.85,4449533638.69
2015-08-13,'000055,方大集团,10.42,10.42,9.98,10.0,10.08,0.34,3.373,5.0126,21100851,215348711.16,7887001210.1,4386389831.14
2015-08-12,'000055,方大集团,10.08,10.35,10.05,10.15,10.34,-0.26,-2.5145,2.9466,12403768,126267862.6,7629651842.4,4243263867.36
2015-08-11,'000055,方大集团,10.34,10.62,10.19,10.35,10.45,-0.11,-1.0526,5.1293,21592205,225127580.94,7826448417.7,4352713133.78
2015-08-10,'000055,方大集团,10.45,10.61,9.62,9.72,9.71,0.74,7.621,5.7766,24316909,244641498.53,7909708507.25,4399018592.65
2015-08-07,'000055,方大集团,9.71,9.99,9.5,9.5,9.27,0.44,4.7465,5.4608,22987877,223521227.73,7349595177.55,4087509142.07
2015-08-06,'000055,方大集团,9.27,9.42,8.9,9.1,9.26,0.01,0.108,2.8279,11904217,109975043.38,7016554819.35,3902287306.59
2015-08-05,'000055,方大集团,9.26,9.6,9.1,9.24,9.24,0.02,0.2165,3.8669,16278241,152515909.02,7008985720.3,3898077719.42
2015-08-04,'000055,方大集团,9.24,9.25,8.5,8.6,8.49,0.75,8.8339,3.2581,13715376,122469446.84,6993847522.2,3889658545.08
2015-08-03,'000055,方大集团,8.49,9.1,8.27,9.04,9.04,-0.55,-6.0841,3.1945,13447632,116346372.71,6426165093.45,3573939507.33
2015-07-31,'000055,方大集团,9.04,9.2,8.85,8.95,9.06,-0.02,-0.2208,2.6799,11281396,101749576.25,6842465541.2,3805466801.68
2015-07-30,'000055,方大集团,9.06,9.72,9.0,9.5,9.58,-0.52,-5.428,3.7279,15692923,149063964.36,6857603739.3,3813885976.02
2015-07-29,'000055,方大集团,9.58,9.61,8.8,9.1,8.98,0.6,6.6815,3.9076,16449200,150134462.83,7251196889.9,4032784508.86
2015-07-28,'000055,方大集团,8.98,9.8,8.92,9.1,9.91,-0.93,-9.3845,6.0762,25578353,233226452.48,6797050946.9,3780209278.66
2015-07-27,'000055,方大集团,9.91,10.99,9.91,10.7,11.01,-1.1,-9.9909,4.407,18551817,194134768.08,7500977158.55,4171700885.47
2015-07-24,'000055,方大集团,11.01,11.57,10.87,11.42,11.43,-0.42,-3.6745,5.8582,24660751,279616360.41,8333578054.05,4634755474.17
2015-07-23,'000055,方大集团,11.43,11.45,10.99,11.08,11.08,0.35,3.1588,4.9415,20801803,234417106.27,8651480214.15,4811558135.31
2015-07-22,'000055,方大集团,11.08,11.32,10.67,11.15,11.35,-0.27,-2.3789,4.82,20290273,223710112.25,8386561747.4,4664222584.36
2015-07-21,'000055,方大集团,11.35,11.47,10.6,10.9,10.81,0.54,4.9954,5.2546,22119495,246372672.91,8590927421.75,4777881437.95
2015-07-20,'000055,方大集团,10.81,11.09,10.39,10.62,10.62,0.19,1.7891,4.5453,19133744,205618844.44,8182196073.05,4550563730.77
2015-07-17,'000055,方大集团,10.62,10.82,9.81,9.84,9.9,0.72,7.2727,4.1687,17548476,180792927.82,8038383191.1,4470581574.54
2015-07-16,'000055,方大集团,9.9,10.52,9.15,9.33,10.17,-0.27,-2.6549,4.8957,20608963,203002097.65,7493408059.5,4167491298.3
2015-07-15,'000055,方大集团,10.17,11.99,10.17,11.99,11.3,-1.13,-10.0,6.3765,26842627,284006104.49,7697773733.85,4281150151.89
2015-07-14,'000055,方大集团,11.3,11.3,11.3,11.3,10.27,1.03,10.0292,0.1677,705984,7977619.2,8553081926.5,4756833502.1
2015-07-13,'000055,方大集团,10.27,10.27,10.27,10.27,9.34,0.93,9.9572,0.344,1448185,14872859.95,7773464724.35,4323246023.59
2015-07-10,'000055,方大集团,0.0,0.0,0.0,0.0,9.34,None,None,0.0,0,0.0,7069538512.7,3931754416.78
2015-07-09,'000055,方大集团,0.0,0.0,0.0,0.0,9.34,None,None,0.0,0,0.0,7069538512.7,3931754416.78
2015-07-08,'000055,方大集团,0.0,0.0,0.0,0.0,9.34,None,None,0.0,0,0.0,7069538512.7,3931754416.78
2015-07-07,'000055,方大集团,0.0,0.0,0.0,0.0,9.34,None,None,0.0,0,0.0,7069538512.7,3931754416.78
2015-07-06,'000055,方大集团,9.34,10.18,8.8,10.18,9.28,0.06,0.6466,2.4998,10523253,101094568.23,7069538512.7,3931754416.78
2015-07-03,'000055,方大集团,9.28,10.28,9.28,9.49,10.31,-1.03,-9.9903,6.1419,25854782,242709274.72,7024123918.4,3906496893.76
2015-07-02,'000055,方大集团,10.31,11.75,10.31,11.1,11.45,-1.14,-9.9563,9.7684,41121056,428700801.77,7803741120.55,4340084372.27
2015-07-01,'000055,方大集团,11.45,12.99,11.34,12.51,12.6,-1.15,-9.127,4.7019,19793229,243414234.4,8666618412.25,4819977309.65
2015-06-30,'000055,方大集团,12.6,12.98,10.74,11.21,11.93,0.67,5.6161,7.3217,30821310,351662430.88,9537064803.0,5304079834.2
2015-06-29,'000055,方大集团,11.93,13.79,11.93,13.5,13.25,-1.32,-9.9623,3.9541,16645243,204238464.75,9029935166.65,5022037493.81
2015-06-26,'000055,方大集团,13.25,14.3,13.25,14.3,14.72,-1.47,-9.9864,3.0273,12743603,172549824.18,10029056241.2,5577703000.25
2015-06-25,'000055,方大集团,14.72,15.95,14.2,15.78,15.75,-1.03,-6.5397,3.056,12864663,195397458.39,11141713801.6,6196512314.24
2015-06-24,'000055,方大集团,15.75,16.08,14.86,15.75,15.62,0.13,0.8323,3.5656,15009655,234071161.6,11921331003.8,6630099792.75
2015-06-23,'000055,方大集团,15.62,16.61,14.67,16.45,16.3,-0.68,-4.1718,4.1585,17505648,268273070.72,11822932716.1,6575375159.54
2015-06-19,'000055,方大集团,16.3,17.05,15.59,16.0,17.32,-1.02,-5.8891,4.4154,18587136,304765093.37,12337631451.5,6861627087.1
2015-06-18,'000055,方大集团,17.32,17.9,16.8,17.9,18.05,-0.73,-4.0443,3.1827,13397723,235110283.63,13109679554.6,7291004978.44
2015-06-17,'000055,方大集团,18.05,18.99,16.88,18.56,18.5,-0.45,-2.4324,4.4732,18830187,333603549.29,13662223785.2,7598304841.85
2015-06-16,'000055,方大集团,18.5,19.33,18.01,18.8,18.5,0.0,0.0,6.2252,26205330,492312323.55,14002833242.5,7787736264.5
2015-06-15,'000055,方大集团,18.5,19.11,17.8,17.99,18.15,0.35,1.9284,6.7457,28396705,528433437.24,14002833242.5,7787736264.5
2015-06-12,'000055,方大集团,18.15,18.25,16.86,16.92,16.92,1.23,7.2695,6.8755,28943108,504634286.88,13737914775.8,7640400713.55
2015-06-11,'000055,方大集团,16.92,17.18,16.71,17.18,17.18,-0.26,-1.5134,3.8605,16251297,274925517.26,12806915592.6,7122621491.64
2015-06-10,'000055,方大集团,17.18,17.41,16.52,17.07,16.94,0.24,1.4168,3.8355,16145824,276518215.07,13003712167.9,7232070758.06
2015-06-09,'000055,方大集团,16.94,17.15,16.58,16.81,16.8,0.14,0.8333,3.3952,14292307,240904298.2,12822053790.7,7131040665.98
2015-06-08,'000055,方大集团,16.8,17.75,16.74,17.52,17.53,-0.73,-4.1643,4.4269,18635613,317661049.36,12716086404.0,7072106445.6
2015-06-05,'000055,方大集团,17.53,17.8,16.99,17.54,16.99,0.54,3.1783,4.5619,19203619,333685185.17,13268630634.6,7379406309.01
2015-06-04,'000055,方大集团,17.02,17.5,15.89,17.3,17.24,-0.22,-1.2761,3.9781,16745989,279078803.54,12882606583.1,7164717363.34
2015-06-03,'000055,方大集团,17.24,18.21,16.8,18.03,17.68,-0.44,-2.4887,3.7519,15793883,275573078.75,13049126762.2,7257328281.08
2015-06-02,'000055,方大集团,17.68,17.97,17.1,17.1,16.84,0.84,4.9881,5.1012,21473955,377347369.82,13382167120.4,7442550116.56
2015-06-01,'000055,方大集团,16.84,16.91,15.4,15.4,15.37,1.47,9.5641,3.6616,15413645,252550422.01,12746362800.2,7088944794.28
2015-05-29,'000055,方大集团,15.37,16.28,14.4,15.9,15.87,-0.5,-3.1506,4.0114,16886498,261863684.04,11633705239.9,6470135480.29
2015-05-28,'000055,方大集团,15.87,17.77,15.87,17.77,17.63,-1.76,-9.983,4.2313,17812150,302365512.51,12012160192.4,6680614838.79
2015-05-27,'000055,方大集团,17.63,17.99,17.2,17.8,17.8,-0.17,-0.9551,3.0363,12781774,224652948.18,13344321625.1,7421502180.71
2015-05-26,'000055,方大集团,17.8,17.9,16.92,17.41,17.41,0.39,2.2401,4.411,18568655,324459910.1,13472996309.0,7493065162.6
2015-05-25,'000055,方大集团,17.41,17.63,16.5,16.61,16.99,0.42,2.472,3.4473,14511783,251447473.61,13177801446.0,7328891262.97
2015-05-22,'000055,方大集团,16.99,17.08,16.3,17.08,17.0,-0.01,-0.0588,4.9273,20741842,347179194.39,12859899286.0,7152088601.83
2015-05-21,'000055,方大集团,17.0,17.36,16.6,16.91,16.95,0.05,0.295,4.3444,18288324,309092963.24,12867468385.0,7156298189.0
2015-05-20,'000055,方大集团,16.95,17.4,15.6,16.02,16.02,0.93,5.8052,4.9201,20711581,344310941.23,12829622889.8,7135250253.15
2015-05-19,'000055,方大集团,16.02,16.12,14.7,14.7,14.68,1.34,9.1281,5.672,23876837,366037239.68,12125696678.1,6743758646.34
2015-05-18,'000055,方大集团,14.68,15.68,14.51,15.2,15.09,-0.41,-2.717,5.0055,21071012,320754198.24,11111437405.4,6179673965.56
2015-05-15,'000055,方大集团,15.09,15.32,14.75,15.01,15.01,0.08,0.533,3.1197,13132664,197776336.45,11421770466.5,6352267039.53
2015-05-14,'000055,方大集团,15.01,15.15,14.7,14.88,14.98,0.03,0.2003,3.7109,15621218,233844272.41,11361217674.0,6318590342.17
2015-05-13,'000055,方大集团,14.98,15.35,14.3,14.66,14.73,0.25,1.6972,5.7736,24304315,366626567.5,11338510376.9,6305961580.66
2015-05-12,'000055,方大集团,14.73,15.36,13.66,14.0,14.0,0.73,5.2143,6.0008,25260706,361767994.82,11149282900.6,6200721901.41
2015-05-11,'000055,方大集团,14.0,14.07,13.61,13.62,13.4,0.6,4.4776,3.9342,16561383,230046793.68,10596738670.0,5893422038.0
2015-05-08,'000055,方大集团,13.4,13.41,12.5,12.5,12.44,0.96,7.717,3.0364,12782015,165344683.48,10142592727.0,5640846807.8
2015-05-07,'000055,方大集团,12.44,13.5,12.38,13.32,13.39,-0.95,-7.0948,2.2048,9281235,119329870.81,9415959218.2,5236726439.48
2015-05-06,'000055,方大集团,13.39,13.75,12.99,13.24,13.22,0.17,1.2859,3.4388,14475959,195135683.12,10135023628.0,5636637220.63
2015-05-05,'000055,方大集团,13.22,14.2,13.14,13.8,13.7,-0.48,-3.5036,4.6236,19463493,267732107.5,10006348944.1,5565074238.74
2015-05-04,'000055,方大集团,13.7,13.78,13.02,13.02,13.02,0.68,5.2227,4.0786,17169164,232614743.19,10369665698.5,5767134422.9
2015-04-30,'000055,方大集团,13.02,13.45,12.98,13.23,13.14,-0.12,-0.9132,2.9995,12626599,165723845.98,9854966963.1,5480882495.34
2015-04-29,'000055,方大集团,13.14,13.58,12.98,13.05,13.29,-0.15,-1.1287,3.4542,14540722,191908338.38,9945796151.7,5531397541.38
2015-04-28,'000055,方大集团,13.29,13.9,13.16,13.9,13.95,-0.66,-4.7312,3.1132,13105131,175551038.07,10059332637.5,5594541348.93
2015-04-27,'000055,方大集团,13.95,14.36,13.52,13.91,13.91,0.04,0.2876,4.092,17225763,238328990.83,10558893174.8,5872374102.15
2015-04-24,'000055,方大集团,13.91,14.42,13.23,13.5,13.81,0.1,0.7241,6.0229,25353809,353711551.66,10528616778.5,5855535753.47
2015-04-23,'000055,方大集团,13.81,13.83,12.62,12.62,12.62,1.19,9.4295,7.9276,33371863,447611787.63,10452925788.0,5813439881.77
2015-04-22,'000055,方大集团,12.62,12.75,12.43,12.44,12.43,0.19,1.5286,3.2092,13509228,170225112.98,9552203001.1,5312499008.54
2015-04-21,'000055,方大集团,12.43,12.48,12.14,12.14,12.14,0.29,2.3888,3.1027,13061243,160954692.4,9408390119.15,5232516852.31
2015-04-20,'000055,方大集团,12.14,12.99,12.01,12.85,13.05,-0.91,-6.9732,6.4912,27325152,340831428.8,9188886246.7,5110438824.38
2015-04-17,'000055,方大集团,13.05,13.2,12.65,12.92,12.89,0.16,1.2413,5.7138,24052721,312598602.03,9877674260.25,5493511256.85
2015-04-16,'000055,方大集团,12.89,13.13,12.2,12.4,12.65,0.24,1.8972,4.932,20761706,266016513.17,9756568675.45,5426157862.13
2015-04-15,'000055,方大集团,12.65,13.58,12.65,13.3,13.32,-0.67,-5.03,6.5305,27490721,359284203.79,9574910298.25,5325127770.05
2015-04-14,'000055,方大集团,13.32,13.43,12.1,12.26,12.25,1.07,8.7347,7.6523,32213017,417023094.57,10082039934.6,5607170110.44
2015-04-13,'000055,方大集团,12.25,12.33,11.73,11.8,11.73,0.52,4.4331,7.4262,31261107,376479366.14,9272146336.25,5156744283.25
2015-04-10,'000055,方大集团,11.73,11.86,10.9,10.92,11.05,0.68,6.1538,5.8557,24650008,282141334.61,8878553185.65,4937845750.41
2015-04-09,'000055,方大集团,11.05,11.55,10.73,11.35,11.45,-0.4,-3.4934,5.3196,22393396,248488769.34,8363854450.25,4651593822.85
2015-04-08,'000055,方大集团,11.45,11.83,11.28,11.83,11.84,-0.39,-3.2939,5.5605,23407248,269799080.16,8666618412.25,4819977309.65
2015-04-07,'000055,方大集团,11.84,11.99,11.18,11.32,11.24,0.6,5.3381,6.0326,25394919,293969168.25,8961813275.2,4984151209.28
2015-04-03,'000055,方大集团,11.24,11.48,11.1,11.2,11.25,-0.01,-0.0889,4.2947,18078791,204181389.35,8507667332.2,4731575979.08
2015-04-02,'000055,方大集团,11.25,11.3,11.03,11.26,11.24,0.01,0.089,4.7508,19999017,222642285.19,8515236431.25,4735785566.25
2015-04-01,'000055,方大集团,11.24,11.29,10.82,10.95,10.99,0.25,2.2748,5.0461,21241938,236184769.72,8507667332.2,4731575979.08
2015-03-31,'000055,方大集团,10.99,11.19,10.63,10.69,10.69,0.3,2.8064,7.9859,33617435,366634524.94,8318439855.95,4626336299.83
2015-03-30,'000055,方大集团,10.69,10.8,10.57,10.57,10.57,0.12,1.1353,5.9021,24845270,265244900.41,8091366884.45,4500048684.73
2015-03-27,'000055,方大集团,10.57,10.7,10.52,10.66,10.57,0.0,0.0,4.8037,20221624,213977635.27,8000537695.85,4449533638.69
2015-03-26,'000055,方大集团,10.57,10.71,10.35,10.47,10.55,0.02,0.1896,3.6236,15253995,161151228.84,8000537695.85,4449533638.69
2015-03-25,'000055,方大集团,10.55,10.67,10.42,10.51,10.57,-0.02,-0.1892,3.0681,12915587,136318462.62,7985399497.75,4441114464.35
2015-03-24,'000055,方大集团,10.57,10.81,10.35,10.8,10.8,-0.23,-2.1296,4.0208,16925899,179198072.84,8000537695.85,4449533638.69
2015-03-23,'000055,方大集团,10.8,10.84,10.5,10.69,10.67,0.13,1.2184,5.2549,22120844,235957180.94,8174626974.0,4546354143.6
2015-03-20,'000055,方大集团,10.67,10.87,10.48,10.63,10.61,0.06,0.5655,4.1544,17488372,185807491.42,8076228686.35,4491629510.39
2015-03-19,'000055,方大集团,10.61,10.8,10.11,10.18,10.15,0.46,4.532,5.4857,23092638,242591687.89,8030814092.05,4466371987.37
2015-03-18,'000055,方大集团,10.15,10.19,10.01,10.03,10.08,0.07,0.6944,4.1282,17377848,175299007.65,7682635535.75,4272730977.55
2015-03-17,'000055,方大集团,10.08,10.16,9.88,9.88,9.9,0.18,1.8182,4.1786,17590098,176384673.23,7629651842.4,4243263867.36
2015-03-16,'000055,方大集团,9.9,9.9,9.59,9.59,9.57,0.33,3.4483,3.5248,14837851,145139478.61,7493408059.5,4167491298.3
2015-03-13,'000055,方大集团,9.57,9.59,9.44,9.51,9.49,0.08,0.843,1.5252,6420615,61113265.1,7243627790.85,4028574921.69
2015-03-12,'000055,方大集团,9.49,9.83,9.4,9.65,9.66,-0.17,-1.7598,2.7238,11465877,109926766.77,7183074998.45,3994898224.33
2015-03-11,'000055,方大集团,9.66,9.86,9.64,9.74,9.7,-0.04,-0.4124,2.9197,12290647,119665935.28,7311749682.3,4066461206.22
2015-03-10,'000055,方大集团,9.7,9.7,9.36,9.4,9.4,0.3,3.1915,3.502,14741808,141454200.49,7342026078.5,4083299554.9
2015-03-09,'000055,方大集团,9.4,9.43,9.23,9.39,9.43,-0.03,-0.3181,1.9655,8274054,77121233.97,7114953107.0,3957011939.8
2015-03-06,'000055,方大集团,9.43,9.65,9.39,9.56,9.55,-0.12,-1.2565,1.6008,6738799,63957802.12,7137660404.15,3969640701.31
2015-03-05,'000055,方大集团,9.55,9.72,9.5,9.61,9.64,-0.09,-0.9336,1.9321,8133354,77921770.24,7228489592.75,4020155747.35
2015-03-04,'000055,方大集团,9.64,9.68,9.35,9.37,9.41,0.23,2.4442,2.3935,10075479,96312281.79,7296611484.2,4058042031.88
2015-03-03,'000055,方大集团,9.41,9.56,9.31,9.46,9.45,-0.04,-0.4233,2.406,10128191,95713354.5,7122522206.05,3961221526.97
2015-03-02,'000055,方大集团,9.45,9.57,9.38,9.38,9.35,0.1,1.0695,2.2125,9313521,88113049.48,7152798602.25,3978059875.65
2015-02-27,'000055,方大集团,9.35,9.42,9.23,9.23,9.22,0.13,1.41,1.9458,8190829,76527376.3,7077107611.75,3935964003.95
2015-02-26,'000055,方大集团,9.22,9.24,9.15,9.17,9.15,0.07,0.765,1.0328,4347736,39988091.2,6978709324.1,3881239370.74
2015-02-25,'000055,方大集团,9.15,9.28,9.08,9.25,9.26,-0.11,-1.1879,0.9729,4095586,37522165.81,6925725630.75,3851772260.55
2015-02-17,'000055,方大集团,9.26,9.29,9.16,9.18,9.18,0.08,0.8715,1.126,4739955,43718405.75,7008985720.3,3898077719.42
2015-02-16,'000055,方大集团,9.18,9.24,9.03,9.05,9.05,0.13,1.4365,1.2385,5213746,47638941.38,6948432927.9,3864401022.06
2015-02-13,'000055,方大集团,9.05,9.11,8.94,8.94,8.94,0.11,1.2304,1.3655,5748165,52031199.2,6850034640.25,3809676388.85
2015-02-12,'000055,方大集团,8.94,9.07,8.87,9.05,9.11,-0.17,-1.8661,2.2474,9460666,84534749.45,6766774550.7,3763370929.98
2015-02-11,'000055,方大集团,9.11,9.15,8.67,8.75,8.75,0.36,4.1143,1.8088,7614375,67279931.78,6895449234.55,3834933911.87
2015-02-10,'000055,方大集团,8.75,8.89,8.66,8.8,8.81,-0.06,-0.681,0.9177,3863303,33901542.69,6622961668.75,3683388773.75
2015-02-09,'000055,方大集团,8.81,8.9,8.77,8.85,8.76,0.05,0.5708,1.0838,4562146,40233504.93,6668376263.05,3708646296.77
2015-02-06,'000055,方大集团,8.76,8.88,8.6,8.86,8.8,-0.04,-0.4545,2.1327,8977700,78380528.65,6630530767.8,3687598360.92
2015-02-05,'000055,方大集团,8.8,9.22,8.74,9.18,9.15,-0.35,-3.8251,3.4847,14669071,131909956.72,6660807164.0,3704436709.6
2015-02-04,'000055,方大集团,9.15,9.28,9.13,9.25,9.25,-0.1,-1.0811,1.5784,6644290,60876948.39,6925725630.75,3851772260.55
2015-02-03,'000055,方大集团,9.25,9.38,9.1,9.2,9.23,0.02,0.2167,1.9235,8097108,74514622.72,7001416621.25,3893868132.25
2015-02-02,'000055,方大集团,9.23,9.44,9.23,9.43,9.44,-0.21,-2.2246,0.947,3986616,37070815.4,6986278423.15,3885448957.91
2015-01-30,'000055,方大集团,9.44,9.69,9.43,9.62,9.64,-0.2,-2.0747,1.1534,4855493,46169260.33,7145229503.2,3973850288.48
2015-01-29,'000055,方大集团,9.64,9.8,9.61,9.8,9.86,-0.22,-2.2312,1.2518,5269441,51133802.32,7296611484.2,4058042031.88
2015-01-28,'000055,方大集团,9.86,9.98,9.67,9.67,9.78,0.08,0.818,2.756,11601472,114660135.57,7463131663.3,4150652949.62
2015-01-27,'000055,方大集团,9.78,9.78,9.39,9.39,9.43,0.35,3.7116,3.0504,12840913,123873370.59,7402578870.9,4116976252.26
2015-01-26,'000055,方大集团,9.43,9.45,9.32,9.39,9.39,0.04,0.426,1.5834,6665484,62575618.88,7137660404.15,3969640701.31
2015-01-23,'000055,方大集团,9.39,9.47,9.29,9.38,9.41,-0.02,-0.2125,2.5095,10563762,98895356.01,7107384007.95,3952802352.63
2015-01-22,'000055,方大集团,9.41,9.45,9.29,9.45,9.42,-0.01,-0.1062,2.2367,9415528,87987827.19,7122522206.05,3961221526.97
2015-01-21,'000055,方大集团,9.42,9.47,9.14,9.27,9.13,0.29,3.1763,1.3096,5512871,51692684.7,7130091305.1,3965431114.14
2015-01-20,'000055,方大集团,9.13,9.3,8.98,9.09,9.0,0.13,1.4444,1.8114,7625333,69403700.38,6910587432.65,3843353086.21
2015-01-19,'000055,方大集团,9.0,9.56,8.85,9.56,9.56,-0.56,-5.8577,2.0948,8818230,81056845.71,6812189145.0,3788628453.0
2015-01-16,'000055,方大集团,9.56,9.7,9.51,9.65,9.65,-0.09,-0.9326,1.7939,7551674,72321239.0,7236058691.8,4024365334.52
2015-01-15,'000055,方大集团,9.65,9.8,9.58,9.63,9.64,0.01,0.1037,0.7862,3309536,31997572.39,7304180583.25,4062251619.05
2015-01-14,'000055,方大集团,9.64,9.82,9.62,9.82,9.72,-0.08,-0.823,0.6294,2649645,25690880.87,7296611484.2,4058042031.88
2015-01-13,'000055,方大集团,9.72,9.82,9.6,9.6,9.62,0.1,1.0395,0.9319,3922834,38029791.68,7357164276.6,4091718729.24
2015-01-12,'000055,方大集团,9.62,9.91,9.59,9.85,9.85,-0.23,-2.335,1.0412,4383154,42606209.98,7281473286.1,4049622857.54
2015-01-09,'000055,方大集团,9.85,10.07,9.84,9.86,9.82,0.03,0.3055,1.1834,4981643,49314494.89,7455562564.25,4146443362.45
2015-01-08,'000055,方大集团,9.82,9.95,9.8,9.9,9.87,-0.05,-0.5066,1.1921,5018405,49580984.77,7432855267.1,4133814600.94
2015-01-07,'000055,方大集团,9.87,9.99,9.75,9.88,9.87,0.0,0.0,1.4009,5897418,58040318.4,7470700762.35,4154862536.79
2015-01-06,'000055,方大集团,9.87,9.93,9.6,9.84,9.88,-0.01,-0.1012,1.6217,6826485,66467171.92,7470700762.35,4154862536.79
2015-01-05,'000055,方大集团,9.88,10.12,9.77,10.01,10.15,-0.27,-2.6601,2.2686,9549788,94173438.71,7478269861.4,4159072123.96
2014-12-31,'000055,方大集团,10.15,10.36,9.6,9.9,9.9,0.25,2.5253,2.7596,11616882,115138348.86,7682635535.75,4272730977.55
2014-12-30,'000055,方大集团,9.9,10.37,9.81,10.12,10.12,-0.22,-2.1739,1.9865,8362277,84995953.51,7493408059.5,4167491298.3
2014-12-29,'000055,方大集团,10.12,10.7,10.01,10.7,10.62,-0.5,-4.7081,2.295,9660868,98302152.31,7659928238.6,4260102216.04
2014-12-26,'000055,方大集团,10.62,11.09,10.55,10.98,11.1,-0.48,-4.3243,3.7917,15961465,171758476.84,8038383191.1,4470581574.54
2014-12-25,'000055,方大集团,11.1,11.68,10.3,11.3,11.19,-0.09,-0.8043,8.9732,37773469,418105539.98,8401699945.5,4672641758.7
2014-12-24,'000055,方大集团,0.0,0.0,0.0,0.0,11.19,None,None,0.0,0,0.0,8469821836.95,4710528043.23
2014-12-23,'000055,方大集团,0.0,0.0,0.0,0.0,11.19,None,None,0.0,0,0.0,8469821836.95,4710528043.23
2014-12-22,'000055,方大集团,0.0,0.0,0.0,0.0,11.19,None,None,0.0,0,0.0,8469821836.95,4710528043.23
2014-12-19,'000055,方大集团,0.0,0.0,0.0,0.0,11.19,None,None,0.0,0,0.0,8469821836.95,4710528043.23
2014-12-18,'000055,方大集团,0.0,0.0,0.0,0.0,11.19,None,None,0.0,0,0.0,8469821836.95,4710528043.23
2014-12-17,'000055,方大集团,0.0,0.0,0.0,0.0,11.19,None,None,0.0,0,0.0,8469821836.95,4710528043.23
2014-12-16,'000055,方大集团,0.0,0.0,0.0,0.0,11.19,None,None,0.0,0,0.0,8469821836.95,4710528043.23
2014-12-15,'000055,方大集团,11.19,11.3,10.68,10.88,10.44,0.75,7.1839,4.3216,18192234,201658347.02,8469821836.95,4710528043.23
2014-12-12,'000055,方大集团,10.44,10.66,10.35,10.36,10.29,0.15,1.4577,1.8742,7889685,82865710.25,7902139408.2,4394809005.48
2014-12-11,'000055,方大集团,10.29,10.39,9.75,9.89,9.94,0.35,3.5211,1.9642,8268461,84463609.0,7788602922.45,4331665197.93
2014-12-10,'000055,方大集团,9.94,10.05,9.33,9.8,9.81,0.13,1.3252,2.6461,11139184,107878255.96,7523684455.7,4184329646.98
2014-12-09,'000055,方大集团,9.81,10.62,9.8,10.61,10.61,-0.8,-7.5401,2.712,11416518,117456362.62,7425286168.05,4129605013.77
2014-12-08,'000055,方大集团,10.61,10.85,10.5,10.79,10.86,-0.25,-2.302,2.1038,8856316,94367323.48,8030814092.05,4466371987.37
2014-12-05,'000055,方大集团,10.86,10.95,10.3,10.93,10.93,-0.07,-0.6404,2.7627,11629676,123348086.94,8220041568.3,4571611666.62
2014-12-04,'000055,方大集团,10.93,11.09,10.62,10.77,10.78,0.15,1.3915,2.4351,10250952,111533009.92,8273025261.65,4601078776.81
2014-12-03,'000055,方大集团,10.78,11.11,10.47,10.9,10.86,-0.08,-0.7366,3.7763,15896527,169395293.26,8159488775.9,4537934969.26
2014-12-02,'000055,方大集团,10.86,10.95,10.46,10.68,10.88,-0.02,-0.1838,3.0073,12659375,134437987.2,8220041568.3,4571611666.62
2014-12-01,'000055,方大集团,10.88,11.75,10.88,11.75,11.52,-0.64,-5.5556,3.518,14809124,165118184.33,8235179766.4,4580030840.96
2014-11-28,'000055,方大集团,11.52,11.8,11.15,11.68,11.69,-0.17,-1.4542,3.2191,13550872,155791708.47,8719602105.6,4849444419.84
2014-11-27,'000055,方大集团,11.69,11.97,11.5,11.75,11.56,0.13,1.1246,4.8988,20622068,241710250.67,8848276789.45,4921007401.73
2014-11-26,'000055,方大集团,11.56,12.03,11.35,11.75,11.63,-0.07,-0.6019,4.2996,18099651,210435331.45,8749878501.8,4866282768.52
2014-11-25,'000055,方大集团,11.63,11.9,11.1,11.1,11.07,0.56,5.0587,5.3424,22489360,258675820.99,8802862195.15,4895749878.71
2014-11-24,'000055,方大集团,11.07,11.09,10.58,10.71,10.61,0.46,4.3355,4.0418,17014385,183834792.96,8378992648.35,4660012997.19
2014-11-21,'000055,方大集团,10.61,10.76,10.52,10.57,10.53,0.08,0.7597,1.0818,4553734,48341274.46,8030814092.05,4466371987.37
2014-11-20,'000055,方大集团,10.53,10.7,10.48,10.62,10.69,-0.16,-1.4967,1.055,4441204,46894758.11,7970261299.65,4432695290.01
2014-11-19,'000055,方大集团,10.69,10.9,10.67,10.79,10.79,-0.1,-0.9268,1.4499,6103389,65716934.13,8091366884.45,4500048684.73
2014-11-18,'000055,方大集团,10.79,10.9,10.5,10.56,10.58,0.21,1.9849,1.5781,6643261,71306827.65,8167057874.95,4542144556.43
2014-11-17,'000055,方大集团,10.58,10.71,10.35,10.6,10.53,0.05,0.4748,1.4568,6132448,64598988.82,8008106794.9,4453743225.86
2014-11-14,'000055,方大集团,10.53,10.68,10.25,10.44,10.52,0.01,0.0951,1.6801,7072486,73779855.13,7970261299.65,4432695290.01
2014-11-13,'000055,方大集团,10.52,10.76,10.41,10.69,10.76,-0.24,-2.2305,1.6644,7006305,73921852.07,7962692200.6,4428485702.84
2014-11-12,'000055,方大集团,10.76,10.89,10.2,10.57,10.52,0.24,2.2814,1.787,7522336,80158966.45,8144350577.8,4529515794.92
2014-11-11,'000055,方大集团,10.52,11.47,10.4,11.38,11.32,-0.8,-7.0671,4.312,18151588,198739619.34,7962692200.6,4428485702.84
2014-11-10,'000055,方大集团,11.32,11.47,11.01,11.06,11.0,0.32,2.9091,3.6845,15510343,175778254.76,8568220124.6,4765252676.44
2014-11-07,'000055,方大集团,11.0,11.39,10.85,10.85,10.96,0.04,0.365,3.6843,15509435,171777862.87,8326008955.0,4630545887.0
2014-11-06,'000055,方大集团,10.96,11.21,10.15,10.17,10.19,0.77,7.5564,5.4041,22748964,244497798.24,8295732558.8,4613707538.32
2014-11-05,'000055,方大集团,10.19,10.34,10.03,10.26,10.26,-0.07,-0.6823,1.4582,6138482,62518494.45,7712911931.95,4289569326.23
2014-11-04,'000055,方大集团,10.26,10.36,9.93,10.08,10.07,0.19,1.8868,3.1595,13300027,135997206.07,7765895625.3,4319036436.42
2014-11-03,'000055,方大集团,10.07,10.1,9.72,9.8,9.8,0.27,2.7551,2.9158,12274355,122553543.31,7622082743.35,4239054280.19
2014-10-31,'000055,方大集团,9.8,9.88,9.5,9.71,9.7,0.1,1.0309,2.6566,11183111,108345520.4,7417717069.0,4125395426.6
2014-10-30,'000055,方大集团,9.7,9.85,9.61,9.67,9.68,0.02,0.2066,2.8668,12067851,117425347.16,7342026078.5,4083299554.9
2014-10-29,'000055,方大集团,9.68,9.85,9.55,9.6,9.67,0.01,0.1034,3.3284,14011070,135428525.12,7326887880.4,4074880380.56
2014-10-28,'000055,方大集团,9.67,9.85,9.34,9.41,9.48,0.19,2.0042,3.3799,14227876,135649114.19,7319318781.35,4070670793.39
2014-10-27,'000055,方大集团,9.48,9.59,9.11,9.58,9.69,-0.21,-2.1672,2.9243,12310059,115366766.15,7175505899.4,3990688637.16
2014-10-24,'000055,方大集团,9.69,10.0,9.64,9.9,9.88,-0.19,-1.9231,3.158,13293998,129995767.66,7334456979.45,4079089967.73
2014-10-23,'000055,方大集团,9.88,9.88,9.27,9.35,9.4,0.48,5.1064,4.7516,20002283,193390282.98,7478269861.4,4159072123.96
2014-10-22,'000055,方大集团,9.4,9.65,9.21,9.25,9.31,0.09,0.9667,4.6956,19766470,187363617.96,7114953107.0,3957011939.8
2014-10-21,'000055,方大集团,9.31,9.35,9.0,9.05,9.1,0.21,2.3077,4.8848,20562989,189202113.94,7046831215.55,3919125655.27
2014-10-20,'000055,方大集团,9.1,9.24,8.98,9.06,9.04,0.06,0.6637,3.2181,13546689,123047087.77,6887880135.5,3830724324.7
2014-10-17,'000055,方大集团,9.04,9.26,8.75,9.06,8.96,0.08,0.8929,1.9465,8193888,73429776.9,6842465541.2,3805466801.68
2014-10-16,'000055,方大集团,8.96,9.18,8.91,9.06,9.05,-0.09,-0.9945,4.0487,17043557,154378442.64,6781912748.8,3771790104.32
2014-10-15,'000055,方大集团,9.05,9.2,8.71,8.9,8.9,0.15,1.6854,3.062,12889822,115413650.67,6850034640.25,3809676388.85
2014-10-14,'000055,方大集团,8.9,9.05,8.83,8.9,8.9,0.0,0.0,2.4432,10284933,91871963.46,6736498154.5,3746532581.3
2014-10-13,'000055,方大集团,8.9,9.08,8.8,9.0,8.98,-0.08,-0.8909,4.1341,17402999,154736995.56,6736498154.5,3746532581.3
2014-10-10,'000055,方大集团,8.98,9.05,8.6,8.74,8.78,0.2,2.2779,4.5085,18978796,168755105.09,6797050946.9,3780209278.66
2014-10-09,'000055,方大集团,8.78,8.79,8.55,8.78,8.7,0.08,0.9195,2.2227,9356694,80969509.54,6645668965.9,3696017535.26
2014-10-08,'000055,方大集团,8.7,8.7,8.46,8.64,8.52,0.18,2.1127,2.6506,11157932,95558622.2,6585116173.5,3662340837.9
2014-09-30,'000055,方大集团,8.52,8.52,8.33,8.43,8.42,0.1,1.1876,1.5317,6447901,54326495.34,6448872390.6,3586568268.84
2014-09-29,'000055,方大集团,8.42,8.66,8.38,8.53,8.51,-0.09,-1.0576,2.4042,10120650,85675613.91,6373181400.1,3544472397.14
2014-09-26,'000055,方大集团,8.51,8.58,8.44,8.52,8.58,-0.07,-0.8159,1.0836,4561683,38799354.28,6441303291.55,3582358681.67
2014-09-25,'000055,方大集团,8.58,8.78,8.58,8.66,8.66,-0.08,-0.9238,1.6858,7096417,61413532.96,6494286984.9,3611825791.86
2014-09-24,'000055,方大集团,8.66,8.69,8.48,8.6,8.6,0.06,0.6977,1.0341,4353149,37507757.8,6554839777.3,3645502489.22
2014-09-23,'000055,方大集团,8.6,8.64,8.51,8.53,8.55,0.05,0.5848,0.5049,2125425,18238922.67,6509425183.0,3620244966.2
2014-09-22,'000055,方大集团,8.55,8.67,8.43,8.67,8.63,-0.08,-0.927,0.8488,3573257,30449543.1,6471579687.75,3599197030.35
2014-09-19,'000055,方大集团,8.63,8.67,8.55,8.58,8.59,0.04,0.4657,0.4514,1900225,16357080.55,6532132480.15,3632873727.71
2014-09-18,'000055,方大集团,8.59,8.64,8.48,8.64,8.63,-0.04,-0.4635,0.6306,2654421,22735843.12,6501856083.95,3616035379.03
2014-09-17,'000055,方大集团,8.63,8.72,8.4,8.4,8.48,0.15,1.7689,1.0163,4278096,36742431.65,6532132480.15,3632873727.71
2014-09-16,'000055,方大集团,8.48,9.15,8.41,9.05,8.92,-0.44,-4.9327,2.2488,9466505,83659066.13,6418595994.4,3569729920.16
2014-09-15,'000055,方大集团,8.92,8.99,8.86,8.98,9.0,-0.08,-0.8889,0.9732,4096582,36498039.8,6751636352.6,3754951755.64
2014-09-12,'000055,方大集团,9.0,9.02,8.84,8.88,8.88,0.12,1.3514,0.8425,3546467,31726420.21,6812189145.0,3788628453.0
2014-09-11,'000055,方大集团,8.88,9.02,8.82,8.97,8.97,-0.09,-1.0033,1.0213,4299211,38330230.36,6721359956.4,3738113406.96
2014-09-10,'000055,方大集团,8.97,9.05,8.9,9.05,9.05,-0.08,-0.884,0.9511,4003601,35863660.5,6789481847.85,3775999691.49
2014-09-09,'000055,方大集团,9.05,9.05,8.84,8.87,8.84,0.21,2.3756,1.579,6647092,59655693.99,6850034640.25,3809676388.85
2014-09-05,'000055,方大集团,8.84,8.93,8.77,8.84,8.8,0.04,0.4545,1.2287,5172352,45651991.98,6691083560.2,3721275058.28
2014-09-04,'000055,方大集团,8.8,8.83,8.68,8.75,8.75,0.05,0.5714,0.9555,4022217,35137678.15,6660807164.0,3704436709.6
2014-09-03,'000055,方大集团,8.75,8.77,8.59,8.59,8.59,0.16,1.8626,1.1132,4686290,40830825.82,6622961668.75,3683388773.75
2014-09-02,'000055,方大集团,8.59,8.62,8.5,8.55,8.55,0.04,0.4678,1.1214,4720532,40355509.54,6501856083.95,3616035379.03
2014-09-01,'000055,方大集团,8.55,8.61,8.38,8.54,8.53,0.02,0.2345,0.9015,3794939,32199829.05,6471579687.75,3599197030.35
2014-08-29,'000055,方大集团,8.53,8.54,8.35,8.39,8.41,0.12,1.4269,0.6858,2886943,24434914.66,6456441489.65,3590777856.01
2014-08-28,'000055,方大集团,8.41,8.46,8.25,8.35,8.34,0.07,0.8393,0.848,3569787,29783859.82,6365612301.05,3540262809.97
2014-08-27,'000055,方大集团,8.34,8.48,8.32,8.35,8.38,-0.04,-0.4773,0.9306,3917608,32860174.22,6312628607.7,3510795699.78
2014-08-26,'000055,方大集团,8.38,8.57,8.16,8.29,8.42,-0.04,-0.4751,1.9298,8123762,67992367.01,6342905003.9,3527634048.46
2014-08-25,'000055,方大集团,8.42,8.86,8.28,8.85,8.89,-0.47,-5.2868,2.6779,11273023,96725765.12,6373181400.1,3544472397.14
2014-08-22,'000055,方大集团,8.89,9.12,8.87,9.08,9.07,-0.18,-1.9846,1.3205,5558855,49780876.42,6728929055.45,3742322994.13
2014-08-21,'000055,方大集团,9.07,9.1,8.97,9.0,9.01,0.06,0.6659,0.8071,3397611,30753658.05,6865172838.35,3818095563.19
2014-08-20,'000055,方大集团,9.01,9.11,8.95,9.02,9.03,-0.02,-0.2215,0.8252,3473841,31404288.2,6819758244.05,3792838040.17
2014-08-19,'000055,方大集团,9.03,9.11,8.92,9.06,9.06,-0.03,-0.3311,1.2741,5363549,48235970.62,6834896442.15,3801257214.51
2014-08-18,'000055,方大集团,9.06,9.19,8.93,9.13,9.13,-0.07,-0.7667,1.9203,8083608,72991454.98,6857603739.3,3813885976.02
2014-08-15,'000055,方大集团,9.13,9.23,9.08,9.13,9.22,-0.09,-0.9761,1.3617,5732371,52365728.94,6910587432.65,3843353086.21
2014-08-14,'000055,方大集团,9.22,9.68,9.1,9.5,9.33,-0.11,-1.179,2.7098,11407030,106016093.65,6978709324.1,3881239370.74
2014-08-13,'000055,方大集团,9.33,9.39,8.92,9.0,9.01,0.32,3.5516,2.0027,8430549,77847576.53,7061969413.65,3927544829.61
2014-08-12,'000055,方大集团,9.01,9.05,8.77,8.88,8.88,0.13,1.464,0.789,3321169,29663915.09,6819758244.05,3792838040.17
2014-08-11,'000055,方大集团,8.88,8.88,8.73,8.75,8.73,0.15,1.7182,0.8807,3707445,32697332.15,6721359956.4,3738113406.96
2014-08-08,'000055,方大集团,8.73,8.88,8.68,8.7,8.75,-0.02,-0.2286,0.572,2407864,21099216.4,6607823470.65,3674969599.41
2014-08-07,'000055,方大集团,8.75,8.8,8.63,8.79,8.75,0.0,0.0,0.7795,3281512,28638665.36,6622961668.75,3683388773.75
2014-08-06,'000055,方大集团,8.75,9.18,8.58,8.8,8.82,-0.07,-0.7937,1.5412,6487758,57165067.08,6622961668.75,3683388773.75
2014-08-05,'000055,方大集团,8.82,8.84,8.68,8.76,8.86,-0.04,-0.4515,0.9627,4052726,35545538.59,6675945362.1,3712855883.94
2014-08-04,'000055,方大集团,8.86,9.24,8.45,8.47,8.48,0.38,4.4811,2.1347,8986204,78693967.09,6706221758.3,3729694232.62
2014-08-01,'000055,方大集团,8.48,8.52,8.36,8.52,8.52,-0.04,-0.4695,0.7528,3169070,26709361.06,6418595994.4,3569729920.16
2014-07-31,'000055,方大集团,8.52,8.52,8.31,8.4,8.4,0.12,1.4286,0.9747,4103063,34480319.04,6448872390.6,3586568268.84
2014-07-30,'000055,方大集团,8.4,8.72,8.35,8.56,8.66,-0.26,-3.0023,1.9614,8256893,70431398.23,6358043202.0,3536053222.8
2014-07-29,'000055,方大集团,8.66,8.85,8.45,8.54,8.59,0.07,0.8149,1.8796,7912323,68943085.15,6554839777.3,3645502489.22
2014-07-28,'000055,方大集团,8.59,8.68,8.42,8.64,8.6,-0.01,-0.1163,1.7862,7519191,64025784.72,6501856083.95,3616035379.03
2014-07-25,'000055,方大集团,8.6,8.65,8.1,8.18,8.22,0.38,4.6229,1.948,8200269,69166070.26,6509425183.0,3620244966.2
2014-07-24,'000055,方大集团,8.22,8.25,7.9,8.01,7.95,0.27,3.3962,1.1822,4976409,40268867.86,6221799419.1,3460280653.74
2014-07-23,'000055,方大集团,7.95,8.26,7.87,8.07,8.11,-0.16,-1.9729,1.0674,4493221,36117866.12,6017433744.75,3346621800.15
2014-07-22,'000055,方大集团,8.11,8.2,7.72,7.78,7.73,0.38,4.9159,1.7749,7471487,59812102.17,6138539329.55,3413975194.87
2014-07-21,'000055,方大集团,7.73,7.96,7.71,7.93,7.91,-0.18,-2.2756,0.7997,3366584,26289437.45,5850913565.65,3254010882.41
2014-07-18,'000055,方大集团,7.91,7.99,7.55,7.59,7.61,0.3,3.9422,1.9375,8156029,63683656.22,5987157348.55,3329783451.47
2014-07-17,'000055,方大集团,7.61,7.78,7.45,7.78,7.78,-0.17,-2.1851,1.1151,4694095,35600591.05,5760084377.05,3203495836.37
2014-07-16,'000055,方大集团,7.78,7.86,7.52,7.86,7.85,-0.07,-0.8917,1.4455,6084793,46839875.09,5888759060.9,3275058818.26
2014-07-15,'000055,方大集团,7.85,7.92,7.78,7.92,7.84,0.01,0.1276,1.1237,4730271,36938160.39,5941742754.25,3304525928.45
2014-07-14,'000055,方大集团,7.84,7.86,7.65,7.66,7.69,0.15,1.9506,1.0147,4271432,33140774.87,5934173655.2,3300316341.28
2014-07-11,'000055,方大集团,7.69,7.82,7.6,7.6,7.6,0.09,1.1842,0.786,3308920,25601546.28,5820637169.45,3237172533.73
2014-07-10,'000055,方大集团,7.6,7.75,7.59,7.62,7.7,-0.1,-1.2987,0.7155,3011885,23119291.98,5752515278.0,3199286249.2
2014-07-09,'000055,方大集团,7.7,7.96,7.7,7.96,7.98,-0.28,-3.5088,1.6123,6787227,53012591.51,5828206268.5,3241382120.9
2014-07-08,'000055,方大集团,7.98,7.99,7.71,7.8,7.83,0.15,1.9157,2.215,9324359,73427211.52,6040141041.9,3359250561.66
2014-07-07,'000055,方大集团,7.83,7.83,7.4,7.43,7.43,0.4,5.3836,2.5455,10715525,81440963.06,5926604556.15,3296106754.11
2014-07-04,'000055,方大集团,7.43,7.46,7.25,7.29,7.28,0.15,2.0604,0.9859,4150231,30680461.26,5623840594.15,3127723267.31
2014-07-03,'000055,方大集团,7.28,7.37,7.27,7.36,7.37,-0.09,-1.2212,0.6537,2752010,20097584.53,5510304108.4,3064579459.76
2014-07-02,'000055,方大集团,7.37,7.46,7.25,7.46,7.47,-0.1,-1.3387,0.8164,3436894,25201303.72,5578425999.85,3102465744.29
2014-07-01,'000055,方大集团,7.47,7.54,7.33,7.36,7.35,0.12,1.6327,0.869,3658330,27142963.95,5654116990.35,3144561615.99
2014-06-30,'000055,方大集团,7.35,7.52,7.21,7.26,7.37,-0.02,-0.2714,1.75,7366867,54556863.7,5563287801.75,3094046569.95
2014-06-27,'000055,方大集团,7.37,7.39,7.24,7.3,7.33,0.04,0.5457,1.2993,5469344,40026485.84,5578425999.85,3102465744.29
2014-06-26,'000055,方大集团,7.33,7.33,7.1,7.1,7.23,0.1,1.3831,0.8058,3392125,24698111.53,5548149603.65,3085627395.61
2014-06-25,'000055,方大集团,7.23,7.31,7.12,7.21,7.27,-0.04,-0.5502,0.8787,3699047,26673609.19,5472458613.15,3043531523.91
2014-06-24,'000055,方大集团,7.27,7.43,7.25,7.4,7.38,-0.11,-1.4905,0.8718,3669932,26781140.18,5502735009.35,3060369872.59
2014-06-23,'000055,方大集团,7.38,7.41,7.21,7.26,7.28,0.1,1.3736,1.3595,5722807,42004373.59,5585995098.9,3106675331.46
2014-06-20,'000055,方大集团,7.28,7.29,6.98,7.08,7.09,0.19,2.6798,1.6443,6921711,49810182.69,5510304108.4,3064579459.76
2014-06-19,'000055,方大集团,7.09,7.15,7.0,7.12,7.09,0.0,0.0,1.3993,5890314,41678474.01,5366491226.45,2984597303.53
2014-06-18,'000055,方大集团,7.09,7.21,7.03,7.14,7.1,-0.01,-0.1408,1.1243,4732831,33648074.83,5366491226.45,2984597303.53
2014-06-17,'000055,方大集团,7.1,7.17,6.93,7.0,7.02,0.08,1.1396,1.4284,6013014,42712421.71,5374060325.5,2988806890.7
2014-06-16,'000055,方大集团,7.02,7.02,6.87,6.87,6.89,0.13,1.8868,1.2718,5353589,37351507.35,5313507533.1,2955130193.34
2014-06-13,'000055,方大集团,6.89,6.96,6.81,6.88,6.86,0.03,0.4373,0.6835,2877067,19859374.9,5215109245.45,2900405560.13
2014-06-12,'000055,方大集团,6.86,6.9,6.85,6.9,6.85,0.01,0.146,0.5756,2423008,16656616.27,5192401948.3,2887776798.62
2014-06-11,'000055,方大集团,6.85,7.03,6.76,6.78,6.78,0.07,1.0324,0.8836,3719531,25687554.46,5184832849.25,2883567211.45
2014-06-10,'000055,方大集团,6.78,6.81,6.69,6.7,6.73,0.05,0.7429,0.359,1511354,10206675.63,5131849155.9,2854100101.26
2014-06-09,'000055,方大集团,6.73,6.93,6.7,6.91,6.91,-0.18,-2.6049,0.9426,3968025,26966494.24,5094003660.65,2833052165.41
2014-06-06,'000055,方大集团,6.91,6.98,6.85,6.98,6.89,0.02,0.2903,0.499,2100498,14512519.7,5230247443.55,2908824734.47
2014-06-05,'000055,方大集团,6.89,6.92,6.76,6.85,6.86,0.03,0.4373,0.6242,2627433,18016952.35,5215109245.45,2900405560.13
2014-06-04,'000055,方大集团,6.86,6.88,6.66,6.8,6.81,0.05,0.7342,0.9788,4120295,27756365.09,5192401948.3,2887776798.62
2014-06-03,'000055,方大集团,6.81,7.06,6.8,6.94,6.98,-0.17,-2.4355,1.2107,5096626,35055797.96,5154556453.05,2866728862.77
2014-05-30,'000055,方大集团,6.98,7.06,6.8,6.8,6.86,0.12,1.7493,1.291,5434438,38034704.79,5283231136.9,2938291844.66
2014-05-29,'000055,方大集团,6.86,6.99,6.83,6.95,6.98,-0.12,-1.7192,1.5134,6370802,43902353.37,5192401948.3,2887776798.62
2014-05-28,'000055,方大集团,6.98,7.05,6.76,7.01,7.03,-0.05,-0.7112,4.0271,16952311,117199379.88,5283231136.9,2938291844.66
2014-05-27,'000055,方大集团,7.03,7.19,6.88,7.12,7.07,-0.04,-0.5658,4.0748,17153295,120483512.92,5321076632.15,2959339780.51
2014-05-26,'000055,方大集团,7.07,7.15,6.67,6.67,6.72,0.35,5.2083,2.9443,12394474,86360542.81,5351353028.35,2976178129.19
2014-05-23,'000055,方大集团,6.72,6.87,6.58,6.84,6.86,-0.14,-2.0408,1.5404,6484373,43581676.16,5086434561.6,2828842578.24
2014-05-22,'000055,方大集团,6.86,7.0,6.82,6.96,6.96,-0.1,-1.4368,0.6728,2832307,19556110.48,5192401948.3,2887776798.62
2014-05-21,'000055,方大集团,6.96,6.98,6.71,6.83,6.86,0.1,1.4577,0.6986,2940658,20238190.09,5268092938.8,2929872670.32
2014-05-20,'000055,方大集团,6.86,7.08,6.78,6.79,6.82,0.04,0.5865,1.1646,4902566,33739211.98,5192401948.3,2887776798.62
2014-05-19,'000055,方大集团,6.82,7.15,6.79,6.95,6.95,-0.13,-1.8705,1.8404,7747477,54013357.59,5162125552.1,2870938449.94
2014-05-16,'000055,方大集团,6.95,6.99,6.75,6.83,6.83,0.12,1.757,1.4444,6080309,41974187.67,5260523839.75,2925663083.15
2014-05-15,'000055,方大集团,6.83,7.01,6.8,7.0,6.95,-0.12,-1.7266,0.7921,3334595,22883871.58,5169694651.15,2875148037.11
2014-05-14,'000055,方大集团,6.95,6.96,6.8,6.87,6.94,0.01,0.1441,1.0184,4287110,29583472.42,5260523839.75,2925663083.15
2014-05-13,'000055,方大集团,6.94,6.96,6.58,6.64,6.64,0.3,4.5181,2.1009,8843884,60654280.69,5252954740.7,2921453495.98
2014-05-12,'000055,方大集团,6.64,6.73,6.51,6.6,6.55,0.09,1.374,1.0326,4347027,28839350.67,5025881769.2,2795165880.88
2014-05-09,'000055,方大集团,6.55,6.72,6.49,6.69,6.73,-0.18,-2.6746,1.4603,6147344,40506707.09,4957759877.75,2757279596.35
2014-05-08,'000055,方大集团,6.73,6.86,6.51,6.6,6.61,0.12,1.8154,2.8433,11968965,80402597.16,5094003660.65,2833052165.41
2014-05-07,'000055,方大集团,6.61,6.92,6.59,6.79,6.85,-0.24,-3.5036,1.337,5628353,38107233.74,5003174472.05,2782537119.37
2014-05-06,'000055,方大集团,6.85,6.97,6.76,6.9,6.88,-0.03,-0.436,1.2244,5154381,35501251.77,5184832849.25,2883567211.45
2014-05-05,'000055,方大集团,6.88,6.92,6.62,6.68,6.74,0.14,2.0772,1.355,5703938,38950620.8,5207540146.4,2896195972.96
2014-04-30,'000055,方大集团,6.74,6.92,6.63,6.64,6.7,0.04,0.597,2.5906,10905278,74178572.75,5101572759.7,2837261752.58
2014-04-29,'000055,方大集团,6.7,6.7,6.38,6.48,6.4,0.3,4.6875,1.7202,7241524,47839319.19,5071296363.5,2820423403.9
2014-04-28,'000055,方大集团,6.4,6.66,6.2,6.62,6.58,-0.18,-2.7356,0.9571,4028935,25784658.48,4844223392.0,2694135788.8
2014-04-25,'000055,方大集团,6.58,6.7,6.48,6.59,6.63,-0.05,-0.7541,1.6313,6867054,45275648.34,4980467174.9,2769908357.86
2014-04-24,'000055,方大集团,6.63,6.68,6.25,6.25,6.3,0.33,5.2381,2.2808,9601268,62778901.2,5018312670.15,2790956293.71
2014-04-23,'000055,方大集团,6.3,6.52,6.2,6.48,6.51,-0.21,-3.2258,0.7909,3329371,21142372.86,4768532401.5,2652039917.1
2014-04-22,'000055,方大集团,6.51,6.54,6.4,6.4,6.46,0.05,0.774,0.7321,3081978,19918611.19,4927483481.55,2740441247.67
2014-04-21,'000055,方大集团,6.46,6.72,6.41,6.56,6.59,-0.13,-1.9727,1.1103,4673768,30643065.16,4889637986.3,2719393311.82
2014-04-18,'000055,方大集团,6.59,6.59,6.25,6.29,6.29,0.3,4.7695,1.4607,6148742,39495747.9,4988036273.95,2774117945.03
2014-04-17,'000055,方大集团,6.29,6.3,6.11,6.19,6.18,0.11,1.7799,0.6097,2566463,15978576.3,4760963302.45,2647830329.93
2014-04-16,'000055,方大集团,6.18,6.24,6.15,6.21,6.2,-0.02,-0.3226,0.4437,1868001,11547744.42,4677703212.9,2601524871.06
2014-04-15,'000055,方大集团,6.2,6.28,6.18,6.23,6.21,-0.01,-0.161,0.5736,2414419,15012482.27,4692841411.0,2609944045.4
2014-04-14,'000055,方大集团,6.24,6.28,6.21,6.24,6.24,0.0,0.0,0.5134,2161411,13458618.13,4723117807.2,2626782394.08
2014-04-11,'000055,方大集团,6.24,6.38,6.2,6.36,6.36,-0.12,-1.8868,0.7469,3144222,19689254.76,4723117807.2,2626782394.08
2014-04-10,'000055,方大集团,6.36,6.41,6.33,6.34,6.39,-0.03,-0.4695,0.6554,2758944,17558689.1,4813946995.8,2677297440.12
2014-04-09,'000055,方大集团,6.39,6.43,6.3,6.33,6.32,0.07,1.1076,0.7577,3189688,20327250.85,4836654292.95,2689926201.63
2014-04-08,'000055,方大集团,6.32,6.33,6.22,6.3,6.3,0.02,0.3175,0.8291,3489961,21934031.22,4783670599.6,2660459091.44
2014-04-04,'000055,方大集团,6.3,6.44,6.2,6.35,6.38,-0.08,-1.2539,1.2478,5252634,33331136.04,4768532401.5,2652039917.1
2014-04-03,'000055,方大集团,6.38,6.45,6.32,6.4,6.39,-0.01,-0.1565,1.135,4777803,30504669.1,4829085193.9,2685716614.46
2014-04-02,'000055,方大集团,6.39,6.4,6.25,6.28,6.28,0.11,1.7516,1.4517,6111125,38752897.53,4836654292.95,2689926201.63
2014-04-01,'000055,方大集团,6.28,6.3,6.15,6.17,6.17,0.11,1.7828,1.6973,7144934,44595770.91,4753394203.4,2643620742.76
2014-03-31,'000055,方大集团,6.17,6.24,6.06,6.13,6.16,0.01,0.1623,0.9322,3924333,24163039.28,4670134113.85,2597315283.89
2014-03-28,'000055,方大集团,6.16,6.3,6.01,6.27,6.23,-0.07,-1.1236,2.1657,9116656,56128342.68,4662565014.8,2593105696.72
2014-03-27,'000055,方大集团,6.23,6.43,6.2,6.38,6.39,-0.16,-2.5039,1.8909,7959968,50067990.8,4715548708.15,2622572806.91
2014-03-26,'000055,方大集团,6.39,6.44,6.33,6.38,6.36,0.03,0.4717,1.3768,5795690,37007639.89,4836654292.95,2689926201.63
2014-03-25,'000055,方大集团,6.36,6.78,6.29,6.68,6.66,-0.3,-4.5045,3.5356,14883334,95784933.05,4813946995.8,2677297440.12
2014-03-24,'000055,方大集团,6.66,6.9,6.58,6.75,6.84,-0.18,-2.6316,2.8831,12136474,80639087.83,5041019967.3,2803585055.22
2014-03-21,'000055,方大集团,6.84,6.94,6.64,6.74,6.83,0.01,0.1464,1.9426,8177534,55838343.26,5177263750.2,2879357624.28
2014-03-20,'000055,方大集团,6.83,6.95,6.69,6.77,6.78,0.05,0.7375,2.4422,10280781,70375635.43,5169694651.15,2875148037.11
2014-03-19,'000055,方大集团,6.78,6.85,6.66,6.85,6.92,-0.14,-2.0231,1.804,7593931,51243039.8,5131849155.9,2854100101.26
2014-03-18,'000055,方大集团,6.92,6.93,6.68,6.7,6.64,0.28,4.2169,3.9783,16747070,114888158.77,5237816542.6,2913034321.64
2014-03-17,'000055,方大集团,6.64,6.72,6.35,6.35,6.39,0.25,3.9124,2.3029,9694299,63987882.24,5025881769.2,2795165880.88
2014-03-14,'000055,方大集团,6.39,6.56,6.32,6.34,6.39,0.0,0.0,2.7848,11722932,75927222.78,4836654292.95,2689926201.63
2014-03-13,'000055,方大集团,6.39,6.45,6.22,6.3,6.35,0.04,0.6299,1.9223,8092249,51429808.59,4836654292.95,2689926201.63
2014-03-12,'000055,方大集团,6.35,6.53,6.02,6.02,6.1,0.25,4.0984,3.8323,16132531,102349405.11,4806377896.75,2673087852.95
2014-03-11,'000055,方大集团,6.1,6.12,5.77,5.78,5.79,0.31,5.3541,2.0096,8459554,50666757.96,4617150420.5,2567848173.7
2014-03-10,'000055,方大集团,5.79,6.0,5.73,5.79,5.8,-0.01,-0.1724,0.8962,3772696,22093200.56,4382508349.95,2437350971.43
2014-03-07,'000055,方大集团,5.8,5.86,5.76,5.84,5.84,-0.04,-0.6849,0.643,2706892,15716449.81,4390077449.0,2441560558.6
2014-03-06,'000055,方大集团,5.84,5.89,5.7,5.86,5.89,-0.05,-0.8489,1.4411,6066231,35163412.57,4420353845.2,2458398907.28
2014-03-05,'000055,方大集团,5.89,6.08,5.89,6.03,6.02,-0.13,-2.1595,0.8467,3564124,21276175.4,4458199340.45,2479446843.13
2014-03-04,'000055,方大集团,6.02,6.09,5.92,5.95,5.95,0.07,1.1765,1.4427,6073226,36536679.03,4556597628.1,2534171476.34
2014-03-03,'000055,方大集团,5.95,5.99,5.86,5.94,5.93,0.02,0.3373,0.6743,2838659,16865081.06,4503613934.75,2504704366.15
2014-02-28,'000055,方大集团,5.93,5.98,5.84,5.92,5.87,0.06,1.0221,0.8321,3502741,20725401.78,4488475736.65,2496285191.81
2014-02-27,'000055,方大集团,5.87,5.92,5.79,5.88,5.83,0.04,0.6861,0.753,3170025,18547905.41,4443061142.35,2471027668.79
2014-02-26,'000055,方大集团,5.83,5.93,5.7,5.71,5.73,0.1,1.7452,0.8459,3560956,20699766.54,4412784746.15,2454189320.11
2014-02-25,'000055,方大集团,5.73,6.0,5.68,5.93,5.93,-0.2,-3.3727,1.6815,7078531,41270582.82,4337093755.65,2412093448.41
2014-02-24,'000055,方大集团,5.93,5.97,5.84,5.88,5.91,0.02,0.3384,0.6856,2886100,17005600.31,4488475736.65,2496285191.81
2014-02-21,'000055,方大集团,5.91,6.03,5.85,5.99,5.99,-0.08,-1.3356,0.9547,4018758,23893453.92,4473337538.55,2487866017.47
2014-02-20,'000055,方大集团,5.99,6.24,5.95,6.2,6.22,-0.23,-3.6977,1.3394,5638416,34300579.83,4533890330.95,2521542714.83
2014-02-19,'000055,方大集团,6.22,6.29,6.16,6.2,6.18,0.04,0.6472,1.1552,4862737,30268782.24,4707979609.1,2618363219.74
2014-02-18,'000055,方大集团,6.18,6.33,6.14,6.3,6.32,-0.14,-2.2152,2.0226,8514337,53240262.66,4677703212.9,2601524871.06
2014-02-17,'000055,方大集团,6.32,6.38,6.29,6.38,6.38,-0.06,-0.9404,1.4378,6052675,38267405.56,4783670599.6,2660459091.44
2014-02-14,'000055,方大集团,6.38,6.43,6.18,6.22,6.25,0.13,2.08,2.5092,10562896,66938117.49,4829085193.9,2685716614.46
2014-02-13,'000055,方大集团,6.25,6.34,5.94,5.98,5.98,0.27,4.5151,3.1904,13430119,82836618.32,4730686906.25,2630991981.25
2014-02-12,'000055,方大集团,5.98,6.02,5.93,5.98,5.98,0.0,0.0,0.7925,3336055,19918424.32,4526321231.9,2517333127.66
2014-02-11,'000055,方大集团,5.98,6.08,5.94,6.03,6.03,-0.05,-0.8292,1.4468,6090440,36635692.59,4526321231.9,2517333127.66
2014-02-10,'000055,方大集团,6.03,6.04,5.92,5.92,5.92,0.11,1.8581,1.4643,6164064,37007432.8,4564166727.15,2538381063.51
2014-02-07,'000055,方大集团,5.92,5.93,5.76,5.86,5.85,0.07,1.1966,0.5234,2203188,12907903.72,4480906637.6,2492075604.64
2014-01-30,'000055,方大集团,5.85,5.91,5.8,5.81,5.8,0.05,0.8621,0.871,3666494,21476279.44,4427922944.25,2462608494.45
2014-01-29,'000055,方大集团,5.8,5.9,5.75,5.75,5.76,0.04,0.6944,0.961,4045337,23648455.23,4390077449.0,2441560558.6
2014-01-28,'000055,方大集团,5.76,5.92,5.72,5.82,5.86,-0.1,-1.7065,0.7495,3154877,18247001.94,4359801052.8,2424722209.92
2014-01-27,'000055,方大集团,5.86,5.95,5.84,5.92,5.9,-0.04,-0.678,0.8579,3611546,21237580.73,4435492043.3,2466818081.62
2014-01-24,'000055,方大集团,5.9,5.94,5.81,5.83,5.83,0.07,1.2007,0.7661,3224825,18942827.4,4465768439.5,2483656430.3
2014-01-23,'000055,方大集团,5.83,5.96,5.74,5.78,5.77,0.06,1.0399,1.149,4836805,28348006.75,4412784746.15,2454189320.11
2014-01-22,'000055,方大集团,5.77,5.8,5.66,5.66,5.66,0.11,1.9435,0.6213,2615542,15064351.87,4367370151.85,2428931797.09
2014-01-21,'000055,方大集团,5.66,5.75,5.6,5.65,5.67,-0.01,-0.1764,0.6339,2668539,15146472.91,4284110062.3,2382626338.22
2014-01-20,'000055,方大集团,5.67,5.68,5.44,5.45,5.51,0.16,2.9038,0.7382,3107525,17330739.05,4291679161.35,2386835925.39
2014-01-17,'000055,方大集团,5.51,5.54,5.38,5.5,5.52,-0.01,-0.1812,0.5693,2396450,13001149.9,4170573576.55,2319482530.67
2014-01-16,'000055,方大集团,5.52,5.63,5.49,5.53,5.53,-0.01,-0.1808,0.3495,1471461,8179769.24,4178142675.6,2323692117.84
2014-01-15,'000055,方大集团,5.53,5.55,5.45,5.52,5.51,0.02,0.363,0.3307,1392062,7671373.05,4185711774.65,2327901705.01
2014-01-14,'000055,方大集团,5.51,5.51,5.34,5.34,5.41,0.1,1.8484,0.4628,1948313,10656754.37,4170573576.55,2319482530.67
2014-01-13,'000055,方大集团,5.41,5.55,5.36,5.49,5.3,0.11,2.0755,0.4008,1687140,9178995.2,4094882586.05,2277386658.97
2014-01-10,'000055,方大集团,5.3,5.47,5.3,5.42,5.42,-0.12,-2.214,0.3965,1669200,8928457.58,4011622496.5,2231081200.1
2014-01-09,'000055,方大集团,5.42,5.66,5.41,5.57,5.46,-0.04,-0.7326,0.4143,1744060,9605065.5,4102451685.1,2281596246.14
2014-01-08,'000055,方大集团,5.46,5.52,5.43,5.47,5.47,-0.01,-0.1828,0.3139,1321539,7222131.3,4132728081.3,2298434594.82
2014-01-07,'000055,方大集团,5.47,5.47,5.36,5.36,5.4,0.07,1.2963,0.2345,987220,5362421.9,4140297180.35,2302644181.99
2014-01-06,'000055,方大集团,5.4,5.6,5.38,5.57,5.61,-0.21,-3.7433,0.5105,2149100,11710376.0,4087313487.0,2273177071.8
2014-01-03,'000055,方大集团,5.61,5.74,5.56,5.7,5.72,-0.11,-1.9231,0.3707,1560299,8784955.4,4246264567.05,2361578402.37
2014-01-02,'000055,方大集团,5.72,5.72,5.59,5.62,5.64,0.08,1.4184,0.3655,1538698,8698335.12,4329524656.6,2407883861.24
2013-12-31,'000055,方大集团,5.64,5.74,5.61,5.68,5.69,-0.05,-0.8787,0.3157,1328823,7545319.0,4268971864.2,2374207163.88
2013-12-30,'000055,方大集团,5.69,5.85,5.66,5.79,5.75,-0.06,-1.0435,0.5098,2145894,12279855.85,4306817359.45,2395255099.73
2013-12-27,'000055,方大集团,5.75,5.76,5.49,5.49,5.47,0.28,5.1188,0.6266,2637622,14864681.83,4352231953.75,2420512622.75
2013-12-26,'000055,方大集团,5.47,5.6,5.46,5.6,5.6,-0.13,-2.3214,0.2953,1243051,6860715.41,4140297180.35,2302644181.99
2013-12-25,'000055,方大集团,5.6,5.64,5.51,5.64,5.58,0.02,0.3584,0.2374,999295,5559366.79,4238695468.0,2357368815.2
2013-12-24,'000055,方大集团,5.58,5.64,5.47,5.51,5.5,0.08,1.4545,0.2805,1180942,6570026.4,4223557269.9,2348949640.86
2013-12-23,'000055,方大集团,5.5,5.52,5.43,5.46,5.47,0.03,0.5484,0.332,1397670,7655025.74,4163004477.5,2315272943.5
2013-12-20,'000055,方大集团,5.47,5.63,5.41,5.56,5.55,-0.08,-1.4414,0.4932,2076147,11396196.8,4140297180.35,2302644181.99
2013-12-19,'000055,方大集团,5.55,5.82,5.55,5.75,5.75,-0.2,-3.4783,0.4253,1790194,10198993.7,4200849972.75,2336320879.35
2013-12-18,'000055,方大集团,5.75,5.82,5.73,5.74,5.76,-0.01,-0.1736,0.2705,1138880,6574212.31,4352231953.75,2420512622.75
2013-12-17,'000055,方大集团,5.76,5.86,5.75,5.78,5.83,-0.07,-1.2007,0.3207,1350068,7812788.68,4359801052.8,2424722209.92
2013-12-16,'000055,方大集团,5.83,5.9,5.74,5.85,5.83,0.0,0.0,0.4744,1996910,11650566.43,4412784746.15,2454189320.11
2013-12-13,'000055,方大集团,5.83,6.02,5.83,5.91,5.92,-0.09,-1.5203,0.8034,3381876,20058062.65,4412784746.15,2454189320.11
2013-12-12,'000055,方大集团,5.92,5.92,5.8,5.8,5.83,0.09,1.5437,0.3756,1581165,9317806.74,4480906637.6,2492075604.64
2013-12-11,'000055,方大集团,5.83,5.92,5.8,5.86,5.93,-0.1,-1.6863,0.4649,1957136,11440692.78,4412784746.15,2454189320.11
2013-12-10,'000055,方大集团,5.93,5.98,5.86,5.96,5.96,-0.03,-0.5034,0.6291,2648335,15696557.5,4488475736.65,2496285191.81
2013-12-09,'000055,方大集团,5.96,6.02,5.8,5.92,5.92,0.04,0.6757,1.3338,5614952,33316283.74,4511183033.8,2508913953.32
2013-12-06,'000055,方大集团,5.92,6.01,5.83,5.84,5.89,0.03,0.5093,2.1233,8938348,52959331.24,4480906637.6,2492075604.64
2013-12-05,'000055,方大集团,5.89,5.97,5.68,5.79,5.75,0.14,2.4348,1.6254,6842186,40184056.22,4458199340.45,2479446843.13
2013-12-04,'000055,方大集团,5.75,5.8,5.45,5.48,5.47,0.28,5.1188,1.2852,5410097,30559086.3,4352231953.75,2420512622.75
2013-12-03,'000055,方大集团,5.47,5.48,5.33,5.34,5.35,0.12,2.243,0.3998,1682928,9129687.0,4140297180.35,2302644181.99
2013-12-02,'000055,方大集团,5.35,5.6,5.3,5.6,5.66,-0.31,-5.477,0.8015,3373988,18344723.05,4049467991.75,2252129135.95
2013-11-29,'000055,方大集团,5.66,5.69,5.63,5.68,5.68,-0.02,-0.3521,0.3269,1375969,7780205.59,4284110062.3,2382626338.22
2013-11-28,'000055,方大集团,5.68,5.71,5.62,5.65,5.63,0.05,0.8881,0.4898,2061647,11709953.19,4299248260.4,2391045512.56
2013-11-27,'000055,方大集团,5.63,5.65,5.54,5.54,5.57,0.06,1.0772,0.4453,1874636,10530989.75,4261402765.15,2369997576.71
2013-11-26,'000055,方大集团,5.57,5.6,5.55,5.55,5.57,0.0,0.0,0.3155,1328070,7393218.9,4215988170.85,2344740053.69
2013-11-25,'000055,方大集团,5.57,5.62,5.53,5.56,5.56,0.01,0.1799,0.3604,1517059,8463482.26,4215988170.85,2344740053.69
2013-11-22,'000055,方大集团,5.56,5.6,5.52,5.57,5.56,0.0,0.0,0.4887,2057308,11435131.53,4208419071.8,2340530466.52
2013-11-21,'000055,方大集团,5.56,5.65,5.5,5.6,5.65,-0.09,-1.5929,0.5903,2484810,13781084.36,4208419071.8,2340530466.52
2013-11-20,'000055,方大集团,5.65,5.68,5.58,5.6,5.64,0.01,0.1773,0.3761,1583135,8936043.76,4276540963.25,2378416751.05
2013-11-19,'000055,方大集团,5.64,5.74,5.56,5.56,5.55,0.09,1.6216,0.8683,3655021,20736523.06,4268971864.2,2374207163.88
2013-11-18,'000055,方大集团,5.55,5.58,5.46,5.47,5.48,0.07,1.2774,0.6896,2902839,16072909.52,4200849972.75,2336320879.35
2013-11-15,'000055,方大集团,5.48,5.56,5.42,5.42,5.41,0.07,1.2939,0.5429,2285351,12540713.02,4147866279.4,2306853769.16
2013-11-14,'000055,方大集团,5.41,5.45,5.35,5.38,5.37,0.04,0.7449,0.5188,2184084,11803051.04,4094882586.05,2277386658.97
2013-11-13,'000055,方大集团,5.37,5.46,5.34,5.38,5.38,-0.01,-0.1859,0.7118,2996316,16206795.71,4064606189.85,2260548310.29
2013-11-12,'000055,方大集团,5.38,5.39,5.29,5.32,5.32,0.06,1.1278,0.3046,1282159,6863208.11,4072175288.9,2264757897.46
2013-11-11,'000055,方大集团,5.32,5.36,5.25,5.35,5.33,-0.01,-0.1876,0.3049,1283409,6799913.15,4026760694.6,2239500374.44
2013-11-08,'000055,方大集团,5.33,5.36,5.3,5.32,5.32,0.01,0.188,0.4313,1815638,9684913.37,4034329793.65,2243709961.61
2013-11-07,'000055,方大集团,5.32,5.41,5.31,5.38,5.38,-0.06,-1.1152,0.3529,1485453,7942064.88,4026760694.6,2239500374.44
2013-11-06,'000055,方大集团,5.38,5.51,5.37,5.46,5.44,-0.06,-1.1029,0.4739,1994951,10869443.27,4072175288.9,2264757897.46
2013-11-05,'000055,方大集团,5.44,5.47,5.35,5.42,5.42,0.02,0.369,0.6,2525577,13677263.68,4117589883.2,2290015420.48
2013-11-04,'000055,方大集团,5.42,5.44,5.34,5.34,5.34,0.08,1.4981,0.6685,2813941,15150535.78,4102451685.1,2281596246.14
2013-11-01,'000055,方大集团,5.34,5.43,5.28,5.43,5.4,-0.06,-1.1111,0.7165,3016128,16055107.68,4041898892.7,2247919548.78
2013-10-31,'000055,方大集团,5.4,5.5,5.38,5.5,5.44,-0.04,-0.7353,0.4428,1863981,10080033.92,4087313487.0,2273177071.8
2013-10-30,'000055,方大集团,5.44,5.47,5.35,5.44,5.39,0.05,0.9276,0.6621,2786970,15077831.49,4117589883.2,2290015420.48
2013-10-29,'000055,方大集团,5.39,5.78,5.33,5.75,5.75,-0.36,-6.2609,1.5297,6439482,35394695.09,4079744387.95,2268967484.63
2013-10-28,'000055,方大集团,5.75,5.8,5.71,5.72,5.72,0.03,0.5245,0.3826,1610738,9269709.0,4352231953.75,2420512622.75
2013-10-25,'000055,方大集团,5.72,5.8,5.71,5.78,5.77,-0.05,-0.8666,0.6278,2642884,15186289.7,4329524656.6,2407883861.24
2013-10-24,'000055,方大集团,5.77,5.88,5.76,5.81,5.82,-0.05,-0.8591,0.6952,2926300,17014849.15,4367370151.85,2428931797.09
2013-10-23,'000055,方大集团,5.82,6.04,5.78,5.97,5.97,-0.15,-2.5126,1.4406,6064361,35778743.43,4405215647.1,2449979732.94
2013-10-22,'000055,方大集团,5.97,6.08,5.9,5.95,5.93,0.04,0.6745,1.6286,6855881,41146251.86,4518752132.85,2513123540.49
2013-10-21,'000055,方大集团,5.93,5.94,5.72,5.78,5.78,0.15,2.5952,0.9976,4199529,24570332.18,4488475736.65,2496285191.81
2013-10-18,'000055,方大集团,5.78,5.84,5.73,5.8,5.82,-0.04,-0.6873,0.6593,2775463,16011768.18,4374939250.9,2433141384.26
2013-10-17,'000055,方大集团,5.82,5.94,5.71,5.78,5.76,0.06,1.0417,0.9216,3879570,22650172.84,4405215647.1,2449979732.94
2013-10-16,'000055,方大集团,5.76,5.96,5.74,5.9,5.9,-0.14,-2.3729,1.2407,5222887,30365214.43,4359801052.8,2424722209.92
2013-10-15,'000055,方大集团,5.9,6.03,5.89,6.03,6.03,-0.13,-2.1559,1.2945,5449493,32307219.23,4465768439.5,2483656430.3
2013-10-14,'000055,方大集团,6.03,6.08,5.97,6.02,6.01,0.02,0.3328,1.4012,5898559,35539443.51,4564166727.15,2538381063.51
2013-10-11,'000055,方大集团,6.01,6.09,5.93,6.0,5.95,0.06,1.0084,1.9857,8358929,50131149.05,4549028529.05,2529961889.17
2013-10-10,'000055,方大集团,5.95,5.95,5.74,5.84,5.83,0.12,2.0583,1.2994,5470081,32043442.13,4503613934.75,2504704366.15
2013-10-09,'000055,方大集团,5.83,5.84,5.74,5.82,5.84,-0.01,-0.1712,0.7016,2953363,17112630.21,4412784746.15,2454189320.11
2013-10-08,'000055,方大集团,5.84,5.87,5.66,5.72,5.72,0.12,2.0979,1.0679,4495380,25930388.25,4420353845.2,2458398907.28
2013-09-30,'000055,方大集团,5.72,5.77,5.63,5.74,5.75,-0.03,-0.5217,0.9316,3921449,22355931.14,4329524656.6,2407883861.24
2013-09-27,'000055,方大集团,5.75,5.92,5.7,5.88,5.92,-0.17,-2.8716,0.9321,3923665,22803678.06,4352231953.75,2420512622.75
2013-09-26,'000055,方大集团,5.92,6.13,5.82,5.86,5.84,0.08,1.3699,1.2106,5096119,30491861.35,4480906637.6,2492075604.64
2013-09-25,'000055,方大集团,5.84,5.95,5.82,5.95,5.94,-0.1,-1.6835,0.6276,2642060,15516937.24,4420353845.2,2458398907.28
2013-09-24,'000055,方大集团,5.94,6.04,5.9,5.96,5.96,-0.02,-0.3356,1.2704,5347667,31916078.09,4496044835.7,2500494778.98
2013-09-23,'000055,方大集团,5.96,5.99,5.77,5.77,5.77,0.19,3.2929,1.4103,5936743,34895137.12,4511183033.8,2508913953.32
2013-09-18,'000055,方大集团,5.77,5.77,5.54,5.64,5.65,0.12,2.1239,0.8792,3701229,20917200.51,4367370151.85,2428931797.09
2013-09-17,'000055,方大集团,5.65,5.83,5.62,5.83,5.81,-0.16,-2.7539,1.2664,5330835,30442061.58,4276540963.25,2378416751.05
2013-09-16,'000055,方大集团,5.81,5.85,5.78,5.84,5.84,-0.03,-0.5137,0.7528,3168982,18408396.34,4397646548.05,2445770145.77
2013-09-13,'000055,方大集团,5.84,5.89,5.78,5.84,5.79,0.05,0.8636,0.8462,3562258,20737082.8,4420353845.2,2458398907.28
2013-09-12,'000055,方大集团,5.79,5.84,5.76,5.76,5.79,0.0,0.0,1.0077,4242104,24586510.07,4382508349.95,2437350971.43
2013-09-11,'000055,方大集团,5.79,5.92,5.78,5.88,5.88,-0.09,-1.5306,1.2335,5192508,30274693.66,4382508349.95,2437350971.43
2013-09-10,'000055,方大集团,5.88,5.93,5.8,5.8,5.83,0.05,0.8576,1.0128,4263434,24965611.74,4450630241.4,2475237255.96
2013-09-09,'000055,方大集团,5.83,5.87,5.76,5.78,5.77,0.06,1.0399,0.839,3531921,20500393.35,4412784746.15,2454189320.11
2013-09-06,'000055,方大集团,5.77,5.88,5.72,5.8,5.88,-0.11,-1.8707,0.867,3649727,21122824.61,4367370151.85,2428931797.09
2013-09-05,'000055,方大集团,5.88,6.02,5.85,6.0,5.99,-0.11,-1.8364,0.9314,3920781,23174357.03,4450630241.4,2475237255.96
2013-09-04,'000055,方大集团,5.99,6.0,5.85,5.86,5.87,0.12,2.0443,1.2414,5225930,31160310.97,4533890330.95,2521542714.83
2013-09-03,'000055,方大集团,5.87,5.91,5.8,5.89,5.83,0.04,0.6861,0.8294,3491640,20457760.77,4443061142.35,2471027668.79
2013-09-02,'000055,方大集团,5.83,5.83,5.71,5.72,5.74,0.09,1.5679,0.5828,2453307,14167375.57,4412784746.15,2454189320.11
2013-08-30,'000055,方大集团,5.74,5.87,5.73,5.87,5.83,-0.09,-1.5437,1.0581,4454307,25822118.2,4344662854.7,2416303035.58
2013-08-29,'000055,方大集团,5.83,5.86,5.76,5.82,5.83,0.0,0.0,0.8487,3572793,20760201.81,4412784746.15,2454189320.11
2013-08-28,'000055,方大集团,5.83,5.99,5.76,5.99,6.02,-0.19,-3.1561,2.1627,9103896,53309041.69,4412784746.15,2454189320.11
2013-08-27,'000055,方大集团,6.02,6.11,5.97,6.09,6.1,-0.08,-1.3115,1.1028,4642189,28001369.28,4556597628.1,2534171476.34
2013-08-26,'000055,方大集团,6.1,6.1,5.9,5.9,5.94,0.16,2.6936,1.1272,4745228,28575175.61,4617150420.5,2567848173.7
2013-08-23,'000055,方大集团,5.94,6.02,5.7,6.01,6.02,-0.08,-1.3289,1.2419,5227913,30941782.5,4496044835.7,2500494778.98
2013-08-22,'000055,方大集团,6.02,6.11,5.93,6.11,6.11,-0.09,-1.473,1.8602,7830725,47131136.67,4556597628.1,2534171476.34
2013-08-21,'000055,方大集团,6.11,6.15,6.0,6.0,6.02,0.09,1.495,1.1752,4947247,30126158.2,4624719519.55,2572057760.87
2013-08-20,'000055,方大集团,6.02,6.15,5.92,5.93,5.92,0.1,1.6892,1.6001,6735647,40811124.22,4556597628.1,2534171476.34
2013-08-19,'000055,方大集团,5.92,5.98,5.81,5.85,5.91,0.01,0.1692,1.2285,5171370,30486579.51,4480906637.6,2492075604.64
2013-08-16,'000055,方大集团,5.91,6.16,5.82,5.89,5.9,0.01,0.1695,2.2279,9378443,56608596.42,4473337538.55,2487866017.47
2013-08-15,'000055,方大集团,5.9,6.05,5.9,5.94,5.99,-0.09,-1.5025,1.112,4680999,27891465.02,4465768439.5,2483656430.3
2013-08-14,'000055,方大集团,5.99,6.16,5.98,6.1,6.11,-0.12,-1.964,1.3772,5797629,35150548.03,4533890330.95,2521542714.83
2013-08-13,'000055,方大集团,6.11,6.28,6.04,6.12,6.0,0.11,1.8333,2.7649,11639221,71528744.05,4624719519.55,2572057760.87
2013-08-12,'000055,方大集团,6.0,6.05,5.87,5.9,5.89,0.11,1.8676,1.649,6941405,41483104.12,4541459430.0,2525752302.0
2013-08-09,'000055,方大集团,5.89,6.01,5.84,5.87,5.8,0.09,1.5517,1.3562,5708941,33707269.8,4458199340.45,2479446843.13
2013-08-08,'000055,方大集团,5.8,5.93,5.76,5.86,5.87,-0.07,-1.1925,1.4087,5930075,34593200.01,4390077449.0,2441560558.6
2013-08-07,'000055,方大集团,5.87,6.07,5.84,5.98,6.0,-0.13,-2.1667,1.4707,6191185,36751909.55,4443061142.35,2471027668.79
2013-08-06,'000055,方大集团,6.0,6.1,5.84,6.0,5.99,0.01,0.1669,2.0633,8685548,51943531.7,4541459430.0,2525752302.0
2013-08-05,'000055,方大集团,5.99,6.24,5.72,5.72,5.67,0.32,5.6437,4.166,17537265,105663252.1,4533890330.95,2521542714.83
2013-08-02,'000055,方大集团,5.67,5.85,5.66,5.78,5.65,0.02,0.354,1.7615,7415258,42554211.93,4291679161.35,2386835925.39
2013-08-01,'000055,方大集团,5.65,5.69,5.43,5.47,5.43,0.22,4.0516,1.1799,4966682,27757249.99,4276540963.25,2378416751.05
2013-07-31,'000055,方大集团,5.43,5.53,5.41,5.42,5.39,0.04,0.7421,0.5918,2491207,13638667.66,4110020784.15,2285805833.31
2013-07-30,'000055,方大集团,5.39,5.55,5.3,5.46,5.47,-0.08,-1.4625,0.7308,3076268,16681700.87,4079744387.95,2268967484.63
2013-07-29,'000055,方大集团,5.47,5.58,5.43,5.5,5.58,-0.11,-1.9713,0.8094,3407197,18705028.92,4140297180.35,2302644181.99
2013-07-26,'000055,方大集团,5.58,5.77,5.53,5.75,5.72,-0.14,-2.4476,1.189,5005266,28095561.39,4223557269.9,2348949640.86
2013-07-25,'000055,方大集团,5.72,5.75,5.54,5.6,5.62,0.1,1.7794,2.0583,8664741,49079607.57,4329524656.6,2407883861.24
2013-07-24,'000055,方大集团,5.62,5.69,5.47,5.59,5.65,-0.03,-0.531,1.1597,4881709,27158630.27,4253833666.1,2365787989.54
2013-07-23,'000055,方大集团,5.65,5.74,5.47,5.49,5.44,0.21,3.8603,1.4715,6194567,34988355.75,4276540963.25,2378416751.05
2013-07-22,'000055,方大集团,5.44,5.47,5.35,5.43,5.44,0.0,0.0,1.0399,4377738,23703171.92,4117589883.2,2290015420.48
2013-07-19,'000055,方大集团,5.44,5.69,5.44,5.57,5.57,-0.13,-2.3339,1.1528,4852930,27029586.46,4117589883.2,2290015420.48
2013-07-18,'000055,方大集团,5.57,5.66,5.53,5.6,5.63,-0.06,-1.0657,0.9626,4052072,22676648.63,4215988170.85,2344740053.69
2013-07-17,'000055,方大集团,5.63,5.74,5.58,5.74,5.76,-0.13,-2.2569,1.1909,5013193,28356643.39,4261402765.15,2369997576.71
2013-07-16,'000055,方大集团,5.76,5.78,5.59,5.75,5.77,-0.01,-0.1733,1.4405,6063903,34460155.5,4359801052.8,2424722209.92
2013-07-15,'000055,方大集团,5.77,5.83,5.63,5.8,5.76,0.01,0.1736,2.0981,8831986,50589549.2,4367370151.85,2428931797.09
2013-07-12,'000055,方大集团,5.76,5.85,5.61,5.63,5.66,0.1,1.7668,2.3099,9723836,55916865.14,4359801052.8,2424722209.92
2013-07-11,'000055,方大集团,5.66,5.7,5.48,5.55,5.56,0.1,1.7986,2.0258,8527815,47887155.7,4284110062.3,2382626338.22
2013-07-10,'000055,方大集团,5.56,5.65,5.14,5.14,5.19,0.37,7.1291,2.4786,10433962,57144751.05,4208419071.8,2340530466.52
2013-07-09,'000055,方大集团,5.19,5.19,4.99,5.0,5.19,0.0,0.0,0.989,4163252,21191331.63,3928362406.95,2184775741.23
2013-07-08,'000055,方大集团,5.19,5.53,5.19,5.39,5.35,-0.16,-2.9907,1.6936,7129255,38459255.81,3928362406.95,2184775741.23
2013-07-05,'000055,方大集团,5.35,5.37,5.27,5.28,5.27,0.08,1.518,0.7397,3113810,16575482.16,4049467991.75,2252129135.95
2013-07-04,'000055,方大集团,5.27,5.33,5.17,5.27,5.27,0.0,0.0,0.6591,2774428,14613339.36,3988915199.35,2218452438.59
2013-07-03,'000055,方大集团,5.27,5.42,5.17,5.42,5.41,-0.14,-2.5878,1.0152,4273691,22588379.43,3988915199.35,2218452438.59
2013-07-02,'000055,方大集团,5.41,5.47,5.33,5.37,5.37,0.04,0.7449,1.1881,5001469,27054135.49,4094882586.05,2277386658.97
2013-07-01,'000055,方大集团,5.37,5.38,5.21,5.21,5.3,0.07,1.3208,0.7581,3191380,16954871.51,4064606189.85,2260548310.29
2013-06-28,'000055,方大集团,5.3,5.45,5.22,5.35,5.3,0.0,0.0,1.2778,5379188,28703154.59,4011622496.5,2231081200.1
2013-06-27,'000055,方大集团,5.3,5.5,5.15,5.15,5.15,0.15,2.9126,1.9422,8175653,43547041.87,4011622496.5,2231081200.1
2013-06-26,'000055,方大集团,5.15,5.24,4.91,5.01,5.01,0.14,2.7944,0.9017,3795961,19311313.6,3898086010.75,2167937392.55
2013-06-25,'000055,方大集团,5.01,5.12,4.63,5.1,5.1,-0.09,-1.7647,1.2412,5224959,25580986.74,3792118624.05,2109003172.17
2013-06-24,'000055,方大集团,5.1,5.22,4.85,5.2,5.22,-0.12,-2.2989,1.1124,4682564,23489551.41,3860240515.5,2146889456.7
2013-06-21,'000055,方大集团,5.22,5.35,5.05,5.17,5.24,-0.02,-0.3817,0.7181,3022710,15711029.18,3951069704.1,2197404502.74
2013-06-20,'000055,方大集团,5.24,5.42,5.21,5.38,5.42,-0.18,-3.321,0.9641,4058589,21515603.83,3966207902.2,2205823677.08
2013-06-19,'000055,方大集团,5.42,5.47,5.28,5.34,5.3,0.12,2.2642,1.2584,5297327,28440310.29,4102451685.1,2281596246.14
2013-06-18,'000055,方大集团,5.3,5.34,5.21,5.21,5.25,0.05,0.9524,0.7939,3341975,17699605.76,4011622496.5,2231081200.1
2013-06-17,'000055,方大集团,5.25,5.36,5.16,5.35,5.3,-0.05,-0.9434,0.7203,3032111,15913800.08,3973777001.25,2210033264.25
2013-06-14,'000055,方大集团,5.3,5.33,5.1,5.19,5.18,0.12,2.3166,1.0686,4498470,23483754.54,4011622496.5,2231081200.1
2013-06-13,'000055,方大集团,5.18,5.23,4.84,5.21,5.25,-0.07,-1.3333,1.6443,6921988,35088191.65,3920793307.9,2180566154.06
2013-06-07,'000055,方大集团,5.28,5.58,5.25,5.47,5.48,-0.2,-3.6496,1.565,6588154,35739948.73,3996484298.4,2222662025.76
2013-06-06,'000055,方大集团,5.48,5.51,5.42,5.45,5.51,-0.03,-0.5445,0.9687,4077680,22229412.72,4147866279.4,2306853769.16
2013-06-05,'000055,方大集团,5.51,5.52,5.3,5.38,5.43,0.08,1.4733,1.6377,6894102,37479640.07,4170573576.55,2319482530.67
2013-06-04,'000055,方大集团,5.43,5.56,5.31,5.46,5.46,-0.03,-0.5495,1.5611,6571690,35753935.05,4110020784.15,2285805833.31
2013-06-03,'000055,方大集团,5.46,5.47,5.25,5.39,5.43,0.03,0.5525,1.8646,7849224,42078550.07,4132728081.3,2298434594.82
2013-05-31,'000055,方大集团,5.43,5.52,5.4,5.51,5.58,-0.15,-2.6882,1.6731,7042910,38397373.63,4110020784.15,2285805833.31
2013-05-30,'000055,方大集团,5.58,5.69,5.36,5.47,5.3,0.28,5.283,4.89,20585045,112972285.35,4223557269.9,2348949640.86
2013-05-29,'000055,方大集团,5.3,5.36,5.24,5.29,5.3,0.0,0.0,1.431,6023977,31894936.37,4011622496.5,2231081200.1
2013-05-28,'000055,方大集团,5.3,5.35,5.23,5.26,5.3,0.0,0.0,1.5772,6639194,35075592.34,4011622496.5,2231081200.1
2013-05-27,'000055,方大集团,5.3,5.38,5.18,5.32,5.32,-0.02,-0.3759,2.4502,10314202,54379789.61,4011622496.5,2231081200.1
2013-05-24,'000055,方大集团,5.32,5.36,5.1,5.14,5.14,0.18,3.5019,2.8475,11986944,62772352.86,4026760694.6,2239500374.44
2013-05-23,'000055,方大集团,5.14,5.17,4.97,5.05,5.09,0.05,0.9823,2.6023,10954507,55815392.26,3890516911.7,2163727805.38
2013-05-22,'000055,方大集团,5.09,5.2,5.0,5.03,5.03,0.06,1.1928,3.097,13036938,66895101.53,3852671416.45,2142679869.53
2013-05-21,'000055,方大集团,5.03,5.1,4.93,5.03,5.03,0.0,0.0,2.1168,8910919,44751624.08,3807256822.15,2117422346.51
2013-05-20,'000055,方大集团,5.03,5.08,4.96,5.05,5.06,-0.03,-0.5929,2.0263,8529834,42905393.9,3807256822.15,2117422346.51
2013-05-17,'000055,方大集团,5.06,5.14,4.95,4.98,5.01,0.05,0.998,2.5618,10783991,54591305.4,3829964119.3,2130051108.02
2013-05-16,'000055,方大集团,5.01,5.08,4.84,4.89,4.91,0.1,2.0367,3.3178,13966590,69395958.24,3792118624.05,2109003172.17
2013-05-15,'000055,方大集团,4.91,4.95,4.78,4.84,4.82,0.09,1.8672,2.1835,9191668,44844250.65,3716427633.55,2066907300.47
2013-05-14,'000055,方大集团,4.82,5.05,4.79,4.87,4.96,-0.14,-2.8226,4.6681,19650706,96453582.46,3648305742.1,2029021015.94
2013-05-13,'000055,方大集团,4.96,4.96,4.46,4.51,4.51,0.45,9.9778,6.095,25657350,124831698.68,3754273128.8,2087955236.32
2013-05-10,'000055,方大集团,4.51,4.52,4.4,4.41,4.43,0.08,1.8059,0.9166,3858530,17196006.36,3413663671.55,1898523813.67
2013-05-09,'000055,方大集团,4.43,4.48,4.4,4.46,4.48,-0.05,-1.1161,0.7481,3149020,13965690.14,3353110879.15,1864847116.31
2013-05-08,'000055,方大集团,4.48,4.53,4.46,4.52,4.51,-0.03,-0.6652,0.5631,2370584,10627227.95,3390956374.4,1885895052.16
2013-05-07,'000055,方大集团,4.51,4.51,4.46,4.48,4.48,0.03,0.6696,0.5669,2386230,10708150.13,3413663671.55,1898523813.67
2013-05-06,'000055,方大集团,4.48,4.51,4.44,4.45,4.45,0.03,0.6742,0.7582,3191652,14317936.62,3390956374.4,1885895052.16
2013-05-03,'000055,方大集团,4.45,4.49,4.4,4.41,4.4,0.05,1.1364,0.5483,2308147,10278419.42,3368249077.25,1873266290.65
2013-05-02,'000055,方大集团,4.4,4.44,4.36,4.44,4.44,-0.04,-0.9009,0.3248,1367351,5995281.79,3330403582.0,1852218354.8
2013-04-26,'000055,方大集团,4.44,4.46,4.37,4.41,4.41,0.03,0.6803,0.5221,2197934,9690250.3,3360679978.2,1869056703.48
2013-04-25,'000055,方大集团,4.41,4.44,4.37,4.4,4.41,0.0,0.0,0.4876,2052642,9044037.17,3337972681.05,1856427941.97
2013-04-24,'000055,方大集团,4.41,4.44,4.32,4.36,4.35,0.06,1.3793,0.5007,2107545,9268744.48,3337972681.05,1856427941.97
2013-04-23,'000055,方大集团,4.35,4.48,4.32,4.48,4.47,-0.12,-2.6846,0.5513,2320771,10154930.88,3292558086.75,1831170418.95
2013-04-22,'000055,方大集团,4.47,4.51,4.43,4.48,4.51,-0.04,-0.8869,0.4538,1910451,8527989.95,3383387275.35,1881685464.99
2013-04-19,'000055,方大集团,4.51,4.51,4.32,4.32,4.37,0.14,3.2037,0.9386,3951027,17597333.96,3413663671.55,1898523813.67
2013-04-18,'000055,方大集团,4.37,4.39,4.3,4.37,4.37,0.0,0.0,0.3865,1627155,7090062.34,3307696284.85,1839589593.29
2013-04-17,'000055,方大集团,4.37,4.39,4.32,4.34,4.35,0.02,0.4598,0.4808,2024013,8806760.02,3307696284.85,1839589593.29
2013-04-16,'000055,方大集团,4.35,4.35,4.16,4.22,4.27,0.08,1.8735,0.452,1902567,8143829.01,3292558086.75,1831170418.95
2013-04-15,'000055,方大集团,4.27,4.4,4.23,4.4,4.39,-0.12,-2.7335,0.6452,2716004,11676469.72,3232005294.35,1797493721.59
2013-04-12,'000055,方大集团,4.39,4.47,4.39,4.46,4.46,-0.07,-1.5695,0.4047,1703557,7536232.72,3322834482.95,1848008767.63
2013-04-11,'000055,方大集团,4.46,4.53,4.45,4.5,4.46,0.0,0.0,0.4411,1857000,8332038.95,3375818176.3,1877475877.82
2013-04-10,'000055,方大集团,4.46,4.52,4.4,4.5,4.49,-0.03,-0.6682,0.5856,2465224,10981157.91,3375818176.3,1877475877.82
2013-04-09,'000055,方大集团,4.49,4.53,4.45,4.48,4.47,0.02,0.4474,0.512,2155341,9682981.16,3398525473.45,1890104639.33
2013-04-08,'000055,方大集团,4.47,4.51,4.33,4.45,4.5,-0.03,-0.6667,0.802,3376190,14903683.82,3383387275.35,1881685464.99
2013-04-03,'000055,方大集团,4.5,4.66,4.46,4.64,4.64,-0.14,-3.0172,1.2725,5356699,24245949.43,3406094572.5,1894314226.5
2013-04-02,'000055,方大集团,4.64,4.71,4.61,4.62,4.62,0.02,0.4329,0.8392,3532692,16443426.6,3512061959.2,1953248446.88
2013-04-01,'000055,方大集团,4.62,4.7,4.6,4.63,4.65,-0.03,-0.6452,0.7986,3361653,15628918.25,3496923761.1,1944829272.54
2013-03-29,'000055,方大集团,4.65,4.75,4.6,4.69,4.69,-0.04,-0.8529,0.9225,3883239,18109934.77,3519631058.25,1957458034.05
2013-03-28,'000055,方大集团,4.69,4.88,4.67,4.88,4.93,-0.24,-4.8682,1.8825,7924627,37748265.27,3549907454.45,1974296382.73
2013-03-27,'000055,方大集团,4.93,4.94,4.78,4.84,4.85,0.08,1.6495,1.3487,5677371,27622332.07,3731565831.65,2075326474.81
2013-03-26,'000055,方大集团,4.85,4.92,4.77,4.89,4.93,-0.08,-1.6227,1.6529,6957892,33597467.55,3671013039.25,2041649777.45
2013-03-25,'000055,方大集团,4.93,5.02,4.75,4.83,4.83,0.1,2.0704,2.5851,10882406,53234442.75,3731565831.65,2075326474.81
2013-03-22,'000055,方大集团,4.83,4.91,4.7,4.73,4.73,0.1,2.1142,2.9743,12520532,60696373.29,3655874841.15,2033230603.11
2013-03-21,'000055,方大集团,4.73,4.77,4.67,4.73,4.72,0.01,0.2119,1.6688,7024836,33134496.7,3580183850.65,1991134731.41
2013-03-20,'000055,方大集团,4.72,4.73,4.6,4.62,4.65,0.07,1.5054,1.8835,7928874,37237283.67,3572614751.6,1986925144.24
2013-03-19,'000055,方大集团,4.65,4.65,4.5,4.55,4.55,0.1,2.1978,1.0624,4472453,20483054.38,3519631058.25,1957458034.05
2013-03-18,'000055,方大集团,4.55,4.67,4.49,4.66,4.67,-0.12,-2.5696,1.4456,6085514,27672231.66,3443940067.75,1915362162.35
2013-03-15,'000055,方大集团,4.67,4.78,4.61,4.71,4.72,-0.05,-1.0593,2.312,9732651,45835912.32,3534769256.35,1965877208.39
2013-03-14,'000055,方大集团,4.72,5.0,4.53,4.57,4.59,0.13,2.8322,3.9078,16450276,78395728.96,3572614751.6,1986925144.24
2013-03-13,'000055,方大集团,4.59,4.62,4.44,4.53,4.53,0.06,1.3245,1.153,4853721,22060052.42,3474216463.95,1932200511.03
2013-03-12,'000055,方大集团,4.53,4.66,4.47,4.64,4.66,-0.13,-2.7897,1.3236,5571847,25409747.37,3428801869.65,1906942988.01
2013-03-11,'000055,方大集团,4.66,4.66,4.49,4.58,4.57,0.09,1.9694,1.3247,5576494,25556593.96,3527200157.3,1961667621.22
2013-03-08,'000055,方大集团,4.57,4.68,4.52,4.53,4.54,0.03,0.6608,1.0369,4365100,20091666.37,3459078265.85,1923781336.69
2013-03-07,'000055,方大集团,4.54,4.63,4.52,4.57,4.58,-0.04,-0.8734,1.2071,5081558,23244144.37,3436370968.7,1911152575.18
2013-03-06,'000055,方大集团,4.58,4.62,4.52,4.55,4.54,0.04,0.8811,1.3056,5496074,25119933.86,3466647364.9,1927990923.86
2013-03-05,'000055,方大集团,4.54,4.55,4.42,4.42,4.44,0.1,2.2523,0.9122,3840045,17279032.96,3436370968.7,1911152575.18
2013-03-04,'000055,方大集团,4.44,4.68,4.39,4.68,4.7,-0.26,-5.5319,1.936,8149751,37022049.89,3360679978.2,1869056703.48
2013-03-01,'000055,方大集团,4.7,4.72,4.61,4.62,4.64,0.06,1.2931,1.8148,7639420,35708963.59,3557476553.5,1978505969.9
2013-02-28,'000055,方大集团,4.64,4.67,4.5,4.51,4.54,0.1,2.2026,1.893,7968883,36714022.22,3512061959.2,1953248446.88
2013-02-27,'000055,方大集团,4.54,4.68,4.52,4.61,4.45,0.09,2.0225,1.9328,8136264,37305380.39,3436370968.7,1911152575.18
2013-02-26,'000055,方大集团,4.45,4.54,4.45,4.54,4.56,-0.11,-2.4123,0.8135,3424367,15355098.33,3368249077.25,1873266290.65
2013-02-25,'000055,方大集团,4.56,4.64,4.52,4.58,4.56,0.0,0.0,1.1325,4767171,21786673.71,3451509166.8,1919571749.52
2013-02-22,'000055,方大集团,4.56,4.58,4.44,4.48,4.47,0.09,2.0134,1.3826,5820378,26345880.25,3451509166.8,1919571749.52
2013-02-21,'000055,方大集团,4.47,4.59,4.41,4.55,4.6,-0.13,-2.8261,1.303,5485200,24637092.29,3383387275.35,1881685464.99
2013-02-20,'000055,方大集团,4.6,4.61,4.52,4.52,4.52,0.08,1.7699,0.9194,3870147,17704249.23,3481785563.0,1936410098.2
2013-02-19,'000055,方大集团,4.52,4.65,4.5,4.62,4.62,-0.1,-2.1645,1.522,6407114,29291024.23,3421232770.6,1902733400.84
2013-02-18,'000055,方大集团,4.62,4.68,4.53,4.56,4.54,0.08,1.7621,1.9495,8206637,37803463.07,3496923761.1,1944829272.54
2013-02-08,'000055,方大集团,4.54,4.6,4.52,4.58,4.61,-0.07,-1.5184,1.7359,7307498,33268706.65,3436370968.7,1911152575.18
2013-02-07,'000055,方大集团,4.61,4.65,4.44,4.46,4.46,0.15,3.3632,2.3008,9685397,44074734.82,3489354662.05,1940619685.37
2013-02-06,'000055,方大集团,4.46,4.55,4.45,4.48,4.46,0.0,0.0,0.953,4011571,17999509.49,3375818176.3,1877475877.82
2013-02-05,'000055,方大集团,4.46,4.49,4.35,4.43,4.46,0.0,0.0,1.2105,5095828,22560968.86,3375818176.3,1877475877.82
2013-02-04,'000055,方大集团,4.46,4.49,4.39,4.41,4.42,0.04,0.905,1.5209,6402311,28446493.06,3375818176.3,1877475877.82
2013-02-01,'000055,方大集团,4.42,4.44,4.37,4.44,4.44,-0.02,-0.4505,0.8846,3723684,16392775.2,3345541780.1,1860637529.14
2013-01-31,'000055,方大集团,4.44,4.47,4.34,4.41,4.41,0.03,0.6803,1.0913,4594027,20248395.71,3360679978.2,1869056703.48
2013-01-30,'000055,方大集团,4.41,4.49,4.39,4.44,4.43,-0.02,-0.4515,0.9763,4110012,18163220.07,3337972681.05,1856427941.97
2013-01-29,'000055,方大集团,4.43,4.44,4.38,4.42,4.4,0.03,0.6818,1.0729,4516301,19923771.23,3353110879.15,1864847116.31
2013-01-28,'000055,方大集团,4.4,4.41,4.29,4.3,4.29,0.11,2.5641,0.8108,3413198,14890005.74,3330403582.0,1852218354.8
2013-01-25,'000055,方大集团,4.29,4.4,4.28,4.36,4.38,-0.09,-2.0548,1.0768,4532845,19660873.24,3247143492.45,1805912895.93
2013-01-24,'000055,方大集团,4.38,4.59,4.35,4.57,4.59,-0.21,-4.5752,2.5283,10643223,47631879.79,3315265383.9,1843799180.46
2013-01-23,'000055,方大集团,4.59,4.63,4.45,4.5,4.51,0.08,1.7738,2.4035,10117924,46103511.27,3474216463.95,1932200511.03
2013-01-22,'000055,方大集团,4.51,4.64,4.44,4.52,4.52,-0.01,-0.2212,2.598,10936636,49573866.09,3413663671.55,1898523813.67
2013-01-21,'000055,方大集团,4.52,4.56,4.46,4.54,4.54,-0.02,-0.4405,1.8362,7729650,34832029.11,3421232770.6,1902733400.84
2013-01-18,'000055,方大集团,4.54,4.56,4.4,4.4,4.41,0.13,2.9478,2.8088,11823753,53050376.18,3436370968.7,1911152575.18
2013-01-17,'000055,方大集团,4.41,4.45,4.36,4.4,4.4,0.01,0.2273,1.3591,5721132,25175339.89,3337972681.05,1856427941.97
2013-01-16,'000055,方大集团,4.4,4.49,4.34,4.43,4.45,-0.05,-1.1236,1.6462,6929957,30567189.39,3330403582.0,1852218354.8
2013-01-15,'000055,方大集团,4.45,4.46,4.34,4.36,4.37,0.08,1.8307,2.1653,9115160,40374575.91,3368249077.25,1873266290.65
2013-01-14,'000055,方大集团,4.37,4.37,4.23,4.25,4.25,0.12,2.8235,1.3204,5558480,23963379.7,3307696284.85,1839589593.29
2013-01-11,'000055,方大集团,4.25,4.41,4.23,4.4,4.39,-0.14,-3.1891,1.4778,6220981,26874758.75,3216867096.25,1789074547.25
2013-01-10,'000055,方大集团,4.39,4.43,4.36,4.36,4.41,-0.02,-0.4535,1.3322,5607818,24633268.62,3322834482.95,1848008767.63
2013-01-09,'000055,方大集团,4.41,4.51,4.36,4.45,4.45,-0.04,-0.8989,2.296,9665383,42942190.85,3337972681.05,1856427941.97
2013-01-08,'000055,方大集团,4.45,4.48,4.38,4.39,4.38,0.07,1.5982,2.1042,8857833,39276328.56,3368249077.25,1873266290.65
2013-01-07,'000055,方大集团,4.38,4.4,4.3,4.31,4.34,0.04,0.9217,1.1681,4917092,21445260.31,3315265383.9,1843799180.46
2013-01-04,'000055,方大集团,4.34,4.44,4.27,4.43,4.4,-0.06,-1.3636,1.4012,5898520,25701317.38,3284988987.7,1826960831.78
2012-12-31,'000055,方大集团,4.4,4.45,4.3,4.34,4.35,0.05,1.1494,1.6173,6808315,29843136.19,3330403582.0,1852218354.8
2012-12-28,'000055,方大集团,4.35,4.36,4.26,4.31,4.35,0.0,0.0,1.4592,6142751,26497398.92,3292558086.75,1831170418.95
2012-12-27,'000055,方大集团,4.35,4.48,4.32,4.36,4.37,-0.02,-0.4577,2.2866,9625647,42450468.7,3292558086.75,1831170418.95
2012-12-26,'000055,方大集团,4.37,4.4,4.31,4.37,4.36,0.01,0.2294,1.3834,5823645,25360346.67,3307696284.85,1839589593.29
2012-12-25,'000055,方大集团,4.36,4.39,4.22,4.28,4.28,0.08,1.8692,1.7795,7490937,32432889.98,3300127185.8,1835380006.12
2012-12-24,'000055,方大集团,4.28,4.31,4.24,4.25,4.26,0.02,0.4695,0.6917,2911909,12453622.57,3239574393.4,1801703308.76
2012-12-21,'000055,方大集团,4.26,4.37,4.25,4.33,4.31,-0.05,-1.1601,1.28,5388230,23190157.39,3224436195.3,1793284134.42
2012-12-20,'000055,方大集团,4.31,4.36,4.25,4.35,4.36,-0.05,-1.1468,1.5131,6369432,27396282.32,3262281690.55,1814332070.27
2012-12-19,'000055,方大集团,4.36,4.42,4.3,4.35,4.42,-0.06,-1.3575,1.835,7724472,33550192.17,3300127185.8,1835380006.12
2012-12-18,'000055,方大集团,4.42,4.55,4.28,4.35,4.4,0.02,0.4545,3.3598,14143232,62876990.65,3345541780.1,1860637529.14
2012-12-17,'000055,方大集团,4.4,4.66,4.39,4.65,4.24,0.16,3.7736,5.6087,23610338,106676929.86,3330403582.0,1852218354.8
2012-12-14,'000055,方大集团,4.24,4.24,4.04,4.06,4.04,0.2,4.9505,2.3118,9731735,40628079.69,3209297997.2,1784864960.08
2012-12-13,'000055,方大集团,4.04,4.15,4.03,4.13,4.13,-0.09,-2.1792,0.8302,3494735,14250492.3,3057916016.2,1700673216.68
2012-12-12,'000055,方大集团,4.13,4.16,4.07,4.07,4.1,0.03,0.7317,0.8617,3627475,14956554.2,3126037907.65,1738559501.21
2012-12-11,'000055,方大集团,4.1,4.21,4.09,4.21,4.19,-0.09,-2.148,1.5926,6704034,27702895.92,3103330610.5,1725930739.7
2012-12-10,'000055,方大集团,4.19,4.26,4.15,4.26,4.2,-0.01,-0.2381,1.5953,6715505,28148772.45,3171452501.95,1763817024.23
2012-12-07,'000055,方大集团,4.2,4.2,4.06,4.09,4.1,0.1,2.439,2.0042,8436710,35037833.55,3179021601.0,1768026611.4
2012-12-06,'000055,方大集团,4.1,4.14,4.06,4.11,4.12,-0.02,-0.4854,1.097,4618097,18911152.1,3103330610.5,1725930739.7
2012-12-05,'000055,方大集团,4.12,4.21,4.0,4.02,4.05,0.07,1.7284,2.3448,9870448,40583538.69,3118468808.6,1734349914.04
2012-12-04,'000055,方大集团,4.05,4.1,3.89,3.89,3.91,0.14,3.5806,1.452,6112442,24549520.81,3065485115.25,1704882803.85
2012-12-03,'000055,方大集团,3.91,3.95,3.81,3.81,3.87,0.04,1.0336,0.7142,3006580,11708986.69,2959517728.55,1645948583.47
2012-11-30,'000055,方大集团,3.87,3.89,3.76,3.86,3.83,0.04,1.0444,0.55,2315086,8901541.37,2929241332.35,1629110234.79
2012-11-29,'000055,方大集团,3.83,3.89,3.79,3.8,3.85,-0.02,-0.5195,0.5741,2416753,9275547.31,2898964936.15,1612271886.11
2012-11-28,'000055,方大集团,3.85,3.95,3.71,3.71,4.03,-0.18,-4.4665,1.1687,4919657,18880759.42,2914103134.25,1620691060.45
2012-11-27,'000055,方大集团,4.03,4.27,3.93,3.93,3.89,0.14,3.599,2.4894,10479443,42582697.75,3050346917.15,1696463629.51
2012-11-26,'000055,方大集团,3.89,3.97,3.88,3.97,3.94,-0.05,-1.269,0.2395,1008350,3954583.5,2944379530.45,1637529409.13
2012-11-23,'000055,方大集团,3.94,3.96,3.91,3.92,3.91,0.03,0.7673,0.2332,981579,3867330.91,2982225025.7,1658577344.98
2012-11-22,'000055,方大集团,3.91,3.96,3.9,3.96,3.97,-0.06,-1.5113,0.2739,1153030,4522985.3,2959517728.55,1645948583.47
2012-11-21,'000055,方大集团,3.97,3.99,3.83,3.95,3.96,0.01,0.2525,0.651,2740500,10747051.35,3004932322.85,1671206106.49
2012-11-20,'000055,方大集团,3.96,3.99,3.93,3.97,3.95,0.01,0.2532,0.3145,1323993,5240835.75,2997363223.8,1666996519.32
2012-11-19,'000055,方大集团,3.95,3.96,3.89,3.9,3.91,0.04,1.023,0.3899,1641356,6446367.06,2989794124.75,1662786932.15
2012-11-16,'000055,方大集团,3.91,3.94,3.88,3.9,3.9,0.01,0.2564,0.4692,1975042,7727092.12,2959517728.55,1645948583.47
2012-11-15,'000055,方大集团,3.9,3.96,3.88,3.93,3.94,-0.04,-1.0152,0.4847,2040450,7998666.0,2951948629.5,1641738996.3
2012-11-14,'000055,方大集团,3.94,3.98,3.9,3.97,3.97,-0.03,-0.7557,0.5865,2468811,9723021.72,2982225025.7,1658577344.98
2012-11-13,'000055,方大集团,3.97,4.1,3.95,4.09,4.1,-0.13,-3.1707,0.6438,2710260,10903400.21,3004932322.85,1671206106.49
2012-11-12,'000055,方大集团,4.1,4.14,4.04,4.09,4.11,-0.01,-0.2433,0.5366,2258919,9226822.29,3103330610.5,1725930739.7
2012-11-09,'000055,方大集团,4.11,4.15,4.04,4.07,4.1,0.01,0.2439,0.4769,2007534,8212723.9,3110899709.55,1730140326.87
2012-11-08,'000055,方大集团,4.1,4.15,4.09,4.15,4.17,-0.07,-1.6787,0.5729,2411463,9925820.63,3103330610.5,1725930739.7
2012-11-07,'000055,方大集团,4.17,4.2,4.08,4.15,4.13,0.04,0.9685,0.6606,2781015,11537828.04,3156314303.85,1755397849.89
2012-11-06,'000055,方大集团,4.13,4.17,4.05,4.16,4.19,-0.06,-1.432,0.6837,2878196,11831459.34,3126037907.65,1738559501.21
2012-11-05,'000055,方大集团,4.19,4.22,4.15,4.18,4.17,0.02,0.4796,0.6541,2753604,11524785.07,3171452501.95,1763817024.23
2012-11-02,'000055,方大集团,4.17,4.19,4.11,4.14,4.14,0.03,0.7246,0.7161,3014492,12513715.41,3156314303.85,1755397849.89
2012-11-01,'000055,方大集团,4.14,4.17,4.07,4.07,4.08,0.06,1.4706,0.675,2841408,11753859.5,3133607006.7,1742769088.38
2012-10-31,'000055,方大集团,4.08,4.14,4.03,4.05,4.08,0.0,0.0,0.5875,2473153,10081205.66,3088192412.4,1717511565.36
2012-10-30,'000055,方大集团,4.08,4.15,4.07,4.11,4.12,-0.04,-0.9709,0.5031,2117798,8668392.96,3088192412.4,1717511565.36
2012-10-29,'000055,方大集团,4.12,4.12,4.01,4.08,4.1,0.02,0.4878,0.4757,2002668,8161020.77,3118468808.6,1734349914.04
2012-10-26,'000055,方大集团,4.1,4.27,4.07,4.24,4.25,-0.15,-3.5294,1.1244,4733163,19629260.16,3103330610.5,1725930739.7
2012-10-25,'000055,方大集团,4.25,4.38,4.25,4.32,4.32,-0.07,-1.6204,0.9136,3845925,16568599.96,3216867096.25,1789074547.25
2012-10-24,'000055,方大集团,4.32,4.38,4.26,4.28,4.33,-0.01,-0.2309,0.8806,3707048,16043688.03,3269850789.6,1818541657.44
2012-10-23,'000055,方大集团,4.33,4.41,4.32,4.33,4.32,0.01,0.2315,1.2752,5368060,23416146.45,3277419888.65,1822751244.61
2012-10-22,'000055,方大集团,4.32,4.32,4.25,4.3,4.32,0.0,0.0,0.8327,3505252,15023052.48,3269850789.6,1818541657.44
2012-10-19,'000055,方大集团,4.32,4.39,4.31,4.37,4.37,-0.05,-1.1442,0.9328,3926694,17053184.49,3269850789.6,1818541657.44
2012-10-18,'000055,方大集团,4.37,4.43,4.25,4.29,4.27,0.1,2.3419,1.8118,7626893,33103257.39,3307696284.85,1839589593.29
2012-10-17,'000055,方大集团,4.27,4.28,4.2,4.22,4.23,0.04,0.9456,0.9273,3903718,16575651.33,3232005294.35,1797493721.59
2012-10-16,'000055,方大集团,4.23,4.27,4.16,4.23,4.23,0.0,0.0,0.8767,3690513,15592392.93,3201728898.15,1780655372.91
2012-10-15,'000055,方大集团,4.23,4.3,4.17,4.28,4.28,-0.05,-1.1682,1.01,4251512,17882215.4,3201728898.15,1780655372.91
2012-10-12,'000055,方大集团,4.28,4.39,4.2,4.34,4.32,-0.04,-0.9259,1.4505,6105913,26214759.9,3239574393.4,1801703308.76
2012-10-11,'000055,方大集团,4.32,4.53,4.31,4.53,4.53,-0.21,-4.6358,2.6681,11231729,49430510.97,3269850789.6,1818541657.44
2012-10-10,'000055,方大集团,4.53,4.58,4.39,4.42,4.49,0.04,0.8909,2.8698,12080830,54114400.42,3428801869.65,1906942988.01
2012-10-09,'000055,方大集团,4.49,4.5,4.3,4.3,4.31,0.18,4.1763,2.783,11715268,52121430.81,3398525473.45,1890104639.33
2012-10-08,'000055,方大集团,4.31,4.35,4.26,4.34,4.32,-0.01,-0.2315,0.9969,4196512,18008436.41,3262281690.55,1814332070.27
2012-09-28,'000055,方大集团,4.32,4.34,4.21,4.24,4.3,0.02,0.4651,2.0343,8563622,36715596.13,3269850789.6,1818541657.44
2012-09-27,'000055,方大集团,4.3,4.35,4.11,4.12,4.14,0.16,3.8647,2.0274,8534488,36256441.47,3254712591.5,1810122483.1
2012-09-26,'000055,方大集团,4.14,4.3,4.12,4.29,4.27,-0.13,-3.0445,1.5296,6439079,26851525.81,3133607006.7,1742769088.38
2012-09-25,'000055,方大集团,4.27,4.37,4.21,4.37,4.42,-0.15,-3.3937,1.9408,8169793,35084447.71,3232005294.35,1797493721.59
2012-09-24,'000055,方大集团,4.42,4.52,4.16,4.22,4.27,0.15,3.5129,3.1833,13400456,58674714.82,3345541780.1,1860637529.14
2012-09-21,'000055,方大集团,4.27,4.38,4.2,4.3,4.3,-0.03,-0.6977,1.8644,7848405,33747110.44,3232005294.35,1797493721.59
2012-09-20,'000055,方大集团,4.3,4.54,4.28,4.53,4.58,-0.28,-6.1135,3.0299,12754710,55759505.95,3254712591.5,1810122483.1
2012-09-19,'000055,方大集团,4.58,4.6,4.46,4.5,4.5,0.08,1.7778,2.1534,9064871,41045235.84,3466647364.9,1927990923.86
2012-09-18,'000055,方大集团,4.5,4.56,4.44,4.44,4.46,0.04,0.8969,2.1974,9250033,41783226.2,3406094572.5,1894314226.5
2012-09-17,'000055,方大集团,4.46,4.6,4.45,4.6,4.63,-0.17,-3.6717,2.8192,11867597,53432443.23,3375818176.3,1877475877.82
2012-09-14,'000055,方大集团,4.63,4.74,4.56,4.62,4.59,0.04,0.8715,4.2598,17932032,83456958.78,3504492860.15,1949038859.71
2012-09-13,'000055,方大集团,4.59,4.81,4.59,4.74,4.89,-0.3,-6.135,5.073,21355186,100552153.87,3474216463.95,1932200511.03
2012-09-12,'000055,方大集团,4.89,4.94,4.71,4.91,4.88,0.01,0.2049,6.9099,29087797,139910462.07,3701289435.45,2058488126.13
2012-09-11,'000055,方大集团,4.88,5.13,4.78,5.12,5.04,-0.16,-3.1746,9.5099,40032899,195637035.31,3693720336.4,2054278538.96
2012-09-10,'000055,方大集团,5.04,5.04,4.87,5.04,4.58,0.46,10.0437,12.8377,54041315,270989390.58,3814825921.2,2121631933.68
2012-09-07,'000055,方大集团,4.58,4.58,4.58,4.58,4.16,0.42,10.0962,1.7304,7284252,33361874.16,3466647364.9,1927990923.86
2012-09-06,'000055,方大集团,4.16,4.16,4.16,4.16,3.78,0.38,10.0529,1.5082,6348959,26411669.44,3148745204.8,1751188262.72
2012-09-05,'000055,方大集团,3.78,3.79,3.71,3.75,3.75,0.03,0.8,0.3814,1605576,6021615.65,2861119440.9,1591223950.26
2012-09-04,'000055,方大集团,3.75,3.86,3.75,3.85,3.86,-0.11,-2.8497,0.6031,2538679,9633900.61,2838412143.75,1578595188.75
2012-09-03,'000055,方大集团,3.86,3.86,3.75,3.79,3.81,0.05,1.3123,0.4825,2031102,7746462.56,2921672233.3,1624900647.62
2012-08-31,'000055,方大集团,3.81,3.82,3.75,3.77,3.79,0.02,0.5277,0.2505,1054313,4005151.81,2883826738.05,1603852711.77
2012-08-30,'000055,方大集团,3.79,3.94,3.75,3.78,3.77,0.02,0.5305,0.5359,2255962,8637637.28,2868688539.95,1595433537.43
2012-08-29,'000055,方大集团,3.77,3.83,3.74,3.76,3.77,0.0,0.0,0.2623,1104065,4184229.4,2853550341.85,1587014363.09
2012-08-28,'000055,方大集团,3.77,3.84,3.73,3.75,3.76,0.01,0.266,0.3618,1522980,5758621.1,2853550341.85,1587014363.09
2012-08-27,'000055,方大集团,3.76,3.99,3.75,3.87,3.88,-0.12,-3.0928,0.4421,1861161,7116775.53,2845981242.8,1582804775.92
2012-08-24,'000055,方大集团,3.88,4.01,3.86,4.0,4.03,-0.15,-3.7221,0.4932,2076300,8162254.0,2936810431.4,1633319821.96
2012-08-23,'000055,方大集团,4.03,4.06,3.98,3.98,3.98,0.05,1.2563,0.6782,2854756,11477610.08,3050346917.15,1696463629.51
2012-08-22,'000055,方大集团,3.98,4.02,3.94,3.96,3.96,0.02,0.5051,0.5896,2481818,9860375.18,3012501421.9,1675415693.66
2012-08-21,'000055,方大集团,3.96,4.0,3.87,3.92,3.91,0.05,1.2788,0.5703,2400929,9492401.93,2997363223.8,1666996519.32
2012-08-20,'000055,方大集团,3.91,3.92,3.81,3.9,3.92,-0.01,-0.2551,0.4734,1992636,7684135.03,2959517728.55,1645948583.47
2012-08-17,'000055,方大集团,3.92,3.97,3.87,3.94,3.95,-0.03,-0.7595,0.4375,1841805,7207745.51,2967086827.6,1650158170.64
2012-08-16,'000055,方大集团,3.95,4.02,3.93,4.01,4.02,-0.07,-1.7413,0.4639,1952908,7750745.81,2989794124.75,1662786932.15
2012-08-15,'000055,方大集团,4.02,4.11,4.01,4.05,4.1,-0.08,-1.9512,0.5189,2184157,8834499.34,3042777818.1,1692254042.34
2012-08-14,'000055,方大集团,4.1,4.1,3.91,4.0,4.04,0.06,1.4851,1.0279,4326836,17330738.93,3103330610.5,1725930739.7
2012-08-13,'000055,方大集团,4.04,4.17,4.01,4.1,4.1,-0.06,-1.4634,1.1186,4708766,19296039.06,3057916016.2,1700673216.68
2012-08-10,'000055,方大集团,4.1,4.17,4.05,4.15,4.21,-0.11,-2.6128,1.6076,6767454,27824323.33,3103330610.5,1725930739.7
2012-08-09,'000055,方大集团,4.21,4.24,4.04,4.21,4.29,-0.08,-1.8648,2.4718,10405277,43115467.9,3186590700.05,1772236198.57
2012-08-08,'000055,方大集团,4.29,4.45,4.25,4.37,4.18,0.11,2.6316,5.0096,21088403,91329780.59,3247143492.45,1805912895.93
2012-08-07,'000055,方大集团,4.18,4.18,4.02,4.02,3.8,0.38,10.0,1.3746,5786668,24094461.33,3163883402.9,1759607437.06
2012-08-06,'000055,方大集团,3.8,3.82,3.71,3.75,3.74,0.06,1.6043,0.5108,2150275,8131524.33,2876257639.0,1599643124.6
2012-08-03,'000055,方大集团,3.74,3.75,3.62,3.65,3.63,0.11,3.0303,0.3357,1413191,5221118.36,2830843044.7,1574385601.58
2012-08-02,'000055,方大集团,3.63,3.71,3.62,3.7,3.73,-0.1,-2.681,0.2619,1102543,4028748.97,2747582955.15,1528080142.71
2012-08-01,'000055,方大集团,3.73,3.75,3.63,3.67,3.66,0.07,1.9126,0.2652,1116303,4134549.61,2823273945.65,1570176014.41
2012-07-31,'000055,方大集团,3.66,3.8,3.55,3.78,3.79,-0.13,-3.4301,0.3833,1613454,5888430.24,2770290252.3,1540708904.22
2012-07-30,'000055,方大集团,3.79,3.92,3.74,3.85,3.9,-0.11,-2.8205,0.5633,2371366,8997444.75,2868688539.95,1595433537.43
2012-07-27,'000055,方大集团,3.9,3.97,3.88,3.97,3.95,-0.05,-1.2658,0.2465,1037817,4067189.51,2951948629.5,1641738996.3
2012-07-26,'000055,方大集团,3.95,4.0,3.94,4.0,3.96,-0.01,-0.2525,0.2861,1204487,4778036.09,2989794124.75,1662786932.15
2012-07-25,'000055,方大集团,3.96,4.03,3.93,3.97,3.95,0.01,0.2532,0.3898,1640841,6531169.02,2997363223.8,1666996519.32
2012-07-24,'000055,方大集团,3.95,3.99,3.86,3.86,3.9,0.05,1.2821,0.3598,1514412,5972197.81,2989794124.75,1662786932.15
2012-07-23,'000055,方大集团,3.9,3.95,3.88,3.95,3.95,-0.05,-1.2658,0.2096,882182,3441976.48,2951948629.5,1641738996.3
2012-07-20,'000055,方大集团,3.95,4.02,3.94,4.01,4.0,-0.05,-1.25,0.5294,2228742,8858718.38,2989794124.75,1662786932.15
2012-07-19,'000055,方大集团,4.0,4.12,3.82,3.86,3.87,0.13,3.3592,0.8514,3583874,14326499.62,3027639620.0,1683834868.0
2012-07-18,'000055,方大集团,3.87,3.87,3.79,3.85,3.84,0.03,0.7813,0.2437,1025893,3927554.86,2929241332.35,1629110234.79
2012-07-17,'000055,方大集团,3.84,3.86,3.78,3.79,3.8,0.04,1.0526,0.2253,948503,3628043.62,2906534035.2,1616481473.28
2012-07-16,'000055,方大集团,3.8,3.99,3.78,3.98,3.98,-0.18,-4.5226,0.4451,1873863,7250917.31,2876257639.0,1599643124.6
2012-07-13,'000055,方大集团,3.98,4.03,3.96,4.03,4.02,-0.04,-0.995,0.2599,1093977,4374399.07,3012501421.9,1675415693.66
2012-07-12,'000055,方大集团,4.02,4.03,3.9,3.96,3.93,0.09,2.2901,0.3893,1638921,6516302.33,3042777818.1,1692254042.34
2012-07-11,'000055,方大集团,3.93,3.95,3.9,3.91,3.89,0.04,1.0283,0.2123,893803,3512541.5,2974655926.65,1654367757.81
2012-07-10,'000055,方大集团,3.89,3.94,3.87,3.89,3.89,0.0,0.0,0.2539,1068676,4172330.66,2944379530.45,1637529409.13
2012-07-09,'000055,方大集团,3.89,4.04,3.88,4.04,4.04,-0.15,-3.7129,0.3845,1618436,6410465.04,2944379530.45,1637529409.13
2012-07-06,'000055,方大集团,4.04,4.05,3.9,4.0,3.97,0.07,1.7632,0.4311,1814900,7243788.82,3057916016.2,1700673216.68
2012-07-05,'000055,方大集团,3.97,4.09,3.96,4.09,4.07,-0.1,-2.457,0.3327,1400522,5594656.69,3004932322.85,1671206106.49
2012-07-04,'000055,方大集团,4.07,4.12,4.04,4.04,4.02,0.05,1.2438,0.4047,1703720,6946856.54,3080623313.35,1713301978.19
2012-07-03,'000055,方大集团,4.02,4.08,4.01,4.07,4.03,-0.01,-0.2481,0.3935,1656471,6710885.89,3042777818.1,1692254042.34
2012-07-02,'000055,方大集团,4.03,4.09,4.02,4.04,4.02,0.01,0.2488,0.3377,1421522,5756532.3,3050346917.15,1696463629.51
2012-06-29,'000055,方大集团,4.02,4.02,3.9,3.98,4.0,0.02,0.5,0.4628,1948080,7746728.11,3042777818.1,1692254042.34
2012-06-28,'000055,方大集团,4.0,4.14,3.99,4.1,4.1,-0.1,-2.439,0.3898,1640857,6653431.72,3027639620.0,1683834868.0
2012-06-27,'000055,方大集团,4.1,4.16,4.08,4.13,4.15,-0.05,-1.2048,0.3019,1271001,5244474.54,3103330610.5,1725930739.7
2012-06-26,'000055,方大集团,4.15,4.16,4.06,4.11,4.14,0.01,0.2415,0.4363,1836485,7532508.24,3141176105.75,1746978675.55
2012-06-25,'000055,方大集团,4.14,4.25,4.11,4.14,4.15,-0.01,-0.241,0.6442,2711781,11324210.67,3133607006.7,1742769088.38
2012-06-21,'000055,方大集团,4.15,4.29,4.15,4.25,4.28,-0.13,-3.0374,0.769,3237035,13606630.15,3141176105.75,1746978675.55
2012-06-20,'000055,方大集团,4.28,4.43,4.25,4.41,4.4,-0.12,-2.7273,0.8406,3538461,15300623.8,3239574393.4,1801703308.76
2012-06-19,'000055,方大集团,4.4,4.47,4.38,4.47,4.53,-0.13,-2.8698,0.8199,3451371,15188090.93,3330403582.0,1852218354.8
2012-06-18,'000055,方大集团,4.53,4.54,4.46,4.46,4.44,0.09,2.027,0.639,2689954,12130074.2,3428801869.65,1906942988.01
2012-06-15,'000055,方大集团,4.44,4.53,4.38,4.48,4.47,-0.03,-0.6711,0.5031,2117974,9430106.18,3360679978.2,1869056703.48
2012-06-14,'000055,方大集团,4.47,4.52,4.45,4.48,4.48,-0.01,-0.2232,0.356,1498678,6723085.29,3383387275.35,1881685464.99
2012-06-13,'000055,方大集团,4.48,4.49,4.42,4.44,4.41,0.07,1.5873,0.35,1473480,6574134.85,3390956374.4,1885895052.16
2012-06-12,'000055,方大集团,4.41,4.47,4.4,4.47,4.49,-0.08,-1.7817,0.2937,1236183,5475066.1,3337972681.05,1856427941.97
2012-06-11,'000055,方大集团,4.49,4.49,4.37,4.41,4.41,0.08,1.8141,0.5907,2486751,11039370.37,3398525473.45,1890104639.33
2012-06-08,'000055,方大集团,4.41,4.5,4.4,4.47,4.44,-0.03,-0.6757,0.3353,1411643,6272653.78,3337972681.05,1856427941.97
2012-06-07,'000055,方大集团,4.44,4.58,4.44,4.54,4.48,-0.04,-0.8929,0.4676,1968607,8853520.52,3360679978.2,1869056703.48
2012-06-06,'000055,方大集团,4.48,4.57,4.46,4.55,4.51,-0.03,-0.6652,0.3117,1312088,5915232.58,3390956374.4,1885895052.16
2012-06-05,'000055,方大集团,4.51,4.57,4.48,4.5,4.51,0.0,0.0,0.3937,1657118,7480256.5,3413663671.55,1898523813.67
2012-06-04,'000055,方大集团,4.51,4.64,4.5,4.62,4.72,-0.21,-4.4492,0.7346,3092241,14111031.86,3413663671.55,1898523813.67
2012-06-01,'000055,方大集团,4.72,4.8,4.7,4.77,4.77,-0.05,-1.0482,0.4743,1996577,9488265.07,3572614751.6,1986925144.24
2012-05-31,'000055,方大集团,4.77,4.83,4.72,4.76,4.78,-0.01,-0.2092,0.4255,1791274,8567367.4,3610460246.85,2007973080.09
2012-05-30,'000055,方大集团,4.78,4.84,4.71,4.73,4.75,0.03,0.6316,0.6404,2695938,12842859.72,3618029345.9,2012182667.26
2012-05-29,'000055,方大集团,4.75,4.82,4.65,4.65,4.66,0.09,1.9313,0.7209,3034561,14485887.32,3595322048.75,1999553905.75
2012-05-28,'000055,方大集团,4.66,4.67,4.45,4.59,4.6,0.06,1.3043,0.5501,2315750,10550502.35,3527200157.3,1961667621.22
2012-05-25,'000055,方大集团,4.6,4.73,4.58,4.72,4.72,-0.12,-2.5424,0.6324,2662166,12372807.79,3481785563.0,1936410098.2
2012-05-24,'000055,方大集团,4.72,4.84,4.7,4.84,4.84,-0.12,-2.4793,0.5464,2299946,10920947.46,3572614751.6,1986925144.24
2012-05-23,'000055,方大集团,4.84,4.87,4.74,4.77,4.77,0.07,1.4675,0.628,2643441,12718273.98,3663443940.2,2037440190.28
2012-05-22,'000055,方大集团,4.77,4.78,4.7,4.71,4.68,0.09,1.9231,0.3268,1375590,6536533.09,3610460246.85,2007973080.09
2012-05-21,'000055,方大集团,4.68,4.75,4.62,4.67,4.7,-0.02,-0.4255,0.4426,1862963,8750118.35,3542338355.4,1970086795.56
2012-05-18,'000055,方大集团,4.7,4.96,4.7,4.94,4.98,-0.28,-5.6225,0.8035,3382326,16331517.95,3557476553.5,1978505969.9
2012-05-17,'000055,方大集团,4.98,4.99,4.86,4.88,4.9,0.08,1.6327,0.6218,2617632,12948896.93,3769411326.9,2096374410.66
2012-05-16,'000055,方大集团,4.9,4.96,4.89,4.94,4.88,0.02,0.4098,0.4638,1952484,9602195.79,3708858534.5,2062697713.3
2012-05-15,'000055,方大集团,4.88,4.93,4.83,4.93,4.94,-0.06,-1.2146,0.5625,2367885,11530891.39,3693720336.4,2054278538.96
2012-05-14,'000055,方大集团,4.94,4.98,4.88,4.92,4.86,0.08,1.6461,0.6077,2558113,12626888.55,3739134930.7,2079536061.98
2012-05-11,'000055,方大集团,4.86,5.01,4.86,4.97,4.97,-0.11,-2.2133,0.7114,2994842,14805219.44,3678582138.3,2045859364.62
2012-05-10,'000055,方大集团,0.0,0.0,0.0,0.0,4.97,None,None,0.0,0,0.0,3761842227.85,2092164823.49
2012-05-09,'000055,方大集团,4.97,5.0,4.9,4.96,4.99,-0.02,-0.4008,0.6203,2611211,12941567.96,3761842227.85,2092164823.49
2012-05-08,'000055,方大集团,4.99,5.08,4.92,5.07,5.06,-0.07,-1.3834,0.9874,4156377,20682482.94,3776980425.95,2100583997.83
2012-05-07,'000055,方大集团,5.06,5.11,5.0,5.09,5.09,-0.03,-0.5894,0.9529,4011350,20242189.78,3829964119.3,2130051108.02
2012-05-04,'000055,方大集团,5.09,5.16,5.02,5.05,5.07,0.02,0.3945,0.5736,2414549,12265494.7,3852671416.45,2142679869.53
2012-05-03,'000055,方大集团,5.07,5.16,5.0,5.16,5.17,-0.1,-1.9342,0.9034,3802776,19249697.09,3837533218.35,2134260695.19
2012-05-02,'000055,方大集团,5.17,5.19,5.07,5.14,5.09,0.08,1.5717,0.6361,2677528,13787258.22,3913224208.85,2176356566.89
2012-04-27,'000055,方大集团,5.09,5.2,5.03,5.18,5.16,-0.07,-1.3566,0.5918,2491220,12763278.05,3852671416.45,2142679869.53
2012-04-26,'000055,方大集团,5.16,5.36,5.15,5.35,5.31,-0.15,-2.8249,1.1479,4832095,25179348.33,3905655109.8,2172146979.72
2012-04-25,'000055,方大集团,5.31,5.34,5.08,5.1,5.14,0.17,3.3074,1.6047,6755284,35174092.44,4019191595.55,2235290787.27
2012-04-24,'000055,方大集团,5.14,5.17,4.9,5.1,5.11,0.03,0.5871,1.2811,5392938,27236253.92,3890516911.7,2163727805.38
2012-04-23,'000055,方大集团,5.11,5.35,5.0,5.22,5.29,-0.18,-3.4026,1.6402,6904458,35595900.57,3867809614.55,2151099043.87
2012-04-20,'000055,方大集团,5.29,5.37,5.26,5.31,5.37,-0.08,-1.4898,1.5302,6441416,34257803.45,4004053397.45,2226871612.93
2012-04-19,'000055,方大集团,5.37,5.41,5.27,5.38,5.39,-0.02,-0.3711,0.935,3936010,20970492.12,4064606189.85,2260548310.29
2012-04-18,'000055,方大集团,5.39,5.39,5.18,5.3,5.24,0.15,2.8626,1.2549,5282504,27982275.61,4079744387.95,2268967484.63
2012-04-17,'000055,方大集团,5.24,5.5,5.21,5.46,5.45,-0.21,-3.8532,1.9487,8203258,43856457.25,3966207902.2,2205823677.08
2012-04-16,'000055,方大集团,5.45,5.57,5.17,5.22,5.36,0.09,1.6791,2.6862,11307873,60858601.98,4125158982.25,2294225007.65
2012-04-13,'000055,方大集团,5.36,5.74,5.33,5.4,5.4,-0.04,-0.7407,4.6789,19696360,109241859.98,4057037090.8,2256338723.12
2012-04-12,'000055,方大集团,5.4,5.42,5.03,5.05,5.12,0.28,5.4688,3.1021,13058543,68620030.63,4087313487.0,2273177071.8
2012-04-11,'000055,方大集团,5.12,5.35,5.08,5.16,5.1,0.02,0.3922,2.1689,9130313,47762857.97,3875378713.6,2155308631.04
2012-04-10,'000055,方大集团,5.1,5.1,4.92,5.0,5.01,0.09,1.7964,1.2454,5242492,26342002.83,3860240515.5,2146889456.7
2012-04-09,'000055,方大集团,5.01,5.08,4.87,4.97,4.98,0.03,0.6024,0.9263,3899379,19473985.3,3792118624.05,2109003172.17
2012-04-06,'000055,方大集团,4.98,5.14,4.9,4.93,4.98,0.0,0.0,1.7045,7175294,36037607.26,3769411326.9,2096374410.66
2012-04-05,'000055,方大集团,0.0,0.0,0.0,0.0,4.98,None,None,0.0,0,0.0,3769411326.9,2096374410.66
2012-03-30,'000055,方大集团,4.98,4.99,4.54,4.54,4.58,0.4,8.7336,2.476,10422976,50303522.62,3769411326.9,2096374410.66
2012-03-29,'000055,方大集团,4.58,4.69,4.46,4.51,4.56,0.02,0.4386,1.0221,4302503,19688689.41,3466647364.9,1927990923.86
2012-03-28,'000055,方大集团,4.56,4.7,4.5,4.65,4.74,-0.18,-3.7975,0.8418,3543594,16222748.4,3451509166.8,1919571749.52
2012-03-27,'000055,方大集团,4.74,4.82,4.68,4.68,4.65,0.09,1.9355,0.8697,3661067,17443062.58,3587752949.7,1995344318.58
2012-03-26,'000055,方大集团,4.65,4.68,4.6,4.65,4.63,0.02,0.432,0.6834,2876901,13350464.96,3519631058.25,1957458034.05
2012-03-23,'000055,方大集团,4.63,4.85,4.6,4.79,4.81,-0.18,-3.7422,1.1501,4841337,22938036.54,3504492860.15,1949038859.71
2012-03-22,'000055,方大集团,4.81,4.94,4.8,4.94,5.01,-0.2,-3.992,1.8327,7715008,37376545.72,3640736643.05,2024811428.77
2012-03-21,'000055,方大集团,5.01,5.48,4.98,5.48,4.98,0.03,0.6024,4.2028,17692077,91639321.05,3792118624.05,2109003172.17
2012-03-20,'000055,方大集团,0.0,0.0,0.0,0.0,4.98,None,None,0.0,0,0.0,3769411326.9,2096374410.66
2012-03-19,'000055,方大集团,0.0,0.0,0.0,0.0,4.98,None,None,0.0,0,0.0,3769411326.9,2096374410.66
2012-03-16,'000055,方大集团,0.0,0.0,0.0,0.0,4.98,None,None,0.0,0,0.0,3769411326.9,2096374410.66
2012-03-15,'000055,方大集团,0.0,0.0,0.0,0.0,4.98,None,None,0.0,0,0.0,3769411326.9,2096374410.66
2012-03-14,'000055,方大集团,0.0,0.0,0.0,0.0,4.98,None,None,0.0,0,0.0,3769411326.9,2096374410.66
2012-03-13,'000055,方大集团,0.0,0.0,0.0,0.0,4.98,None,None,0.0,0,0.0,3769411326.9,2096374410.66
2012-03-12,'000055,方大集团,0.0,0.0,0.0,0.0,4.98,None,None,0.0,0,0.0,3769411326.9,2096374410.66
2012-03-09,'000055,方大集团,0.0,0.0,0.0,0.0,4.98,None,None,0.0,0,0.0,3769411326.9,2096374410.66
2012-03-08,'000055,方大集团,4.98,5.09,4.96,4.97,4.99,-0.01,-0.2004,1.6119,6785302,34050555.99,3769411326.9,2096374410.66
2012-03-07,'000055,方大集团,4.99,5.12,4.82,4.85,4.89,0.1,2.045,2.6029,10956942,55074663.37,3776980425.95,2100583997.83
2012-03-06,'000055,方大集团,4.89,5.03,4.88,5.0,5.0,-0.11,-2.2,1.3751,5788756,28485220.05,3701289435.45,2058488126.13
2012-03-05,'000055,方大集团,5.0,5.06,4.95,5.0,4.99,0.01,0.2004,1.7146,7217654,36096557.78,3784549525.0,2104793585.0
2012-03-02,'000055,方大集团,4.99,5.05,4.89,4.9,4.87,0.12,2.4641,2.0281,8537497,42408005.79,3776980425.95,2100583997.83
2012-03-01,'000055,方大集团,4.87,4.99,4.85,4.87,4.86,0.01,0.2058,2.1166,8909881,43776078.98,3686151237.35,2050068951.79
2012-02-29,'000055,方大集团,4.86,5.02,4.86,4.91,4.99,-0.13,-2.6052,3.4506,14525535,71709851.79,3678582138.3,2045859364.62
2012-02-28,'000055,方大集团,4.99,5.08,4.67,4.7,4.73,0.26,5.4968,6.4638,27209955,133186480.22,3776980425.95,2100583997.83
2012-02-27,'000055,方大集团,4.73,4.81,4.69,4.79,4.75,-0.02,-0.4211,3.8795,16331200,77560062.72,3580183850.65,1991134731.41
2012-02-24,'000055,方大集团,4.75,4.75,4.55,4.6,4.6,0.15,3.2609,3.4,14312420,66914797.61,3595322048.75,1999553905.75
2012-02-23,'000055,方大集团,4.6,4.66,4.55,4.6,4.6,0.0,0.0,1.8486,7781844,35774892.23,3481785563.0,1936410098.2
2012-02-22,'000055,方大集团,4.6,4.62,4.53,4.54,4.55,0.05,1.0989,2.4043,10120901,46407379.45,3481785563.0,1936410098.2
2012-02-21,'000055,方大集团,4.55,4.56,4.45,4.5,4.52,0.03,0.6637,1.2021,5060419,22798384.48,3443940067.75,1915362162.35
2012-02-20,'000055,方大集团,4.52,4.6,4.49,4.55,4.48,0.04,0.8929,1.9117,8047614,36582994.9,3421232770.6,1902733400.84
2012-02-17,'000055,方大集团,4.48,4.56,4.44,4.53,4.54,-0.06,-1.3216,1.2768,5374928,24103463.52,3390956374.4,1885895052.16
2012-02-16,'000055,方大集团,4.54,4.65,4.47,4.57,4.59,-0.05,-1.0893,2.208,9294735,42356393.11,3436370968.7,1911152575.18
2012-02-15,'000055,方大集团,4.59,4.61,4.48,4.54,4.55,0.04,0.8791,2.8553,12019831,54809426.16,3474216463.95,1932200511.03
2012-02-14,'000055,方大集团,4.55,4.55,4.46,4.52,4.54,0.01,0.2203,1.6661,7013587,31643945.96,3443940067.75,1915362162.35
2012-02-13,'000055,方大集团,4.54,4.54,4.38,4.42,4.47,0.07,1.566,2.0626,8682760,38908647.48,3436370968.7,1911152575.18
2012-02-10,'000055,方大集团,4.47,4.58,4.42,4.53,4.54,-0.07,-1.5419,2.4596,10353941,46484417.13,3383387275.35,1881685464.99
2012-02-09,'000055,方大集团,4.54,4.56,4.43,4.44,4.5,0.04,0.8889,3.2649,13743984,62090905.21,3436370968.7,1911152575.18
2012-02-08,'000055,方大集团,4.5,4.52,4.34,4.42,4.44,0.06,1.3514,3.9189,16497001,73276005.12,3406094572.5,1894314226.5
2012-02-07,'000055,方大集团,4.44,4.65,4.37,4.6,4.67,-0.23,-4.9251,5.3398,22478435,100861442.39,3360679978.2,1869056703.48
2012-02-06,'000055,方大集团,4.67,4.84,4.55,4.84,4.4,0.27,6.1364,9.1769,38631042,182153979.21,3534769256.35,1965877208.39
2012-02-03,'000055,方大集团,4.4,4.4,4.4,4.4,4.0,0.4,10.0,0.9969,4196527,18464718.8,3330403582.0,1852218354.8
2012-02-02,'000055,方大集团,0.0,0.0,0.0,0.0,4.0,None,None,0.0,0,0.0,3027639620.0,1683834868.0
2012-02-01,'000055,方大集团,4.0,4.04,3.95,4.0,4.0,0.0,0.0,0.6535,2750903,11003475.23,3027639620.0,1683834868.0
2012-01-31,'000055,方大集团,4.0,4.01,3.94,4.01,4.01,-0.01,-0.2494,0.5155,2170212,8624159.11,3027639620.0,1683834868.0
2012-01-30,'000055,方大集团,4.01,4.16,4.0,4.1,4.0,0.01,0.25,1.1273,4745422,19313778.46,3035208719.05,1688044455.17
2012-01-20,'000055,方大集团,4.0,4.02,3.92,3.93,3.92,0.08,2.0408,0.628,2643579,10493724.21,3027639620.0,1683834868.0
2012-01-19,'000055,方大集团,3.92,3.95,3.84,3.91,3.89,0.03,0.7712,0.511,2151130,8411234.1,2967086827.6,1650158170.64
2012-01-18,'000055,方大集团,3.89,4.01,3.85,3.94,3.94,-0.05,-1.269,0.7898,3324549,13110090.33,2944379530.45,1637529409.13
2012-01-17,'000055,方大集团,3.94,3.94,3.69,3.69,3.7,0.24,6.4865,0.8209,3455798,13185317.49,2982225025.7,1658577344.98
2012-01-16,'000055,方大集团,3.7,3.82,3.7,3.78,3.8,-0.1,-2.6316,0.4302,1811060,6823186.3,2800566648.5,1557547252.9
2012-01-13,'000055,方大集团,3.8,4.03,3.78,4.02,4.01,-0.21,-5.2369,1.0056,4233199,16391454.25,2876257639.0,1599643124.6
2012-01-12,'000055,方大集团,4.01,4.08,3.96,3.98,4.0,0.01,0.25,0.8333,3507817,14126620.04,3035208719.05,1688044455.17
2012-01-11,'000055,方大集团,4.0,4.06,3.95,4.03,4.05,-0.05,-1.2346,0.975,4104518,16439426.15,3027639620.0,1683834868.0
2012-01-10,'000055,方大集团,4.05,4.06,3.83,3.85,3.86,0.19,4.9223,1.3318,5606217,22190677.16,3065485115.25,1704882803.85
2012-01-09,'000055,方大集团,3.86,3.87,3.63,3.68,3.68,0.18,4.8913,0.7436,3130397,11879192.2,2921672233.3,1624900647.62
2012-01-06,'000055,方大集团,3.68,3.68,3.56,3.63,3.64,0.04,1.0989,0.5167,2174916,7853296.88,2785428450.4,1549128078.56
2012-01-05,'000055,方大集团,3.64,3.8,3.62,3.77,3.78,-0.14,-3.7037,0.6387,2688530,10007869.64,2755152054.2,1532289729.88
2012-01-04,'000055,方大集团,3.78,3.95,3.78,3.94,3.9,-0.12,-3.0769,0.3927,1652903,6418365.97,2861119440.9,1591223950.26
2011-12-30,'000055,方大集团,3.9,3.91,3.86,3.86,3.83,0.07,1.8277,0.3659,1540374,5988613.24,2951948629.5,1641738996.3
2011-12-29,'000055,方大集团,3.83,3.91,3.83,3.84,3.87,-0.04,-1.0336,0.4101,1726289,6665821.87,2898964936.15,1612271886.11
2011-12-28,'000055,方大集团,3.87,3.88,3.74,3.82,3.83,0.04,1.0444,0.5532,2328912,8881701.42,2929241332.35,1629110234.79
2011-12-27,'000055,方大集团,3.83,4.0,3.82,4.0,4.0,-0.17,-4.25,0.5465,2300611,8961923.88,2898964936.15,1612271886.11
2011-12-26,'000055,方大集团,4.0,4.06,3.99,4.02,4.03,-0.03,-0.7444,0.3704,1559297,6267570.73,3027639620.0,1683834868.0
2011-12-23,'000055,方大集团,4.03,4.08,3.81,3.96,4.03,0.0,0.0,0.6481,2728265,10919960.14,3050346917.15,1696463629.51
2011-12-22,'000055,方大集团,4.03,4.08,3.85,4.07,4.13,-0.1,-2.4213,0.9578,4031854,16080065.52,3050346917.15,1696463629.51
2011-12-21,'000055,方大集团,4.13,4.19,4.01,4.16,4.13,0.0,0.0,0.6772,2850574,11729905.19,3126037907.65,1738559501.21
2011-12-20,'000055,方大集团,4.13,4.21,4.08,4.12,4.13,0.0,0.0,0.7801,3283820,13667837.5,3126037907.65,1738559501.21
2011-12-19,'000055,方大集团,4.13,4.14,4.02,4.14,4.14,-0.01,-0.2415,0.7971,3355601,13718685.3,3126037907.65,1738559501.21
2011-12-16,'000055,方大集团,4.14,4.15,4.02,4.04,4.03,0.11,2.7295,0.5672,2387620,9722172.11,3133607006.7,1742769088.38
2011-12-15,'000055,方大集团,4.03,4.15,4.0,4.15,4.18,-0.15,-3.5885,0.6898,2903688,11791558.55,3050346917.15,1696463629.51
2011-12-14,'000055,方大集团,4.18,4.28,4.15,4.25,4.25,-0.07,-1.6471,0.5567,2343370,9887977.23,3163883402.9,1759607437.06
2011-12-13,'000055,方大集团,4.25,4.48,4.23,4.45,4.49,-0.24,-5.3452,0.7116,2995350,12913254.56,3216867096.25,1789074547.25
2011-12-12,'000055,方大集团,4.49,4.6,4.47,4.56,4.54,-0.05,-1.1013,0.3693,1554677,7054086.48,3398525473.45,1890104639.33
2011-12-09,'000055,方大集团,4.54,4.66,4.54,4.62,4.67,-0.13,-2.7837,0.4657,1960576,8993186.98,3436370968.7,1911152575.18
2011-12-08,'000055,方大集团,4.67,4.72,4.55,4.68,4.68,-0.01,-0.2137,0.8321,3502817,16233968.95,3534769256.35,1965877208.39
2011-12-07,'000055,方大集团,4.68,4.71,4.62,4.67,4.67,0.01,0.2141,0.5894,2481077,11593358.9,3542338355.4,1970086795.56
2011-12-06,'000055,方大集团,4.67,4.72,4.59,4.66,4.68,-0.01,-0.2137,0.5929,2496036,11605181.53,3534769256.35,1965877208.39
2011-12-05,'000055,方大集团,4.68,4.83,4.66,4.82,4.85,-0.17,-3.5052,0.6457,2718061,12835007.74,3542338355.4,1970086795.56
2011-12-02,'000055,方大集团,4.85,4.94,4.79,4.94,4.93,-0.08,-1.6227,0.7658,3223548,15665151.51,3671013039.25,2041649777.45
2011-12-01,'000055,方大集团,4.93,5.04,4.93,5.01,4.86,0.07,1.4403,1.1577,4873615,24332182.62,3731565831.65,2075326474.81
2011-11-30,'000055,方大集团,4.86,5.11,4.8,5.11,5.13,-0.27,-5.2632,1.3299,5598230,27658501.32,3678582138.3,2045859364.62
2011-11-29,'000055,方大集团,5.13,5.13,5.04,5.08,5.04,0.09,1.7857,0.7879,3316631,16870547.56,3882947812.65,2159518218.21
2011-11-28,'000055,方大集团,5.04,5.06,4.99,5.03,5.02,0.02,0.3984,0.4937,2078323,10450555.26,3814825921.2,2121631933.68
2011-11-25,'000055,方大集团,5.02,5.14,5.0,5.09,5.09,-0.07,-1.3752,0.6337,2667596,13511832.26,3799687723.1,2113212759.34
2011-11-24,'000055,方大集团,5.09,5.14,5.04,5.06,5.13,-0.04,-0.7797,0.7195,3029005,15393271.82,3852671416.45,2142679869.53
2011-11-23,'000055,方大集团,5.13,5.23,5.11,5.22,5.19,-0.06,-1.1561,0.6516,2743002,14129170.94,3882947812.65,2159518218.21
2011-11-22,'000055,方大集团,5.19,5.2,5.1,5.15,5.2,-0.01,-0.1923,0.5959,2508632,12957026.94,3928362406.95,2184775741.23
2011-11-21,'000055,方大集团,5.2,5.26,5.15,5.24,5.13,0.07,1.3645,0.8279,3484921,18107614.93,3935931506.0,2188985328.4
2011-11-18,'000055,方大集团,5.13,5.36,5.11,5.32,5.36,-0.23,-4.291,1.4821,6239222,32461836.12,3882947812.65,2159518218.21
2011-11-17,'000055,方大集团,5.36,5.46,5.34,5.42,5.41,-0.05,-0.9242,1.2265,5163107,27834541.62,4057037090.8,2256338723.12
2011-11-16,'000055,方大集团,5.41,5.63,5.39,5.51,5.5,-0.09,-1.6364,2.3493,9889427,54627773.2,4094882586.05,2277386658.97
2011-11-15,'000055,方大集团,5.5,5.52,5.44,5.5,5.51,-0.01,-0.1815,1.3641,5742311,31469471.68,4163004477.5,2315272943.5
2011-11-14,'000055,方大集团,5.51,5.55,5.4,5.42,5.37,0.14,2.6071,1.5565,6552265,35927095.37,4170573576.55,2319482530.67
2011-11-11,'000055,方大集团,5.37,5.44,5.34,5.4,5.38,-0.01,-0.1859,0.9044,3807164,20504290.21,4064606189.85,2260548310.29
2011-11-10,'000055,方大集团,5.38,5.44,5.33,5.41,5.49,-0.11,-2.0036,1.4913,6277729,33809721.2,4072175288.9,2264757897.46
2011-11-09,'000055,方大集团,5.49,5.5,5.35,5.44,5.43,0.06,1.105,1.6177,6809833,36981793.79,4155435378.45,2311063356.33
2011-11-08,'000055,方大集团,5.43,5.57,5.39,5.57,5.56,-0.13,-2.3381,1.74,7324482,40049015.26,4110020784.15,2285805833.31
2011-11-07,'000055,方大集团,5.56,5.74,5.54,5.57,5.53,0.03,0.5425,2.4655,10378660,58547339.25,4208419071.8,2340530466.52
2011-11-04,'000055,方大集团,5.53,5.64,5.48,5.56,5.56,-0.03,-0.5396,2.1388,9003491,50081994.39,4185711774.65,2327901705.01
2011-11-03,'000055,方大集团,5.56,5.79,5.53,5.73,5.61,-0.05,-0.8913,4.6478,19565392,110794769.99,4208419071.8,2340530466.52
2011-11-02,'000055,方大集团,5.61,5.64,5.14,5.24,5.3,0.31,5.8491,3.5479,14935277,80873924.77,4246264567.05,2361578402.37
2011-11-01,'000055,方大集团,5.3,5.35,5.24,5.26,5.37,-0.07,-1.3035,1.8101,7619883,40374567.71,4011622496.5,2231081200.1
2011-10-31,'000055,方大集团,5.37,5.64,5.33,5.45,5.16,0.21,4.0698,3.7119,15625649,84995340.38,4064606189.85,2260548310.29
2011-10-28,'000055,方大集团,0.0,0.0,0.0,0.0,5.16,None,None,0.0,0,0.0,3905655109.8,2172146979.72
2011-10-27,'000055,方大集团,0.0,0.0,0.0,0.0,5.16,None,None,0.0,0,0.0,3905655109.8,2172146979.72
2011-10-26,'000055,方大集团,5.16,5.22,5.1,5.13,5.17,-0.01,-0.1934,1.4826,6241302,32253887.24,3905655109.8,2172146979.72
2011-10-25,'000055,方大集团,5.17,5.17,4.99,5.03,5.04,0.13,2.5794,1.2064,5078407,25956037.3,3913224208.85,2176356566.89
2011-10-24,'000055,方大集团,5.04,5.06,4.86,4.98,4.94,0.1,2.0243,0.7037,2962269,14762242.34,3814825921.2,2121631933.68
2011-10-21,'000055,方大集团,4.94,4.99,4.92,4.94,4.94,0.0,0.0,0.5189,2184463,10818082.36,3739134930.7,2079536061.98
2011-10-20,'000055,方大集团,4.94,5.12,4.93,5.1,5.09,-0.15,-2.947,1.0474,4408920,22067537.55,3739134930.7,2079536061.98
2011-10-19,'000055,方大集团,5.09,5.2,5.08,5.14,5.12,-0.03,-0.5859,0.7223,3040489,15589087.95,3852671416.45,2142679869.53
2011-10-18,'000055,方大集团,5.12,5.35,5.1,5.31,5.34,-0.22,-4.1199,0.8462,3562077,18595161.13,3875378713.6,2155308631.04
2011-10-17,'000055,方大集团,5.34,5.39,5.29,5.34,5.32,0.02,0.3759,0.6538,2752332,14689954.56,4041898892.7,2247919548.78
2011-10-14,'000055,方大集团,5.32,5.39,5.27,5.37,5.38,-0.06,-1.1152,0.725,3051837,16222910.72,4026760694.6,2239500374.44
2011-10-13,'000055,方大集团,5.38,5.43,5.32,5.34,5.38,0.0,0.0,1.1844,4985628,26807974.68,4072175288.9,2264757897.46
2011-10-12,'000055,方大集团,5.38,5.39,5.07,5.13,5.12,0.26,5.0781,1.7922,7544558,40026124.19,4072175288.9,2264757897.46
2011-10-11,'000055,方大集团,5.12,5.26,5.06,5.21,5.08,0.04,0.7874,0.7177,3021238,15559185.9,3875378713.6,2155308631.04
2011-10-10,'000055,方大集团,5.08,5.12,5.05,5.08,5.06,0.02,0.3953,0.364,1532111,7782040.84,3845102317.4,2138470282.36
2011-09-30,'000055,方大集团,5.06,5.14,4.99,5.1,5.09,-0.03,-0.5894,0.6168,2596365,13109996.79,3829964119.3,2130051108.02
2011-09-29,'000055,方大集团,5.09,5.25,5.05,5.21,5.24,-0.15,-2.8626,0.8506,3580580,18362025.4,3852671416.45,2142679869.53
2011-09-28,'000055,方大集团,5.24,5.4,5.21,5.4,5.34,-0.1,-1.8727,0.7451,3136723,16713830.87,3966207902.2,2205823677.08
2011-09-27,'000055,方大集团,5.34,5.38,5.28,5.37,5.3,0.04,0.7547,0.7272,3061074,16327802.69,4041898892.7,2247919548.78
2011-09-26,'000055,方大集团,5.3,5.5,5.27,5.41,5.46,-0.16,-2.9304,1.3487,5677482,30460479.64,4011622496.5,2231081200.1
2011-09-23,'000055,方大集团,5.46,5.5,5.37,5.39,5.49,-0.03,-0.5464,1.0832,4559813,24726962.8,4132728081.3,2298434594.82
2011-09-22,'000055,方大集团,5.49,5.68,5.47,5.62,5.7,-0.21,-3.6842,1.4921,6281053,35038430.38,4155435378.45,2311063356.33
2011-09-21,'000055,方大集团,5.7,5.73,5.45,5.51,5.49,0.21,3.8251,2.1412,9013663,50962683.2,4314386458.5,2399464686.9
2011-09-20,'000055,方大集团,5.49,5.54,5.4,5.41,5.44,0.05,0.9191,0.6198,2609131,14282583.27,4155435378.45,2311063356.33
2011-09-19,'000055,方大集团,5.44,5.58,5.43,5.58,5.6,-0.16,-2.8571,0.9451,3978654,21842043.08,4117589883.2,2290015420.48
2011-09-16,'000055,方大集团,5.6,5.66,5.54,5.61,5.58,0.02,0.3584,1.0931,4601420,25695179.08,4238695468.0,2357368815.2
2011-09-15,'000055,方大集团,5.58,5.65,5.52,5.55,5.56,0.02,0.3597,1.6414,6909459,38669228.79,4223557269.9,2348949640.86
2011-09-14,'000055,方大集团,5.56,5.7,5.41,5.53,5.36,0.2,3.7313,1.9178,8072992,44677086.97,4208419071.8,2340530466.52
2011-09-13,'000055,方大集团,5.36,5.4,5.3,5.35,5.45,-0.09,-1.6514,0.8674,3651526,19525079.72,4057037090.8,2256338723.12
2011-09-09,'000055,方大集团,5.45,5.59,5.43,5.51,5.52,-0.07,-1.2681,1.2443,5238073,28846108.22,4125158982.25,2294225007.65
2011-09-08,'000055,方大集团,5.52,5.69,5.52,5.69,5.64,-0.12,-2.1277,1.4208,5980881,33426373.43,4178142675.6,2323692117.84
2011-09-07,'000055,方大集团,5.64,5.64,5.46,5.55,5.47,0.17,3.1079,2.0041,8436275,46902665.87,4268971864.2,2374207163.88
2011-09-06,'000055,方大集团,5.47,5.53,5.4,5.45,5.51,-0.04,-0.726,0.9224,3882974,21167904.8,4140297180.35,2302644181.99
2011-09-05,'000055,方大集团,5.51,5.55,5.43,5.5,5.65,-0.14,-2.4779,1.1118,4680236,25694023.84,4170573576.55,2319482530.67
2011-09-02,'000055,方大集团,5.65,5.79,5.6,5.79,5.79,-0.14,-2.418,1.3244,5575080,31590093.39,4276540963.25,2378416751.05
2011-09-01,'000055,方大集团,5.79,5.92,5.75,5.9,5.9,-0.11,-1.8644,1.4079,5926650,34558188.21,4382508349.95,2437350971.43
2011-08-31,'000055,方大集团,5.9,5.9,5.69,5.77,5.82,0.08,1.3746,2.1324,8976499,51957347.73,4465768439.5,2483656430.3
2011-08-30,'000055,方大集团,5.82,6.08,5.8,5.85,5.73,0.09,1.5707,3.7501,15786227,93569278.88,4405215647.1,2449979732.94
2011-08-29,'000055,方大集团,5.73,5.94,5.73,5.82,5.87,-0.14,-2.385,3.1561,13285855,77433481.81,4337093755.65,2412093448.41
2011-08-26,'000055,方大集团,5.87,6.07,5.83,6.03,5.97,-0.1,-1.675,5.3357,22460981,133374363.4,4443061142.35,2471027668.79
2011-08-25,'000055,方大集团,5.97,5.97,5.51,5.54,5.43,0.54,9.9448,8.3608,35195704,208030865.0,4518752132.85,2513123540.49
2011-08-24,'000055,方大集团,5.43,5.56,5.42,5.5,5.47,-0.04,-0.7313,1.2481,5254024,28890085.44,4110020784.15,2285805833.31
2011-08-23,'000055,方大集团,5.47,5.48,5.35,5.38,5.36,0.11,2.0522,1.1521,4849696,26287135.04,4140297180.35,2302644181.99
2011-08-22,'000055,方大集团,5.36,5.52,5.35,5.41,5.47,-0.11,-2.011,1.6062,6761523,36703260.28,4057037090.8,2256338723.12
2011-08-19,'000055,方大集团,5.47,5.55,5.32,5.55,5.72,-0.25,-4.3706,2.9325,12344530,67321584.75,4140297180.35,2302644181.99
2011-08-18,'000055,方大集团,5.72,6.14,5.69,5.81,5.58,0.14,2.509,6.5352,27510408,163506840.8,4329524656.6,2407883861.24
2011-08-17,'000055,方大集团,5.58,5.59,5.48,5.55,5.53,0.05,0.9042,1.1848,4987638,27587468.14,4223557269.9,2348949640.86
2011-08-16,'000055,方大集团,5.53,5.63,5.5,5.6,5.61,-0.08,-1.426,1.1083,4665402,25976409.63,4185711774.65,2327901705.01
2011-08-15,'000055,方大集团,5.61,5.62,5.5,5.55,5.55,0.06,1.0811,1.0372,4366197,24295113.54,4246264567.05,2361578402.37
2011-08-12,'000055,方大集团,5.55,5.57,5.46,5.47,5.44,0.11,2.0221,1.3256,5580048,30817400.26,4200849972.75,2336320879.35
2011-08-11,'000055,方大集团,5.44,5.47,5.16,5.2,5.34,0.1,1.8727,1.2506,5264321,28090158.79,4117589883.2,2290015420.48
2011-08-10,'000055,方大集团,5.34,5.51,5.3,5.43,5.33,0.01,0.1876,1.4277,6009975,32553226.87,4041898892.7,2247919548.78
2011-08-09,'000055,方大集团,5.33,5.41,5.0,5.0,5.45,-0.12,-2.2018,1.5571,6554660,34335024.74,4034329793.65,2243709961.61
2011-08-08,'000055,方大集团,5.45,5.92,5.45,5.9,6.0,-0.55,-9.1667,2.0969,8827174,49714136.03,4125158982.25,2294225007.65
2011-08-05,'000055,方大集团,6.0,6.08,5.83,5.88,6.19,-0.19,-3.0695,1.7504,7368599,43897067.69,4541459430.0,2525752302.0
2011-08-04,'000055,方大集团,6.19,6.32,6.15,6.24,6.22,-0.03,-0.4823,2.9654,12483231,77931396.78,4685272311.95,2605734458.23
2011-08-03,'000055,方大集团,6.22,6.27,5.91,5.94,6.04,0.18,2.9801,2.4746,10417047,63883194.06,4707979609.1,2618363219.74
2011-08-02,'000055,方大集团,6.04,6.04,5.77,5.98,5.97,0.07,1.1725,1.3764,5794138,34105891.38,4571735826.2,2542590650.68
2011-08-01,'000055,方大集团,5.97,6.03,5.88,5.93,5.93,0.04,0.6745,0.7543,3175482,18947993.26,4518752132.85,2513123540.49
2011-07-29,'000055,方大集团,5.93,6.01,5.91,5.96,5.95,-0.02,-0.3361,0.8187,3446511,20519871.6,4488475736.65,2496285191.81
2011-07-28,'000055,方大集团,5.95,6.03,5.87,6.0,6.05,-0.1,-1.6529,1.2589,5299278,31420860.33,4503613934.75,2504704366.15
2011-07-27,'000055,方大集团,6.05,6.08,5.93,5.99,6.0,0.05,0.8333,1.6959,7138833,43009039.44,4579304925.25,2546800237.85
2011-07-26,'000055,方大集团,6.0,6.1,5.93,6.09,6.05,-0.05,-0.8264,1.3274,5587624,33563361.61,4541459430.0,2525752302.0
2011-07-25,'000055,方大集团,6.05,6.47,6.01,6.47,6.48,-0.43,-6.6358,2.8228,11882769,73495407.23,4579304925.25,2546800237.85
2011-07-22,'000055,方大集团,6.48,6.63,6.45,6.62,6.59,-0.11,-1.6692,2.9863,12571056,81900935.12,4904776184.4,2727812486.16
2011-07-21,'000055,方大集团,6.59,6.84,6.45,6.5,6.49,0.1,1.5408,5.9708,25134517,167174200.02,4988036273.95,2774117945.03
2011-07-20,'000055,方大集团,6.49,6.49,6.37,6.41,6.35,0.14,2.2047,2.6426,11124283,71684904.69,4912345283.45,2732022073.33
2011-07-19,'000055,方大集团,6.35,6.45,6.33,6.45,6.47,-0.12,-1.8547,1.5136,6371730,40611528.74,4806377896.75,2673087852.95
2011-07-18,'000055,方大集团,6.47,6.55,6.34,6.35,6.33,0.14,2.2117,3.0067,12656766,81687525.25,4897207085.35,2723602898.99
2011-07-15,'000055,方大集团,6.33,6.4,6.31,6.4,6.44,-0.11,-1.7081,2.8981,12199756,77481258.41,4791239698.65,2664668678.61
2011-07-14,'000055,方大集团,6.44,6.44,6.25,6.27,6.25,0.19,3.04,2.0668,7214038,45764892.79,4874499794.64,2247823499.04
2011-07-13,'000055,方大集团,6.25,6.29,6.18,6.18,6.16,0.09,1.461,1.1706,4085918,25503805.44,4730686912.5,2181505725.0
2011-07-12,'000055,方大集团,6.16,6.29,6.15,6.28,6.36,-0.2,-3.1447,1.5503,5411324,33583420.16,4662565020.96,2150092042.56
2011-07-11,'000055,方大集团,6.36,6.41,6.27,6.35,6.37,-0.01,-0.157,1.0991,3836403,24348989.01,4813947002.16,2219900225.76
2011-07-08,'000055,方大集团,6.37,6.51,6.3,6.46,6.46,-0.09,-1.3932,1.5992,5582031,35618875.93,4821516101.22,2223390634.92
2011-07-07,'000055,方大集团,6.46,6.64,6.43,6.46,6.5,-0.04,-0.6154,2.128,7427667,48533212.47,4889637992.76,2254804317.36
2011-07-06,'000055,方大集团,6.5,6.59,6.36,6.45,6.39,0.11,1.7214,2.4142,8426711,54874703.22,4919914389.0,2268765954.0
2011-07-05,'000055,方大集团,6.39,6.53,6.34,6.48,6.41,-0.02,-0.312,1.7707,6180376,39750142.43,4836654299.34,2230371453.24
2011-07-04,'000055,方大集团,6.41,6.41,6.22,6.22,6.21,0.2,3.2206,1.6446,5740335,36370483.3,4851792497.46,2237352271.56
2011-07-01,'000055,方大集团,6.21,6.27,6.17,6.2,6.19,0.02,0.3231,1.0125,3533955,21989012.04,4700410516.26,2167544088.36
2011-06-30,'000055,方大集团,6.19,6.26,6.1,6.11,6.12,0.07,1.1438,1.1096,3873044,23985705.85,4685272318.14,2160563270.04
2011-06-29,'000055,方大集团,6.12,6.31,6.1,6.29,6.3,-0.18,-2.8571,1.3414,4681870,29070897.12,4632288624.72,2136130405.92
2011-06-28,'000055,方大集团,6.3,6.3,6.1,6.12,6.15,0.15,2.439,1.5302,5341124,33091816.6,4768532407.8,2198957770.8
2011-06-27,'000055,方大集团,6.15,6.23,6.1,6.16,6.13,0.02,0.3263,1.1551,4031926,24840955.19,4654995921.9,2146601633.4
2011-06-24,'000055,方大集团,6.13,6.18,5.96,5.99,6.0,0.13,2.1667,1.3471,4701980,28665663.95,4639857723.78,2139620815.08
2011-06-23,'000055,方大集团,6.0,6.04,5.74,5.83,5.83,0.17,2.916,0.9969,3479635,20592752.95,4541459436.0,2094245496.0
2011-06-22,'000055,方大集团,5.83,5.88,5.76,5.86,5.89,-0.06,-1.0187,0.553,1930070,11239483.16,4412784751.98,2034908540.28
2011-06-21,'000055,方大集团,5.89,5.95,5.78,5.81,5.71,0.18,3.1524,0.9985,3485168,20415857.15,4458199346.34,2055850995.24
2011-06-20,'000055,方大集团,5.71,5.84,5.68,5.84,5.84,-0.13,-2.226,0.6601,2304049,13200733.4,4321955563.26,1993023630.36
2011-06-17,'000055,方大集团,5.84,6.0,5.84,5.97,5.97,-0.13,-2.1776,0.7801,2723035,16098068.61,4420353851.04,2038398949.44
2011-06-16,'000055,方大集团,5.97,6.08,5.95,6.07,6.12,-0.15,-2.451,0.9353,3264650,19670317.22,4518752138.82,2083774268.52
2011-06-15,'000055,方大集团,6.12,6.22,6.11,6.19,6.2,-0.08,-1.2903,0.832,2904046,17885531.12,4632288624.72,2136130405.92
2011-06-14,'000055,方大集团,6.2,6.22,6.07,6.09,6.14,0.06,0.9772,1.0057,3510387,21687978.67,4692841417.2,2164053679.2
2011-06-13,'000055,方大集团,6.14,6.17,6.04,6.17,6.21,-0.07,-1.1272,1.027,3584780,21852954.44,4647426822.84,2143111224.24
2011-06-10,'000055,方大集团,6.21,6.24,6.06,6.12,6.2,0.01,0.1613,1.0605,3701433,22738349.19,4700410516.26,2167544088.36
2011-06-09,'000055,方大集团,6.2,6.4,6.2,6.3,6.32,-0.12,-1.8987,1.3142,4587048,28940273.07,4692841417.2,2164053679.2
2011-06-08,'000055,方大集团,6.32,6.33,6.18,6.31,6.31,0.01,0.1585,0.8238,2875556,18018078.3,4783670605.92,2205938589.12
2011-06-07,'000055,方大集团,6.31,6.33,6.23,6.27,6.26,0.05,0.7987,0.7989,2788422,17540390.09,4776101506.86,2202448179.96
2011-06-03,'000055,方大集团,6.26,6.32,6.13,6.18,6.18,0.08,1.2945,0.7831,2733500,17133374.06,4738256011.56,2184996134.16
2011-06-02,'000055,方大集团,6.18,6.29,6.05,6.28,6.36,-0.18,-2.8302,1.3315,4647329,28622843.67,4677703219.08,2157072860.88
2011-06-01,'000055,方大集团,6.36,6.37,6.23,6.29,6.28,0.08,1.2739,0.772,2694735,17058075.67,4813947002.16,2219900225.76
2011-05-31,'000055,方大集团,6.28,6.3,6.11,6.16,6.1,0.18,2.9508,0.8653,3020186,18770419.28,4753394209.68,2191976952.48
2011-05-30,'000055,方大集团,6.1,6.29,6.1,6.27,6.28,-0.18,-2.8662,1.0684,3729246,23095508.4,4617150426.6,2129149587.6
2011-05-27,'000055,方大集团,6.28,6.66,6.22,6.63,6.62,-0.34,-5.136,1.8246,6368628,40534853.58,4753394209.68,2191976952.48
2011-05-26,'000055,方大集团,6.62,6.79,6.58,6.77,6.7,-0.08,-1.194,1.3208,4610022,30753835.92,5010743577.72,2310650863.92
2011-05-25,'000055,方大集团,6.7,6.97,6.66,6.88,6.88,-0.18,-2.6163,1.8493,6454940,43767270.08,5071296370.2,2338574137.2
2011-05-24,'000055,方大集团,6.88,6.94,6.66,6.75,6.72,0.16,2.381,2.1478,7496654,51056289.77,5207540153.28,2401401502.08
2011-05-23,'000055,方大集团,6.72,7.19,6.7,7.13,7.16,-0.44,-6.1453,3.1452,10978001,75876398.57,5086434568.32,2345554955.52
2011-05-20,'000055,方大集团,7.16,7.59,7.14,7.25,7.36,-0.2,-2.7174,3.7687,13154314,95616262.13,5419474926.96,2499132958.56
2011-05-19,'000055,方大集团,7.36,7.95,7.36,7.5,7.54,-0.18,-2.3873,8.4409,29462244,223953254.55,5570856908.16,2568941141.76
2011-05-18,'000055,方大集团,7.54,7.79,6.95,7.14,7.08,0.46,6.4972,7.0342,24552162,182297776.37,5707100691.24,2631768506.64
2011-05-17,'000055,方大集团,7.08,7.37,7.04,7.17,7.18,-0.1,-1.3928,3.9108,13650429,97957584.48,5358922134.48,2471209685.28
2011-05-16,'000055,方大集团,7.18,7.25,6.85,6.94,6.94,0.24,3.4582,4.2815,14944179,105694501.9,5434613125.08,2506113776.88
2011-05-13,'000055,方大集团,6.94,6.94,6.7,6.8,6.82,0.12,1.7595,2.581,9008746,61470697.56,5252954747.64,2422343957.04
2011-05-12,'000055,方大集团,6.82,7.0,6.68,6.73,6.77,0.05,0.7386,3.1498,10994156,75578102.1,5162125558.92,2380459047.12
2011-05-11,'000055,方大集团,6.77,6.79,6.61,6.75,6.75,0.02,0.2963,1.6601,5794423,38888109.72,5124280063.62,2363007001.32
2011-05-10,'000055,方大集团,6.75,6.84,6.65,6.83,6.81,-0.06,-0.8811,1.9314,6741384,45288530.35,5109141865.5,2356026183.0
2011-05-09,'000055,方大集团,6.81,6.82,6.66,6.69,6.67,0.14,2.099,1.6285,5684150,38453050.19,5154556459.86,2376968637.96
2011-05-06,'000055,方大集团,6.67,6.74,6.51,6.57,6.64,0.03,0.4518,1.1322,3951963,26328608.34,5048589073.02,2328102909.72
2011-05-05,'000055,方大集团,6.64,6.78,6.56,6.58,6.58,0.06,0.9119,1.1154,3893294,26020304.95,5025881775.84,2317631682.24
2011-05-04,'000055,方大集团,6.58,6.86,6.55,6.86,6.87,-0.29,-4.2213,1.8538,6470584,43086661.85,4980467181.48,2296689227.28
2011-05-03,'000055,方大集团,6.87,7.0,6.67,6.77,6.77,0.1,1.4771,2.3216,8103186,55264215.01,5199971054.22,2397911092.92
2011-04-29,'000055,方大集团,6.77,6.84,6.55,6.61,6.6,0.17,2.5758,1.8439,6436025,42821993.02,5124280063.62,2363007001.32
2011-04-28,'000055,方大集团,6.6,6.98,6.48,6.95,6.91,-0.31,-4.4863,2.8543,9962636,66631064.41,4995605379.6,2303670045.6
2011-04-27,'000055,方大集团,6.91,7.12,6.86,7.0,6.91,0.0,0.0,1.9963,6967902,48623841.45,5230247450.46,2411872729.56
2011-04-26,'000055,方大集团,6.91,7.36,6.87,7.3,7.39,-0.48,-6.4953,3.0124,10514373,73721010.62,5230247450.46,2411872729.56
2011-04-25,'000055,方大集团,11.09,11.8,11.03,11.75,11.67,-0.58,-4.97,5.193,12083765,136550559.89,5596087238.36,2580575838.96
2011-04-22,'000055,方大集团,11.67,11.96,11.57,11.78,11.69,-0.02,-0.1711,5.7271,13326525,156520251.19,5888759068.68,2715538326.48
2011-04-21,'000055,方大集团,11.69,11.99,11.37,11.41,11.38,0.31,2.7241,8.0803,18802292,220113829.56,5898851200.76,2720192205.36
2011-04-20,'000055,方大集团,11.38,11.47,11.1,11.25,11.08,0.3,2.7076,5.1743,12040271,136030763.63,5742423153.52,2648057082.72
2011-04-19,'000055,方大集团,11.08,11.26,10.82,11.02,11.12,-0.04,-0.3597,4.0761,9484921,104710342.3,5591041172.32,2578248899.52
2011-04-18,'000055,方大集团,11.12,11.12,10.65,10.65,10.76,0.36,3.3457,4.778,11118073,121502541.35,5611225436.48,2587556657.28
2011-04-15,'000055,方大集团,10.76,10.88,10.62,10.81,10.83,-0.07,-0.6464,1.7879,4160432,44627261.18,5429567059.04,2503786837.44
2011-04-14,'000055,方大集团,10.83,10.96,10.76,10.94,10.88,-0.05,-0.4596,1.9037,4429767,47959651.07,5464889521.32,2520075413.52
2011-04-13,'000055,方大集团,10.88,10.9,10.6,10.63,10.63,0.25,2.3518,2.0713,4819817,51904413.41,5490119851.52,2531710110.72
2011-04-12,'000055,方大集团,10.63,10.8,10.56,10.61,10.68,-0.05,-0.4682,1.7327,4031814,43097313.45,5363968200.52,2473536624.72
2011-04-11,'000055,方大集团,10.68,10.89,10.65,10.86,10.8,-0.12,-1.1111,2.1361,4970590,53466433.29,5389198530.72,2485171321.92
2011-04-08,'000055,方大集团,10.8,10.86,10.56,10.6,10.71,0.09,0.8403,2.3473,5462089,58714589.98,5449751323.2,2513094595.2
2011-04-07,'000055,方大集团,10.71,10.74,10.48,10.49,10.58,0.13,1.2287,1.6893,3930794,41895449.42,5404336728.84,2492152140.24
2011-04-06,'000055,方大集团,10.58,10.61,10.36,10.4,10.43,0.15,1.4382,1.5162,3528015,37168801.97,5338737870.32,2461901927.52
2011-04-01,'000055,方大集团,10.43,10.48,10.27,10.34,10.22,0.21,2.0548,1.3395,3117030,32363689.19,5263046879.72,2426997835.92
2011-03-31,'000055,方大集团,10.22,10.64,10.2,10.62,10.55,-0.33,-3.128,2.2576,5253399,54337499.31,5157079492.88,2378132107.68
2011-03-30,'000055,方大集团,10.55,10.65,10.45,10.54,10.53,0.02,0.1899,1.4408,3352727,35434887.61,5323599672.2,2454921109.2
2011-03-29,'000055,方大集团,10.53,10.77,10.5,10.71,10.75,-0.22,-2.0465,2.7439,6384903,67751966.41,5313507540.12,2450267230.32
2011-03-28,'000055,方大集团,10.75,11.17,10.71,11.08,11.0,-0.25,-2.2727,3.7619,8753650,95359068.4,5424520993.0,2501459898.0
2011-03-25,'000055,方大集团,0.0,0.0,0.0,0.0,11.0,None,None,0.0,0,0.0,5550672644.0,2559633384.0
2011-03-24,'000055,方大集团,11.0,11.1,10.77,10.77,10.84,0.16,1.476,4.5453,10576610,116218645.61,5550672644.0,2559633384.0
2011-03-23,'000055,方大集团,10.84,10.84,10.63,10.81,10.79,0.05,0.4634,2.7622,6427572,69046851.1,5469935587.36,2522402352.96
2011-03-22,'000055,方大集团,10.79,10.89,10.61,10.68,10.7,0.09,0.8411,3.0011,6983322,75183617.39,5444705257.16,2510767655.76
2011-03-21,'000055,方大集团,10.7,10.74,10.39,10.5,10.54,0.16,1.518,2.7353,6364811,67468778.03,5399290662.8,2489825200.8
2011-03-18,'000055,方大集团,10.54,10.65,10.38,10.45,10.37,0.17,1.6393,2.0924,4868824,51137326.47,5318553606.16,2452594169.76
2011-03-17,'000055,方大集团,10.37,10.72,10.29,10.64,10.79,-0.42,-3.8925,3.0244,7037657,73716737.8,5232770483.48,2413036199.28
2011-03-16,'000055,方大集团,10.79,10.83,10.53,10.64,10.64,0.15,1.4098,2.8726,6684444,71407697.61,5444705257.16,2510767655.76
2011-03-15,'000055,方大集团,10.64,10.88,10.41,10.76,10.92,-0.28,-2.5641,3.8318,8916391,94497956.9,5369014266.56,2475863564.16
2011-03-14,'000055,方大集团,10.92,10.97,10.65,10.89,10.64,0.28,2.6316,4.3427,10105281,109648557.71,5510304115.68,2541017868.48
2011-03-11,'000055,方大集团,10.64,10.95,10.38,10.4,10.45,0.19,1.8182,4.9742,11574687,124049071.29,5369014266.56,2475863564.16
2011-03-10,'000055,方大集团,10.45,10.65,10.42,10.5,10.55,-0.1,-0.9479,2.8826,6707678,70517327.14,5273139011.8,2431651714.8
2011-03-09,'000055,方大集团,10.55,10.64,10.42,10.51,10.48,0.07,0.6679,3.7358,8693066,91617507.25,5323599672.2,2454921109.2
2011-03-08,'000055,方大集团,10.48,10.55,10.22,10.36,10.36,0.12,1.1583,3.8712,9008018,93736270.94,5288277209.92,2438632533.12
2011-03-07,'000055,方大集团,10.36,10.44,10.08,10.19,10.15,0.21,2.069,4.8567,11301343,115714785.64,5227724417.44,2410709259.84
2011-03-04,'000055,方大集团,10.15,10.6,10.03,10.33,9.9,0.25,2.5253,6.814,15855789,162381501.55,5121757030.6,2361843531.6
2011-03-03,'000055,方大集团,9.9,10.05,9.66,9.86,9.9,0.0,0.0,3.2288,7510993,74218625.88,4995605379.6,2302980738.3
2011-03-02,'000055,方大集团,9.9,9.9,9.61,9.7,9.76,0.14,1.4344,2.4257,5642806,55201971.26,4995605379.6,2302980738.3
2011-03-01,'000055,方大集团,9.76,10.0,9.69,9.73,9.71,0.05,0.5149,2.5897,6024283,59022383.78,4924960455.04,2270413333.92
2011-02-28,'000055,方大集团,9.71,9.73,9.51,9.65,9.58,0.13,1.357,2.0052,4664634,45057336.91,4899730124.84,2258782118.07
2011-02-25,'000055,方大集团,9.58,9.61,9.42,9.48,9.5,0.08,0.8421,2.0262,4713348,44926219.16,4834131266.32,2228540956.86
2011-02-24,'000055,方大集团,9.5,9.55,9.24,9.25,9.25,0.25,2.7027,1.976,4596595,43362316.64,4793762738.0,2209931011.5
2011-02-23,'000055,方大集团,9.25,9.32,9.12,9.17,9.17,0.08,0.8724,1.0611,2468370,22778579.8,4667611087.0,2151774932.25
2011-02-22,'000055,方大集团,9.17,9.59,9.15,9.54,9.53,-0.36,-3.7775,1.955,4547701,42358183.44,4627242558.68,2133164986.89
2011-02-21,'000055,方大集团,9.53,9.53,9.23,9.26,9.28,0.25,2.694,1.5409,3584459,33728993.51,4808900936.12,2216909741.01
2011-02-18,'000055,方大集团,9.28,9.5,9.26,9.5,9.55,-0.27,-2.8272,1.9624,4564905,42724547.98,4682749285.12,2158753661.76
2011-02-17,'000055,方大集团,9.55,9.8,9.42,9.6,9.42,0.13,1.38,3.9617,9215799,88677781.33,4818993068.2,2221562227.35
2011-02-16,'000055,方大集团,9.42,9.42,9.2,9.21,9.21,0.21,2.2801,1.685,3919806,36663071.33,4753394209.68,2191321066.14
2011-02-15,'000055,方大集团,9.21,9.38,9.14,9.21,9.19,0.02,0.2176,1.8825,4379165,40532322.01,4647426822.84,2142469959.57
2011-02-14,'000055,方大集团,9.19,9.24,9.05,9.1,9.08,0.11,1.2115,1.4671,3412761,31288837.31,4637334690.76,2137817473.23
2011-02-11,'000055,方大集团,9.08,9.12,9.01,9.06,9.05,0.03,0.3315,1.2134,2822674,25621185.72,4581827964.32,2112228798.36
2011-02-10,'000055,方大集团,9.05,9.1,8.71,8.77,8.78,0.27,3.0752,1.4688,3416873,30547611.04,4566689766.2,2105250068.85
2011-02-09,'000055,方大集团,8.78,8.93,8.71,8.83,8.9,-0.12,-1.3483,0.864,2009848,17748111.07,4430445983.12,2042441503.26
2011-02-01,'000055,方大集团,8.9,8.97,8.82,8.86,8.82,0.08,0.907,0.8682,2019689,17954279.34,4490998775.6,2070356421.3
2011-01-31,'000055,方大集团,8.82,8.9,8.68,8.73,8.73,0.09,1.0309,1.0336,2404516,21233311.63,4450630247.28,2051746475.94
2011-01-28,'000055,方大集团,8.73,8.77,8.66,8.69,8.68,0.05,0.576,0.905,2105346,18368264.53,4405215652.92,2030810287.41
2011-01-27,'000055,方大集团,8.68,8.77,8.48,8.55,8.58,0.1,1.1655,1.0751,2500958,21635532.26,4379985322.72,2019179071.56
2011-01-26,'000055,方大集团,8.58,8.61,8.41,8.45,8.42,0.16,1.9002,0.6035,1403904,11989431.94,4329524662.32,1995916639.86
2011-01-25,'000055,方大集团,8.42,8.64,8.3,8.6,8.59,-0.17,-1.979,0.7621,1772928,14943046.2,4248787605.68,1958696749.14
2011-01-24,'000055,方大集团,8.59,8.86,8.58,8.78,8.8,-0.21,-2.3864,0.9661,2247365,19526746.04,4334570728.36,1998242883.03
2011-01-21,'000055,方大集团,8.8,8.89,8.59,8.59,8.58,0.22,2.5641,0.9909,2305047,20192145.2,4440538115.2,2047093989.6
2011-01-20,'000055,方大集团,8.58,9.0,8.58,8.98,8.98,-0.4,-4.4543,1.016,2363507,20854420.92,4329524662.32,1995916639.86
2011-01-19,'000055,方大集团,8.98,8.99,8.76,8.8,8.84,0.14,1.5837,1.307,3040379,27085883.94,4531367303.92,2088966366.66
2011-01-18,'000055,方大集团,8.84,8.84,8.65,8.72,8.71,0.13,1.4925,0.7286,1694859,14814486.07,4460722379.36,2056398962.28
2011-01-17,'000055,方大集团,8.71,9.04,8.66,9.04,9.02,-0.31,-3.4368,1.3459,3130912,27600522.38,4395123520.84,2026157801.07
2011-01-14,'000055,方大集团,9.02,9.25,8.96,9.25,9.25,-0.23,-2.4865,1.4536,3381447,30653527.76,4551551568.08,2098271339.34
2011-01-13,'000055,方大集团,9.25,9.47,9.25,9.45,9.37,-0.12,-1.2807,1.3467,3132839,29131015.69,4667611087.0,2151774932.25
2011-01-12,'000055,方大集团,9.37,9.45,9.23,9.3,9.34,0.03,0.3212,1.2952,3012878,28138368.4,4728163879.48,2179689850.29
2011-01-11,'000055,方大集团,9.34,9.45,9.2,9.37,9.5,-0.16,-1.6842,1.7104,3978774,36978914.75,4713025681.36,2172711120.78
2011-01-10,'000055,方大集团,9.5,9.87,9.44,9.86,9.86,-0.36,-3.6511,1.4637,3404912,32945448.04,4793762738.0,2209931011.5
2011-01-07,'000055,方大集团,9.86,10.08,9.8,9.95,9.98,-0.12,-1.2024,1.5672,3645705,36310299.06,4975421115.44,2293675765.62
2011-01-06,'000055,方大集团,9.98,10.15,9.97,10.07,10.15,-0.17,-1.6749,1.4488,3370280,33789106.08,5035973907.92,2321590683.66
2011-01-05,'000055,方大集团,10.15,10.2,9.84,9.95,9.97,0.18,1.8054,3.0753,7153780,71489515.81,5121757030.6,2361136817.55
2011-01-04,'000055,方大集团,9.97,10.02,9.9,10.02,9.94,0.03,0.3018,1.6879,3926532,39127416.61,5030927841.88,2319264440.49
2010-12-31,'000055,方大集团,9.94,9.95,9.74,9.74,9.77,0.17,1.74,1.2005,2792727,27647139.62,5015789643.76,2312285710.98
2010-12-30,'000055,方大集团,9.77,9.86,9.62,9.8,9.77,0.0,0.0,0.9454,2199339,21438167.23,4930006521.08,2272739577.09
2010-12-29,'000055,方大集团,9.77,9.78,9.58,9.61,9.58,0.19,1.9833,1.1636,2706737,26204226.93,4930006521.08,2272739577.09
2010-12-28,'000055,方大集团,9.58,9.76,9.55,9.69,9.66,-0.08,-0.8282,1.4788,3439995,33184286.05,4834131266.32,2228540956.86
2010-12-27,'000055,方大集团,9.66,10.31,9.66,10.1,10.07,-0.41,-4.0715,2.4265,5644578,56546884.6,4874499794.64,2247150902.22
2010-12-24,'000055,方大集团,10.07,10.35,10.0,10.35,10.35,-0.28,-2.7053,2.1866,5086650,51536240.32,5081388502.28,2342526872.19
2010-12-23,'000055,方大集团,10.35,10.54,10.33,10.5,10.5,-0.15,-1.4286,1.497,3482374,36268097.5,5222678351.4,2407661680.95
2010-12-22,'000055,方大集团,10.5,10.81,10.48,10.8,10.78,-0.28,-2.5974,2.5213,5865232,62147385.3,5298369342.0,2442555328.5
2010-12-21,'000055,方大集团,10.78,10.81,10.52,10.7,10.71,0.07,0.6536,2.6003,6048956,64643573.04,5439659191.12,2507690137.26
2010-12-20,'000055,方大集团,10.71,11.1,10.38,11.1,11.05,-0.34,-3.0769,3.4759,8085826,86815132.77,5404336728.84,2491406435.07
2010-12-17,'000055,方大集团,11.05,11.09,10.73,10.79,10.76,0.29,2.6952,2.6058,6061615,66268467.47,5575902974.2,2570498702.85
2010-12-16,'000055,方大集团,10.76,10.98,10.71,10.73,10.84,-0.08,-0.738,2.197,5110786,55318520.76,5429567059.04,2503037650.92
2010-12-15,'000055,方大集团,10.84,11.25,10.83,11.05,10.82,0.02,0.1848,5.6663,13181287,145293229.37,5469935587.36,2521647596.28
2010-12-14,'000055,方大集团,10.82,10.88,10.6,10.6,10.62,0.2,1.8832,2.9527,6868602,73915831.45,5459843455.28,2516995109.94
2010-12-13,'000055,方大集团,10.62,10.64,10.28,10.35,10.17,0.45,4.4248,2.361,5492214,57591022.3,5358922134.48,2470470246.54
2010-12-10,'000055,方大集团,0.0,0.0,0.0,0.0,10.17,None,None,0.0,0,0.0,5131849162.68,2365789303.89
2010-12-09,'000055,方大集团,10.17,10.46,10.15,10.46,10.46,-0.29,-2.7725,2.1649,5036071,51823240.95,5131849162.68,2365789303.89
2010-12-08,'000055,方大集团,10.46,10.64,10.4,10.61,10.61,-0.15,-1.4138,1.9746,4593424,48291261.69,5278185077.84,2433250355.82
2010-12-07,'000055,方大集团,10.61,10.65,10.3,10.53,10.61,0.0,0.0,1.6896,3930401,41189146.97,5353876068.44,2468144003.37
2010-12-06,'000055,方大集团,10.61,10.94,10.42,10.88,10.9,-0.29,-2.6606,2.908,6764782,71925621.82,5353876068.44,2468144003.37
2010-12-03,'000055,方大集团,10.9,11.23,10.85,11.01,10.87,0.03,0.276,5.1113,11890053,131021198.99,5500211983.6,2535605055.3
2010-12-02,'000055,方大集团,10.87,10.99,10.7,10.82,10.71,0.16,1.4939,4.4313,10308330,111885821.53,5485073785.48,2528626325.79
2010-12-01,'000055,方大集团,10.71,10.81,10.36,10.51,10.54,0.17,1.6129,3.2402,7537429,80206308.57,5404336728.84,2491406435.07
2010-11-30,'000055,方大集团,10.54,10.97,10.03,10.8,10.88,-0.34,-3.125,3.9296,9141311,95633459.06,5318553606.16,2451860301.18
2010-11-29,'000055,方大集团,10.88,10.99,10.62,10.64,10.64,0.24,2.2556,3.0106,7003345,76095047.95,5490119851.52,2530952568.96
2010-11-26,'000055,方大集团,10.64,10.95,10.54,10.85,10.84,-0.2,-1.845,2.6081,6067189,64963378.3,5369014266.56,2475122732.88
2010-11-25,'000055,方大集团,10.84,11.03,10.71,10.75,10.73,0.11,1.0252,4.1499,9653762,104782768.95,5469935587.36,2521647596.28
2010-11-24,'000055,方大集团,10.73,10.8,10.35,10.35,10.41,0.32,3.074,2.9624,6891246,73288532.34,5414428860.92,2496058921.41
2010-11-23,'000055,方大集团,10.41,10.63,10.13,10.6,10.66,-0.25,-2.3452,2.7945,6500619,67365264.74,5252954747.64,2421619139.97
2010-11-22,'000055,方大集团,10.66,10.89,10.29,10.33,10.45,0.21,2.0096,3.9735,9243437,97960921.58,5379106398.64,2479775219.22
2010-11-19,'000055,方大集团,10.45,10.45,10.06,10.12,10.06,0.39,3.8767,4.1667,9692705,99748892.83,5273139011.8,2430924112.65
2010-11-18,'000055,方大集团,10.06,10.23,9.95,10.11,9.98,0.08,0.8016,2.5105,5840017,58809639.17,5076342436.24,2340200629.02
2010-11-17,'000055,方大集团,9.98,10.28,9.82,10.11,10.14,-0.16,-1.5779,2.61,6071502,61352315.84,5035973907.92,2321590683.66
2010-11-16,'000055,方大集团,10.14,10.81,10.0,10.61,10.63,-0.49,-4.6096,3.4366,7994439,83321871.85,5116710964.56,2358810574.38
2010-11-15,'000055,方大集团,10.63,10.74,10.39,10.39,10.46,0.17,1.6252,3.0019,6983086,73918940.33,5363968200.52,2472796489.71
2010-11-12,'000055,方大集团,10.46,11.57,10.45,11.5,11.57,-1.11,-9.5938,6.8403,15912188,177190599.77,5278185077.84,2433250355.82
2010-11-11,'000055,方大集团,11.57,12.15,11.57,11.69,11.65,-0.08,-0.6867,9.3389,21724591,258620044.13,5838298408.28,2691463347.69
2010-11-10,'000055,方大集团,11.65,11.76,11.43,11.72,11.71,-0.06,-0.5124,5.3063,12343634,142906363.09,5878666936.6,2710073293.05
2010-11-09,'000055,方大集团,11.71,11.84,11.53,11.8,11.79,-0.08,-0.6785,4.5817,10658188,124019371.62,5908943332.84,2724030752.07
2010-11-08,'000055,方大集团,11.79,11.8,11.42,11.48,11.51,0.28,2.4327,6.1947,14410492,167780715.68,5949311861.16,2742640697.43
2010-11-05,'000055,方大集团,11.51,11.73,11.42,11.6,11.59,-0.08,-0.6903,6.3527,14778019,170549193.36,5808022012.04,2677505888.67
2010-11-04,'000055,方大集团,11.59,11.63,11.18,11.33,11.43,0.16,1.3998,5.9041,13734338,157621322.59,5848390540.36,2696115834.03
2010-11-03,'000055,方大集团,11.43,12.15,11.01,11.01,11.08,0.35,3.1588,9.12,21215274,247130329.48,5767653483.72,2658895943.31
2010-11-02,'000055,方大集团,11.08,11.48,11.05,11.45,11.44,-0.36,-3.1469,7.4315,17287580,194331674.97,5591041172.32,2577477432.36
2010-11-01,'000055,方大集团,11.44,11.58,11.26,11.3,11.37,0.07,0.6157,6.5579,15255185,174289992.8,5772699549.76,2661222186.48
2010-10-29,'000055,方大集团,11.37,11.43,11.08,11.27,11.3,0.07,0.6195,5.5437,12895960,144894217.03,5737377087.48,2644938484.29
2010-10-28,'000055,方大集团,11.3,11.41,10.9,10.94,10.96,0.34,3.1022,7.378,17163129,192213227.39,5702054625.2,2628654782.1
2010-10-27,'000055,方大集团,10.96,11.22,10.91,11.1,11.09,-0.13,-1.1722,6.496,15111247,167286475.63,5530488379.84,2549562514.32
2010-10-26,'000055,方大集团,11.09,11.17,10.63,10.79,10.79,0.3,2.7804,7.5514,17566455,191583331.63,5596087238.36,2579803675.53
2010-10-25,'000055,方大集团,10.79,10.82,10.53,10.56,10.61,0.18,1.6965,5.3715,12495432,134033615.46,5444705257.16,2510016380.43
2010-10-22,'000055,方大集团,10.61,10.73,10.48,10.63,10.62,-0.01,-0.0942,3.615,8409439,89312387.28,5353876068.44,2468144003.37
2010-10-21,'000055,方大集团,10.62,10.66,10.39,10.4,10.41,0.21,2.0173,3.1691,7372116,77648687.19,5358922134.48,2470470246.54
2010-10-20,'000055,方大集团,10.41,10.6,10.09,10.23,10.5,-0.09,-0.8571,3.505,8153466,84527697.02,5252954747.64,2421619139.97
2010-10-19,'000055,方大集团,10.5,10.54,10.22,10.22,10.21,0.29,2.8404,2.6638,6196543,64452580.05,5298369342.0,2442555328.5
2010-10-18,'000055,方大集团,10.21,10.72,9.9,10.7,10.65,-0.44,-4.1315,4.5647,10618686,107761172.85,5152033426.84,2375094276.57
2010-10-15,'000055,方大集团,10.65,10.97,10.52,10.59,10.63,0.02,0.1881,3.7904,8817502,94551086.64,5374060332.6,2477448976.05
2010-10-14,'000055,方大集团,10.63,11.25,10.61,11.2,11.26,-0.63,-5.595,5.3335,12407097,134896310.54,5363968200.52,2472796489.71
2010-10-13,'000055,方大集团,11.26,11.43,11.03,11.29,11.29,-0.03,-0.2657,5.0092,11652521,130713121.9,5681870361.04,2619349809.42
2010-10-12,'000055,方大集团,11.29,11.37,11.16,11.26,11.28,0.01,0.0887,3.7229,8660458,97717128.75,5697008559.16,2626328538.93
2010-10-11,'000055,方大集团,11.28,11.28,10.92,11.03,11.02,0.26,2.3593,5.3967,12554034,139552164.15,5691962493.12,2624002295.76
2010-10-08,'000055,方大集团,11.02,11.17,10.81,10.89,10.8,0.22,2.037,3.7316,8680602,95718812.6,5560764776.08,2563519973.34
2010-09-30,'000055,方大集团,10.8,10.83,10.5,10.56,10.63,0.17,1.5992,2.0067,4668024,49923160.87,5449751323.2,2512342623.6
2010-09-29,'000055,方大集团,10.63,10.88,10.58,10.62,10.62,0.01,0.0942,3.122,7262433,77772406.33,5363968200.52,2472796489.71
2010-09-28,'000055,方大集团,10.62,11.04,10.54,11.04,11.04,-0.42,-3.8043,4.5139,10500444,112982720.32,5358922134.48,2470470246.54
2010-09-27,'000055,方大集团,11.04,11.07,10.81,10.94,10.8,0.24,2.2222,2.6354,6130515,67267824.19,5570856908.16,2568172459.68
2010-09-21,'000055,方大集团,10.8,10.94,10.53,10.77,10.86,-0.06,-0.5525,3.0317,7052431,75981886.0,5449751323.2,2512342623.6
2010-09-20,'000055,方大集团,10.86,11.41,10.71,11.3,11.22,-0.36,-3.2086,5.5511,12913104,142128505.56,5480027719.44,2526300082.62
2010-09-17,'000055,方大集团,11.22,11.95,11.22,11.82,11.9,-0.68,-5.7143,8.9013,20706695,240140863.41,5661686096.88,2610044836.74
2010-09-16,'000055,方大集团,11.9,12.19,11.33,11.38,11.43,0.47,4.112,13.4538,31296863,368222950.22,6004818587.6,2768229372.3
2010-09-15,'000055,方大集团,11.43,11.86,11.16,11.2,11.43,0.0,0.0,6.8886,16024458,184446759.85,5767653483.72,2658895943.31
2010-09-14,'000055,方大集团,11.43,11.84,11.34,11.52,11.32,0.11,0.9717,9.322,21685162,251013315.53,5767653483.72,2658895943.31
2010-09-13,'000055,方大集团,11.32,11.42,11.12,11.17,11.24,0.08,0.7117,7.5317,17520614,197607666.24,5712146757.28,2633307268.44
2010-09-10,'000055,方大集团,11.24,11.39,10.61,10.78,10.78,0.46,4.2672,9.6122,22360239,247601606.81,5671778228.96,2614697323.08
2010-09-09,'000055,方大集团,10.78,11.29,10.75,11.12,11.04,-0.26,-2.3551,5.4441,12664272,139021065.57,5439659191.12,2507690137.26
2010-09-08,'000055,方大集团,11.04,11.11,10.72,10.72,10.9,0.14,1.2844,4.8916,11378974,125173403.07,5570856908.16,2568172459.68
2010-09-07,'000055,方大集团,10.9,10.92,10.59,10.79,10.8,0.1,0.9259,3.8761,9016671,96848543.56,5500211983.6,2535605055.3
2010-09-06,'000055,方大集团,10.8,11.23,10.78,11.22,11.14,-0.34,-3.0521,6.1281,14255561,155538266.33,5449751323.2,2512342623.6
2010-09-03,'000055,方大集团,11.14,11.29,10.79,10.96,10.98,0.16,1.4572,8.6295,20074409,221085051.58,5621317568.56,2591434891.38
2010-09-02,'000055,方大集团,10.98,11.1,10.8,10.96,10.77,0.21,1.9499,8.2418,19172359,209858587.43,5540580511.92,2554215000.66
2010-09-01,'000055,方大集团,10.77,10.93,10.53,10.93,10.9,-0.13,-1.1927,7.4833,17408035,186324218.81,5434613125.08,2505363894.09
2010-08-31,'000055,方大集团,10.9,11.12,10.16,10.16,10.4,0.5,4.8077,11.4673,26675641,287687472.79,5500211983.6,2535605055.3
2010-08-30,'000055,方大集团,10.4,10.4,10.06,10.16,10.11,0.29,2.8684,4.1105,9562055,98328581.81,5247908681.6,2419292896.8
2010-08-27,'000055,方大集团,10.11,10.25,10.0,10.23,10.22,-0.11,-1.0763,2.8929,6729633,67877599.06,5101572766.44,2351831844.87
2010-08-26,'000055,方大集团,10.22,10.31,10.06,10.17,10.12,0.1,0.9881,2.9439,6848243,69795330.99,5157079492.88,2377420519.74
2010-08-25,'000055,方大集团,10.12,10.48,10.08,10.48,10.59,-0.47,-4.4381,5.6313,13099805,134432509.85,5106618832.48,2354158088.04
2010-08-24,'000055,方大集团,10.59,10.83,10.42,10.5,10.49,0.1,0.9533,8.3965,19532254,207495705.53,5343783936.36,2463491517.03
2010-08-23,'000055,方大集团,10.49,10.55,10.04,10.05,10.05,0.44,4.3781,7.654,17805056,184246499.76,5293323275.96,2440229085.33
2010-08-20,'000055,方大集团,10.05,10.23,9.94,10.13,10.11,-0.06,-0.5935,5.0444,11734546,118261486.08,5071296370.2,2337874385.85
2010-08-19,'000055,方大集团,10.11,10.35,10.07,10.24,10.24,-0.13,-1.2695,4.6304,10771505,109715902.59,5101572766.44,2351831844.87
2010-08-18,'000055,方大集团,10.24,10.4,10.11,10.38,10.39,-0.15,-1.4437,4.4034,10243410,104926728.8,5167171624.96,2382073006.08
2010-08-17,'000055,方大集团,10.39,10.52,10.15,10.24,10.2,0.19,1.8627,6.2602,14562843,150917961.09,5242862615.56,2416966653.63
2010-08-16,'000055,方大集团,10.2,10.27,9.9,10.06,10.06,0.14,1.3917,6.288,14627316,148491645.2,5146987360.8,2372768033.4
2010-08-13,'000055,方大集团,10.06,10.07,9.75,9.76,9.75,0.31,3.1795,5.5838,12989240,129106785.67,5076342436.24,2340200629.02
2010-08-12,'000055,方大集团,9.75,9.9,9.48,9.59,9.7,0.05,0.5155,4.1858,9737127,95084562.93,4919914389.0,2268087090.75
2010-08-11,'000055,方大集团,9.7,9.75,9.52,9.58,9.52,0.18,1.8908,2.3508,5468420,52666708.46,4894684058.8,2256455874.9
2010-08-10,'000055,方大集团,9.52,10.09,9.5,10.08,10.05,-0.53,-5.2736,4.2706,9934478,97191640.5,4803854870.08,2214583497.84
2010-08-09,'000055,方大集团,10.05,10.05,9.81,9.9,9.86,0.19,1.927,4.4056,10248576,102065834.36,5071296370.2,2337874385.85
2010-08-06,'000055,方大集团,9.86,9.88,9.44,9.67,9.67,0.19,1.9648,3.8607,8980938,87152153.71,4975421115.44,2293675765.62
2010-08-05,'000055,方大集团,9.67,9.78,9.54,9.68,9.7,-0.03,-0.3093,3.1755,7386994,71324025.42,4879545860.68,2249477145.39
2010-08-04,'000055,方大集团,9.7,9.77,9.38,9.62,9.72,-0.02,-0.2058,4.3969,10228373,97789207.42,4894684058.8,2256455874.9
2010-08-03,'000055,方大集团,9.72,10.1,9.72,10.0,9.91,-0.19,-1.9173,4.7181,10975456,109029995.13,4904776190.88,2261108361.24
2010-08-02,'000055,方大集团,9.91,9.95,9.78,9.81,9.71,0.2,2.0597,4.3057,10015989,98913550.79,5000651445.64,2305306981.47
2010-07-30,'000055,方大集团,9.71,9.83,9.58,9.68,9.66,0.05,0.5176,3.8145,8873416,86080776.35,4899730124.84,2258782118.07
2010-07-29,'000055,方大集团,9.66,9.74,9.48,9.71,9.64,0.02,0.2075,4.7205,10981075,105576925.08,4874499794.64,2247150902.22
2010-07-28,'000055,方大集团,9.64,9.75,9.22,9.31,9.37,0.27,2.8815,5.4453,12667158,120766029.07,4864407662.56,2242498415.88
2010-07-27,'000055,方大集团,9.37,9.52,9.28,9.52,9.52,-0.15,-1.5756,2.7273,6344459,59627528.78,4728163879.48,2179689850.29
2010-07-26,'000055,方大集团,9.52,9.64,9.36,9.36,9.35,0.17,1.8182,2.9947,6966324,66133506.49,4803854870.08,2214583497.84
2010-07-23,'000055,方大集团,9.35,9.42,9.18,9.35,9.41,-0.06,-0.6376,2.6468,6157057,57353124.4,4718071747.4,2175037363.95
2010-07-22,'000055,方大集团,9.41,9.43,9.14,9.31,9.3,0.11,1.1828,3.5799,8327664,77525689.08,4748348143.64,2188994822.97
2010-07-21,'000055,方大集团,9.3,9.63,9.21,9.37,9.26,0.04,0.432,5.0184,11674009,109780975.28,4692841417.2,2163406148.1
2010-07-20,'000055,方大集团,9.26,9.3,8.88,8.95,8.92,0.34,3.8117,4.2414,9866420,90466289.99,4672657153.04,2154101175.42
2010-07-19,'000055,方大集团,8.92,8.96,8.53,8.6,8.76,0.16,1.8265,2.5677,5973170,52548316.13,4501090907.68,2075008907.64
2010-07-16,'000055,方大集团,8.76,8.86,8.38,8.58,8.88,-0.12,-1.3514,3.6886,8580690,73832048.74,4420353851.04,2037789016.92
2010-07-15,'000055,方大集团,8.88,9.82,8.77,9.74,9.46,-0.58,-6.1311,7.0129,16313608,150796238.12,4480906643.52,2065703934.96
2010-07-14,'000055,方大集团,9.46,9.46,8.78,8.78,8.6,0.86,10.0,3.4368,7994914,74236958.01,4773578473.84,2200626038.82
2010-07-13,'000055,方大集团,8.6,8.77,8.4,8.65,8.78,-0.18,-2.0501,3.0333,7058316,60584317.5,3927288074.4,2001167918.4
2010-07-12,'000055,方大集团,8.78,8.88,8.69,8.73,8.73,0.05,0.5727,3.0172,7020937,61702335.56,4009487127.12,2043052828.32
2010-07-09,'000055,方大集团,8.73,8.85,8.31,8.42,8.39,0.34,4.0524,3.426,7972114,68917587.94,3986654056.92,2031418131.12
2010-07-08,'000055,方大集团,8.39,8.66,8.36,8.65,8.65,-0.26,-3.0058,2.1917,5099918,43360144.67,3831389179.56,1952302190.16
2010-07-07,'000055,方大集团,8.65,8.65,8.38,8.55,8.58,0.07,0.8159,2.1877,5090728,43475688.01,3950121144.6,2012802615.6
2010-07-06,'000055,方大集团,8.58,8.59,8.26,8.3,8.32,0.26,3.125,2.3607,5493230,46626277.48,3918154846.32,1996514039.52
2010-07-05,'000055,方大集团,8.32,8.4,8.1,8.28,8.28,0.04,0.4831,1.6783,3905213,32315397.55,3799422881.28,1936013614.08
2010-07-02,'000055,方大集团,8.28,8.47,7.91,8.25,8.23,0.05,0.6075,2.8081,6534312,53807955.91,3781156425.12,1926705856.32
2010-07-01,'000055,方大集团,8.23,8.63,8.2,8.52,8.55,-0.32,-3.7427,2.2876,5322995,44876903.79,3758323354.92,1915071159.12
2010-06-30,'000055,方大集团,8.55,8.65,8.33,8.58,8.67,-0.12,-1.3841,1.821,4237406,35999037.57,3904455004.2,1989533221.2
2010-06-29,'000055,方大集团,8.67,9.38,8.62,9.32,9.31,-0.64,-6.8743,3.716,8646905,77167844.47,3959254372.68,2017456494.48
2010-06-28,'000055,方大集团,9.31,10.03,9.29,9.98,9.97,-0.66,-6.6199,3.9984,9303932,89222726.34,4251517671.24,2166380618.64
2010-06-25,'000055,方大集团,9.97,10.43,9.8,10.4,10.41,-0.44,-4.2267,3.5862,8344793,83775549.79,4552914197.88,2319958621.68
2010-06-24,'000055,方大集团,10.41,10.5,10.23,10.35,10.33,0.08,0.7744,1.6057,3736426,38788798.53,4753845215.64,2422343957.04
2010-06-23,'000055,方大集团,10.33,10.72,10.17,10.45,10.61,-0.28,-2.639,2.6868,6252021,65241344.1,4717312303.32,2403728441.52
2010-06-22,'000055,方大集团,10.61,10.68,10.41,10.5,10.53,0.08,0.7597,2.7373,6369554,67204965.34,4845177496.44,2468882745.84
2010-06-21,'000055,方大集团,10.53,10.65,10.0,10.07,10.09,0.44,4.3608,2.6403,6143805,63260423.69,4808644584.12,2450267230.32
2010-06-18,'000055,方大集团,10.09,10.44,10.0,10.37,10.35,-0.26,-2.5121,2.892,6729591,68493909.17,4607713566.36,2347881894.96
2010-06-17,'000055,方大集团,10.35,10.82,10.3,10.7,10.7,-0.35,-3.271,3.5515,8264081,86781556.64,4726445531.4,2408382320.4
2010-06-11,'000055,方大集团,10.7,11.17,10.5,11.11,11.07,-0.37,-3.3424,4.7344,11016593,119063976.01,4886277022.8,2489825200.8
2010-06-10,'000055,方大集团,11.07,11.23,10.88,10.95,11.07,0.0,0.0,4.0528,9430731,104447927.96,5055241742.28,2575921960.08
2010-06-09,'000055,方大集团,11.07,11.07,10.64,10.75,10.8,0.27,2.5,5.0344,11714799,126957491.01,5055241742.28,2575921960.08
2010-06-08,'000055,方大集团,10.8,10.8,10.25,10.34,10.34,0.46,4.4487,5.3407,12427455,130968504.36,4931943163.2,2513094595.2
2010-06-07,'000055,方大集团,10.34,10.4,9.98,10.03,10.33,0.01,0.0968,3.2781,7627832,77723335.88,4721878917.36,2406055380.96
2010-06-04,'000055,方大集团,10.33,10.44,10.06,10.21,10.28,0.05,0.4864,3.8022,8847574,90496278.62,4717312303.32,2403728441.52
2010-06-03,'000055,方大集团,10.28,10.85,10.25,10.7,10.64,-0.36,-3.3835,3.8033,8850156,93939824.27,4694479233.12,2392093744.32
2010-06-02,'000055,方大集团,10.64,10.66,10.11,10.38,10.46,0.18,1.7208,3.1393,7304951,75937886.34,4858877338.56,2475863564.16
2010-06-01,'000055,方大集团,10.46,11.16,10.03,10.98,11.11,-0.65,-5.8506,6.2187,14470552,153047202.79,4776678285.84,2433978654.24
2010-05-31,'000055,方大集团,11.11,11.65,11.11,11.32,11.43,-0.32,-2.7997,4.7692,11097726,126513713.27,5073508198.44,2585229717.84
2010-05-28,'000055,方大集团,11.43,11.77,11.31,11.7,11.57,-0.14,-1.21,5.3074,12349909,142452422.66,5219639847.72,2659691779.92
2010-05-27,'000055,方大集团,11.57,11.65,11.05,11.18,11.29,0.28,2.4801,5.4177,12606582,143498923.97,5283572444.28,2692268932.08
2010-05-26,'000055,方大集团,11.29,11.55,11.0,11.38,11.43,-0.14,-1.2248,4.7047,10947581,123178999.19,5155707251.16,2627114627.76
2010-05-25,'000055,方大集团,11.43,11.55,11.05,11.1,11.19,0.24,2.1448,6.1444,14297738,161214864.74,5219639847.72,2659691779.92
2010-05-24,'000055,方大集团,11.19,11.44,10.85,10.88,10.84,0.35,3.2288,7.1216,16571621,185738191.81,5110041110.76,2603845233.36
2010-05-21,'000055,方大集团,10.84,10.85,9.8,9.9,10.29,0.55,5.345,6.4574,15025864,157104458.85,4950209619.36,2522402352.96
2010-05-20,'000055,方大集团,10.29,10.6,10.09,10.16,10.39,-0.1,-0.9625,4.4361,10322567,107356593.91,4699045847.16,2394420683.76
2010-05-19,'000055,方大集团,10.39,10.78,10.35,10.36,10.32,0.07,0.6783,5.5016,12801863,135185929.84,4744711987.56,2417690078.16
2010-05-18,'000055,方大集团,10.32,10.48,9.85,9.9,10.13,0.19,1.8756,4.4103,10262535,104485461.76,4712745689.28,2401401502.08
2010-05-17,'000055,方大集团,10.13,11.05,10.13,10.99,11.26,-1.13,-10.0355,5.6478,13142145,138072316.93,4625980022.52,2357189652.72
2010-05-14,'000055,方大集团,11.26,11.49,10.89,11.1,11.13,0.13,1.168,6.2752,14601988,163498255.88,5142007409.04,2620133809.44
2010-05-13,'000055,方大集团,11.13,11.2,10.19,10.65,10.85,0.28,2.5806,6.1745,14367747,154252601.24,5082641426.52,2589883596.72
2010-05-12,'000055,方大集团,10.85,11.6,10.85,11.2,12.05,-1.2,-9.9585,8.3485,19426424,214344189.96,4954776233.4,2524729292.4
2010-05-11,'000055,方大集团,12.05,13.36,12.0,13.15,12.89,-0.84,-6.5167,9.4707,22037634,282147464.22,5502769918.2,2803962025.2
2010-05-10,'000055,方大集团,12.89,13.08,11.9,12.62,12.61,0.28,2.2205,7.6837,17879401,226368512.24,5886365497.56,2999424938.16
2010-05-07,'000055,方大集团,12.61,13.0,11.9,12.0,12.37,0.24,1.9402,6.4646,15042792,188975402.93,5758500304.44,2934270633.84
2010-05-06,'000055,方大集团,12.37,13.35,12.36,12.8,12.8,-0.43,-3.3594,9.1481,21287160,275195151.34,5648901567.48,2878424087.28
2010-05-05,'000055,方大集团,12.8,12.96,12.12,12.19,12.28,0.52,4.2345,6.3967,14884772,187066128.18,5845265971.2,2978482483.2
2010-05-04,'000055,方大集团,12.28,12.52,11.66,11.75,11.95,0.33,2.7615,5.6209,13079566,159632077.97,5607802041.12,2857481632.32
2010-04-30,'000055,方大集团,11.95,12.57,11.69,12.3,12.72,-0.77,-6.0535,7.8863,18350959,220928457.43,5457103777.8,2780692630.8
2010-04-29,'000055,方大集团,12.72,13.77,12.7,12.95,12.8,-0.08,-0.625,12.1886,28362235,377369466.45,5808733058.88,2959866967.68
2010-04-28,'000055,方大集团,12.8,13.34,12.61,13.16,13.39,-0.59,-4.4063,8.9788,20893076,271065182.65,5845265971.2,2978482483.2
2010-04-27,'000055,方大集团,13.39,13.39,12.55,13.03,13.05,0.34,2.6054,11.8616,27601322,358189296.07,6114696199.56,3115771910.16
2010-04-26,'000055,方大集团,0.0,0.0,0.0,0.0,13.05,None,None,0.0,0,0.0,5959431322.2,3036655969.2
2010-04-23,'000055,方大集团,13.05,13.48,12.91,13.27,13.27,-0.22,-1.6579,12.0845,28119962,370750803.51,5959431322.2,3036655969.2
2010-04-22,'000055,方大集团,13.27,13.95,13.03,13.18,13.03,0.24,1.8419,16.7669,39015626,524556310.42,6059896831.08,3087848636.88
2010-04-21,'000055,方大集团,13.03,13.3,12.44,12.9,12.43,0.6,4.827,21.5217,50079689,642449205.11,5950298094.12,3032002090.32
2010-04-20,'000055,方大集团,12.43,12.43,11.08,11.4,11.3,1.13,10.0,19.1329,44521156,531294780.69,5676301251.72,2892385723.92
2010-04-19,'000055,方大集团,11.3,11.83,10.63,10.66,10.79,0.51,4.7266,13.0472,30360149,342414648.28,5160273865.2,2629441567.2
2010-04-16,'000055,方大集团,10.79,11.12,10.63,11.02,11.08,-0.29,-2.6173,5.2586,12236545,132399082.81,4927376549.16,2510767655.76
2010-04-15,'000055,方大集团,11.08,11.43,10.95,11.17,11.22,-0.14,-1.2478,7.2014,16757185,187319941.48,5059808356.32,2578248899.52
2010-04-14,'000055,方大集团,11.22,11.49,10.9,10.98,11.09,0.13,1.1722,9.5911,22317848,251097053.56,5123740952.88,2610826051.68
2010-04-13,'000055,方大集团,11.09,11.39,10.4,10.88,10.64,0.45,4.2293,14.3521,33396509,367353361.14,5064374970.36,2580575838.96
2010-04-12,'000055,方大集团,10.64,10.73,10.45,10.51,10.47,0.17,1.6237,5.6705,13194818,139781863.21,4858877338.56,2475863564.16
2010-04-09,'000055,方大集团,10.47,10.5,10.17,10.24,10.21,0.26,2.5465,4.7588,11073354,114677529.0,4781244899.88,2436305593.68
2010-04-08,'000055,方大集团,10.21,10.33,10.08,10.15,10.19,0.02,0.1963,3.0041,6990428,71366813.62,4662512934.84,2375805168.24
2010-04-07,'000055,方大集团,10.19,10.33,10.08,10.33,10.29,-0.1,-0.9718,2.9109,6773378,68929421.01,4653379706.76,2371151289.36
2010-04-06,'000055,方大集团,10.29,10.38,10.05,10.28,10.2,0.09,0.8824,4.5038,10480115,107020120.53,4699045847.16,2394420683.76
2010-04-02,'000055,方大集团,10.91,11.11,10.82,11.01,10.99,-0.08,-0.7279,3.1084,6759820,73712996.02,4656239176.69,2372608348.16
2010-04-01,'000055,方大集团,10.99,11.06,10.7,10.77,10.72,0.27,2.5187,5.058,10999649,120421654.78,4690382085.41,2390006026.24
2010-03-31,'000055,方大集团,10.72,10.88,10.64,10.76,10.8,-0.08,-0.7407,3.3022,7181318,77168555.29,4575149768.48,2331288862.72
2010-03-30,'000055,方大集团,10.8,10.85,10.52,10.6,10.58,0.22,2.0794,4.4372,9649530,103472334.25,4609292677.2,2348686540.8
2010-03-29,'000055,方大集团,10.58,10.65,10.39,10.45,10.45,0.13,1.244,2.6465,5755404,60644191.31,4515399678.22,2300842926.08
2010-03-26,'000055,方大集团,10.45,10.48,10.14,10.14,10.18,0.27,2.6523,2.4886,5412003,55963626.57,4459917451.55,2272571699.2
2010-03-25,'000055,方大集团,10.18,10.59,10.18,10.56,10.57,-0.39,-3.6897,3.2468,7060778,72843929.64,4344685134.62,2213854535.68
2010-03-24,'000055,方大集团,10.57,10.64,10.42,10.53,10.53,0.04,0.3799,2.8216,6136164,64408255.41,4511131814.63,2298668216.32
2010-03-23,'000055,方大集团,10.53,10.85,10.5,10.8,10.7,-0.17,-1.5888,3.8853,8449461,90054253.27,4494060360.27,2289969377.28
2010-03-22,'000055,方大集团,0.0,0.0,0.0,0.0,10.7,None,None,0.0,0,0.0,4566614041.3,2326939443.2
2010-03-19,'000055,方大集团,10.7,10.78,10.48,10.56,10.54,0.16,1.518,3.0616,6657999,70781092.27,4566614041.3,2326939443.2
2010-03-18,'000055,方大集团,10.54,10.82,10.48,10.54,10.52,0.02,0.1901,3.3041,7185517,76284720.54,4498328223.86,2292144087.04
2010-03-17,'000055,方大集团,10.52,10.53,10.23,10.24,10.24,0.28,2.7344,3.3515,7288554,75821560.96,4489792496.68,2287794667.52
2010-03-16,'000055,方大集团,10.24,10.28,10.08,10.08,10.2,0.04,0.3922,1.7201,3740778,38119036.88,4370292316.16,2226902794.24
2010-03-15,'000055,方大集团,10.2,10.2,9.75,9.92,10.05,0.15,1.4925,2.666,5797694,57698942.95,4353220861.8,2218203955.2
2010-03-12,'000055,方大集团,10.05,10.4,10.02,10.39,10.39,-0.34,-3.2724,2.5003,5437424,55373441.6,4289202907.95,2185583308.8
2010-03-11,'000055,方大集团,10.39,10.5,10.1,10.37,10.33,0.06,0.5808,2.9764,6472800,66402879.37,4434310270.01,2259523440.64
2010-03-10,'000055,方大集团,10.33,10.66,10.23,10.6,10.6,-0.27,-2.5472,3.35,7285285,75716006.19,4408703088.47,2246475182.08
2010-03-09,'000055,方大集团,10.6,10.77,10.5,10.75,10.7,-0.1,-0.9346,2.9179,6345533,67289618.97,4523935405.4,2305192345.6
2010-03-08,'000055,方大集团,10.7,10.84,10.37,10.43,10.36,0.34,3.2819,4.4823,9747656,103903774.36,4566614041.3,2326939443.2
2010-03-05,'000055,方大集团,10.36,10.55,10.22,10.45,10.4,-0.04,-0.3846,4.1208,8961596,93236133.83,4421506679.24,2252999311.36
2010-03-04,'000055,方大集团,10.4,11.3,10.3,11.2,11.18,-0.78,-6.9767,8.724,18972084,204090188.35,4438578133.6,2261698150.4
2010-03-03,'000055,方大集团,11.18,11.45,10.9,11.0,10.9,0.28,2.5688,9.1073,19805645,221776176.86,4771471493.62,2431325511.68
2010-03-02,'000055,方大集团,10.9,11.3,10.72,10.78,10.69,0.21,1.9645,9.2639,20146311,223281837.77,4651971313.1,2370433638.4
2010-03-01,'000055,方大集团,10.69,10.85,10.65,10.85,10.83,-0.14,-1.2927,6.3031,13707343,147022711.17,4562346177.71,2324764733.44
2010-02-26,'000055,方大集团,10.83,10.83,10.48,10.51,10.58,0.25,2.3629,7.2776,15826651,168340915.2,4622096267.97,2355210670.08
2010-02-25,'000055,方大集团,10.58,10.74,10.42,10.52,10.48,0.1,0.9542,6.2753,13646892,144533134.77,4515399678.22,2300842926.08
2010-02-24,'000055,方大集团,10.48,10.78,10.37,10.53,10.6,-0.12,-1.1321,7.7192,16786963,176157699.83,4472721042.32,2279095828.48
2010-02-23,'000055,方大集团,10.6,10.89,10.39,10.5,10.68,-0.08,-0.7491,9.2531,20122892,213190470.86,4523935405.4,2305192345.6
2010-02-22,'000055,方大集团,10.68,10.85,10.11,10.25,10.37,0.31,2.9894,5.5416,12051413,126135533.42,4558078314.12,2322590023.68
2010-02-12,'000055,方大集团,10.37,10.45,9.72,9.82,9.85,0.52,5.2792,5.2859,11495249,116839299.23,4425774542.83,2255174021.12
2010-02-11,'000055,方大集团,9.85,10.16,9.62,9.69,9.9,-0.05,-0.5051,7.0054,15234720,150969422.21,4203845636.15,2142089113.6
2010-02-10,'000055,方大集团,9.9,9.92,9.23,9.31,9.29,0.61,6.5662,4.9203,10700116,101960489.83,4225184954.1,2152962662.4
2010-02-09,'000055,方大集团,9.29,9.29,9.1,9.15,9.2,0.09,0.9783,1.6698,3631355,33478877.99,3964845275.11,2020305367.04
2010-02-08,'000055,方大集团,9.2,9.27,8.95,9.1,9.14,0.06,0.6565,1.8983,4128206,37626179.12,3926434502.8,2000732979.2
2010-02-05,'000055,方大集团,9.14,9.36,9.01,9.25,9.47,-0.33,-3.4847,3.4189,7435177,68204932.7,3900827321.26,1987684720.64
2010-02-04,'000055,方大集团,9.47,9.6,9.22,9.31,9.38,0.09,0.9595,3.5636,7749697,73134280.53,4041666819.73,2059450142.72
2010-02-03,'000055,方大集团,9.38,9.39,8.8,9.22,9.21,0.17,1.8458,4.1381,8999073,81894841.24,4003256047.42,2039877754.88
2010-02-02,'000055,方大集团,9.21,9.52,9.2,9.45,9.39,-0.18,-1.9169,3.1745,6903644,64776716.95,3930702366.39,2002907688.96
2010-02-01,'000055,方大集团,9.39,9.73,9.24,9.72,9.69,-0.3,-3.096,2.9447,6403766,60115090.94,4007523911.01,2042052464.64
2010-01-29,'000055,方大集团,9.69,9.91,9.58,9.61,9.63,0.06,0.6231,3.2544,7077478,69187880.46,4135559818.71,2107293757.44
2010-01-28,'000055,方大集团,9.63,9.77,9.49,9.65,9.52,0.11,1.1555,2.3584,5128896,49404665.19,4109952637.17,2094245498.88
2010-01-27,'000055,方大集团,9.52,9.75,9.42,9.42,9.53,-0.01,-0.1049,2.4337,5292554,50839479.26,4063006137.68,2070323691.52
2010-01-26,'000055,方大集团,9.53,10.17,9.4,10.15,10.05,-0.52,-5.1741,3.9608,8613656,83735062.54,4067274001.27,2072498401.28
2010-01-25,'000055,方大集团,10.05,10.35,9.94,10.1,10.15,-0.1,-0.9852,3.2293,7022839,71214301.86,4289202907.95,2185583308.8
2010-01-22,'000055,方大集团,10.15,10.46,9.85,10.46,10.53,-0.38,-3.6087,4.9941,10860664,110259491.25,4331881543.85,2207330406.4
2010-01-21,'000055,方  大Ａ,10.53,10.89,10.41,10.73,10.71,-0.18,-1.6807,4.4252,9623602,102186176.52,4494060360.27,2289969377.28
2010-01-20,'000055,方  大Ａ,10.71,11.4,10.65,11.39,11.38,-0.67,-5.8875,8.1294,17679113,194722042.46,4570881904.89,2329114152.96
2010-01-19,'000055,方  大Ａ,11.38,11.59,11.01,11.11,11.09,0.29,2.615,10.5366,22913959,259535094.56,4856828765.42,2474819706.88
2010-01-18,'000055,方  大Ａ,11.09,11.15,10.51,10.79,10.77,0.32,2.9712,8.0212,17443887,188305494.82,4733060721.31,2411753123.84
2010-01-15,'000055,方  大Ａ,10.77,11.13,10.75,10.76,10.75,0.02,0.186,6.472,14074744,153395061.4,4596489086.43,2342162411.52
2010-01-14,'000055,方  大Ａ,10.75,11.0,10.63,10.72,10.71,0.04,0.3735,6.761,14703228,158920218.06,4587953359.25,2337812992.0
2010-01-13,'000055,方  大Ａ,10.71,11.03,10.36,10.45,10.71,0.0,0.0,10.5956,23042341,248054268.0,4570881904.89,2329114152.96
2010-01-12,'000055,方  大Ａ,10.71,10.83,10.58,10.7,10.75,-0.04,-0.3721,8.0538,17514661,187261865.35,4570881904.89,2329114152.96
2010-01-11,'000055,方  大Ａ,10.75,10.78,10.42,10.58,10.6,0.15,1.4151,8.9573,19479445,207297669.92,4587953359.25,2337812992.0
2010-01-08,'000055,方  大Ａ,10.6,10.7,10.06,10.09,10.1,0.5,4.9505,11.433,24863461,260590473.5,4523935405.4,2305192345.6
2010-01-07,'000055,方  大Ａ,10.1,10.49,10.08,10.26,10.31,-0.21,-2.0369,7.8001,16963036,174163562.03,4310542225.9,2196456857.6
2010-01-06,'000055,方  大Ａ,10.31,10.5,10.05,10.12,10.11,0.2,1.9782,8.139,17699885,181782657.66,4400167361.29,2242125762.56
2010-01-05,'000055,方  大Ａ,10.11,10.37,9.98,10.0,10.06,0.05,0.497,5.9622,12966118,131743157.4,4314810089.49,2198631567.36
2010-01-04,'000055,方  大Ａ,10.06,10.35,9.69,9.7,9.72,0.34,3.4979,6.5143,14166816,141992025.39,4293470771.54,2187758018.56
2009-12-31,'000055,方  大Ａ,9.72,9.76,9.52,9.57,9.57,0.15,1.5674,2.6232,5704736,55213255.7,4148363409.48,2113817886.72
2009-12-30,'000055,方  大Ａ,9.57,9.85,9.5,9.73,9.74,-0.17,-1.7454,2.9491,6413331,61717546.86,4084345455.63,2081197240.32
2009-12-29,'000055,方  大Ａ,9.74,9.77,9.51,9.59,9.59,0.15,1.5641,3.4089,7413386,71692644.29,4156899136.66,2118167306.24
2009-12-28,'000055,方  大Ａ,9.59,9.73,9.51,9.55,9.56,0.03,0.3138,3.1364,6820784,65455208.5,4092881182.81,2085546659.84
2009-12-25,'000055,方  大Ａ,9.56,9.75,9.42,9.48,9.47,0.09,0.9504,3.5465,7712691,74279350.63,4080077592.04,2079022530.56
2009-12-24,'000055,方  大Ａ,9.47,9.56,9.17,9.25,9.24,0.23,2.4892,3.1967,6951987,65476297.93,4041666819.73,2059450142.72
2009-12-23,'000055,方  大Ａ,9.24,9.4,9.01,9.23,9.3,-0.06,-0.6452,3.5301,7676934,70563441.03,3943505957.16,2009431818.24
2009-12-22,'000055,方  大Ａ,9.3,10.11,9.19,10.07,10.19,-0.89,-8.7341,6.1291,13329034,129576416.01,3969113138.7,2022480076.8
2009-12-21,'000055,方  大Ａ,10.19,10.23,9.65,9.9,9.87,0.32,3.2421,10.1753,22128417,220471236.17,4348952998.21,2216029245.44
2009-12-18,'000055,方  大Ａ,9.87,9.99,9.63,9.85,10.09,-0.22,-2.1804,5.4858,11930065,117340020.92,4212381363.33,2146438533.12
2009-12-17,'000055,方  大Ａ,0.0,0.0,0.0,0.0,10.09,None,None,0.0,0,0.0,4306274362.31,2194282147.84
2009-12-16,'000055,方  大Ａ,10.09,10.13,9.69,9.85,9.91,0.18,1.8163,7.7165,16781225,167366721.39,4306274362.31,2194282147.84
2009-12-15,'000055,方  大Ａ,9.91,10.05,9.57,9.6,9.61,0.3,3.1217,4.84,10525680,104224652.0,4229452817.69,2155137372.16
2009-12-14,'000055,方  大Ａ,9.61,9.85,9.36,9.8,9.8,-0.19,-1.9388,3.0003,6524797,62472327.45,4101416909.99,2089896079.36
2009-12-11,'000055,方  大Ａ,9.8,10.04,9.73,10.0,10.0,-0.2,-2.0,4.142,9007752,89007965.21,4182506318.2,2131215564.8
2009-12-10,'000055,方  大Ａ,10.0,10.1,9.8,9.8,9.81,0.19,1.9368,2.8381,6172100,61603486.46,4267863590.0,2174709760.0
2009-12-09,'000055,方  大Ａ,9.81,10.12,9.71,9.89,9.95,-0.14,-1.407,3.5419,7702557,76618185.48,4186774181.79,2133390274.56
2009-12-08,'000055,方  大Ａ,9.95,10.12,9.8,10.12,10.11,-0.16,-1.5826,3.9486,8586988,85282867.08,4246524272.05,2163836211.2
2009-12-07,'000055,方  大Ａ,10.11,10.17,9.95,10.01,9.94,0.17,1.7103,3.5526,7725857,77840236.06,4314810089.49,2198631567.36
2009-12-04,'000055,方  大Ａ,9.94,10.6,9.82,10.42,10.46,-0.52,-4.9713,7.9906,17377216,175900753.9,4242256408.46,2161661501.44
2009-12-03,'000055,方  大Ａ,10.46,10.58,10.25,10.58,10.59,-0.13,-1.2276,6.3448,13798009,143331260.59,4464185315.14,2274746408.96
2009-12-02,'000055,方  大Ａ,10.59,10.95,10.45,10.59,10.66,-0.07,-0.6567,9.4352,20518892,218159882.87,4519667541.81,2303017635.84
2009-12-01,'000055,方  大Ａ,10.66,10.75,10.33,10.5,10.68,-0.02,-0.1873,11.7738,25604556,269880200.66,4549542586.94,2318240604.16
2009-11-30,'000055,方  大Ａ,10.68,10.85,9.91,9.92,9.98,0.7,7.014,16.4394,35751022,369691642.53,4558078314.12,2322590023.68
2009-11-27,'000055,方  大Ａ,9.98,10.17,9.38,9.89,10.18,-0.2,-1.9646,9.8909,21509789,211126947.95,4259327862.82,2170360340.48
2009-11-26,'000055,方  大Ａ,10.18,10.49,9.94,10.09,10.01,0.17,1.6983,19.3162,42007045,428849899.63,4344685134.62,2213854535.68
2009-11-25,'000055,方  大Ａ,10.01,10.15,9.18,9.24,9.3,0.71,7.6344,8.9219,19402570,188096437.18,4272131453.59,2176884469.76
2009-11-24,'000055,方  大Ａ,9.3,9.93,9.14,9.86,9.86,-0.56,-5.6795,5.8041,12622319,120887271.8,3969113138.7,2022480076.8
2009-11-23,'000055,方  大Ａ,9.86,9.9,9.59,9.72,9.67,0.19,1.9648,5.4491,11850157,115198637.23,4208113499.74,2144263823.36
2009-11-20,'000055,方  大Ａ,9.67,9.78,9.59,9.63,9.68,-0.01,-0.1033,4.0411,8788210,85082711.05,4127024091.53,2102944337.92
2009-11-19,'000055,方  大Ａ,9.68,9.82,9.4,9.54,9.51,0.17,1.7876,5.5363,12039769,116209285.0,4131291955.12,2105119047.68
2009-11-18,'000055,方  大Ａ,9.51,9.68,9.42,9.66,9.68,-0.17,-1.7562,3.8952,8471016,80777904.35,4058738274.09,2068148981.76
2009-11-17,'000055,方  大Ａ,9.68,9.75,9.39,9.53,9.51,0.17,1.7876,6.1505,13375657,127646917.96,4131291955.12,2105119047.68
2009-11-16,'000055,方  大Ａ,9.51,9.66,9.4,9.4,9.4,0.11,1.1702,5.2357,11386211,108420323.43,4058738274.09,2068148981.76
2009-11-13,'000055,方  大Ａ,9.4,9.4,9.12,9.22,9.25,0.15,1.6216,3.5391,7696595,71352106.5,4011791774.6,2044227174.4
2009-11-12,'000055,方  大Ａ,9.25,9.49,9.22,9.4,9.38,-0.13,-1.3859,4.1379,8998760,83930006.62,3947773820.75,2011606528.0
2009-11-11,'000055,方  大Ａ,9.38,9.57,9.22,9.3,9.3,0.08,0.8602,5.5538,12077991,113622524.18,4003256047.42,2039877754.88
2009-11-10,'000055,方  大Ａ,9.3,9.43,9.09,9.15,9.09,0.21,2.3102,6.7736,14730559,136354986.49,3969113138.7,2022480076.8
2009-11-09,'000055,方  大Ａ,9.09,9.27,8.9,9.1,9.1,-0.01,-0.1099,4.4699,9720646,88366074.46,3879488003.31,1976811171.84
2009-11-06,'000055,方  大Ａ,9.1,9.28,9.05,9.21,9.19,-0.09,-0.9793,5.4714,11898605,108728684.69,3883755866.9,1978985881.6
2009-11-05,'000055,方  大Ａ,9.19,9.28,8.8,8.89,8.9,0.29,3.2584,7.0576,15348281,139802468.84,3922166639.21,1998558269.44
2009-11-04,'000055,方  大Ａ,8.9,8.96,8.76,8.9,8.9,0.0,0.0,4.5244,9839321,87384614.18,3798398595.1,1935491686.4
2009-11-03,'000055,方  大Ａ,8.9,8.99,8.59,8.6,8.58,0.32,3.7296,6.7128,14598285,128850317.62,3798398595.1,1935491686.4
2009-11-02,'000055,方  大Ａ,8.58,8.65,8.1,8.38,8.39,0.19,2.2646,2.8378,6171423,52111488.71,3661826960.22,1865900974.08
2009-10-30,'000055,方  大Ａ,8.39,8.49,8.27,8.37,8.26,0.13,1.5738,2.5601,5567504,46740631.0,3580737552.01,1824581488.64
2009-10-29,'000055,方  大Ａ,8.26,8.34,8.1,8.3,8.39,-0.13,-1.5495,2.1295,4631134,37968460.71,3525255325.34,1796310261.76
2009-10-28,'000055,方  大Ａ,8.39,8.43,8.1,8.35,8.29,0.1,1.2063,1.9238,4183679,34641373.23,3580737552.01,1824581488.64
2009-10-27,'000055,方  大Ａ,8.29,8.68,8.26,8.66,8.73,-0.44,-5.0401,2.8624,6224897,52501024.74,3538058916.11,1802834391.04
2009-10-26,'000055,方  大Ａ,8.73,8.8,8.55,8.67,8.66,0.07,0.8083,2.79,6067343,52749191.08,3725844914.07,1898521620.48
2009-10-23,'000055,方  大Ａ,8.66,8.8,8.55,8.6,8.55,0.11,1.2865,3.1293,6805403,59017392.53,3695969868.94,1883298652.16
2009-10-22,'000055,方  大Ａ,8.55,8.68,8.42,8.51,8.59,-0.04,-0.4657,2.6915,5853247,50094619.12,3649023369.45,1859376844.8
2009-10-21,'000055,方  大Ａ,8.59,8.8,8.49,8.65,8.68,-0.09,-1.0369,3.1652,6883352,59354297.42,3666094823.81,1868075683.84
2009-10-20,'000055,方  大Ａ,8.68,8.86,8.56,8.62,8.62,0.06,0.6961,4.2247,9187571,79941239.32,3704505596.12,1887648071.68
2009-10-19,'000055,方  大Ａ,8.62,8.64,8.24,8.35,8.29,0.33,3.9807,3.5291,7674832,65436345.61,3678898414.58,1874599813.12
2009-10-16,'000055,方  大Ａ,8.29,8.4,8.11,8.3,8.39,-0.1,-1.1919,1.9082,4149777,34183220.8,3538058916.11,1802834391.04
2009-10-15,'000055,方  大Ａ,8.39,8.46,8.2,8.21,8.2,0.19,2.3171,2.4447,5316525,44360344.99,3580737552.01,1824581488.64
2009-10-14,'000055,方  大Ａ,8.2,8.38,8.14,8.14,8.19,0.01,0.1221,2.2624,4919959,40648769.02,3499648143.8,1783262003.2
2009-10-13,'000055,方  大Ａ,8.19,8.28,8.08,8.28,7.95,0.24,3.0189,2.4573,5343984,43823683.33,3495380280.21,1781087293.44
2009-10-12,'000055,方  大Ａ,0.0,0.0,0.0,0.0,7.95,None,None,0.0,0,0.0,3392951554.05,1728894259.2
2009-10-09,'000055,方  大Ａ,7.95,7.95,7.63,7.71,7.5,0.45,6.0,1.4924,3245604,25432364.16,3392951554.05,1728894259.2
2009-09-30,'000055,方  大Ａ,7.5,7.63,7.46,7.51,7.5,0.0,0.0,1.0014,2177737,16468190.16,3200897692.5,1631032320.0
2009-09-29,'000055,方  大Ａ,7.5,7.68,7.36,7.58,7.6,-0.1,-1.3158,1.1495,2499756,18707155.84,3200897692.5,1631032320.0
2009-09-28,'000055,方  大Ａ,7.6,8.02,7.5,7.89,7.89,-0.29,-3.6755,1.0555,2295348,17966014.76,3243576328.4,1652779417.6
2009-09-25,'000055,方  大Ａ,7.89,8.1,7.87,8.06,8.18,-0.29,-3.5452,1.4071,3060001,24417457.36,3367344372.51,1715846000.64
2009-09-24,'000055,方  大Ａ,8.18,8.33,7.77,8.2,8.45,-0.27,-3.1953,3.6123,7855686,63439876.59,3491112416.62,1778912583.68
2009-09-23,'000055,方  大Ａ,8.45,8.88,8.36,8.7,8.33,0.12,1.4406,4.4454,9667427,83351821.48,3606344733.55,1837629747.2
2009-09-22,'000055,方  大Ａ,8.33,8.68,8.27,8.6,8.63,-0.3,-3.4762,2.5931,5639280,47797189.48,3555130370.47,1811533230.08
2009-09-21,'000055,方  大Ａ,8.63,8.65,8.22,8.4,8.46,0.17,2.0095,2.0719,4505813,37921969.59,3683166278.17,1876774522.88
2009-09-18,'000055,方  大Ａ,8.46,8.98,8.4,8.9,9.02,-0.56,-6.2084,4.6247,10057465,87502499.43,3610612597.14,1839804456.96
2009-09-17,'000055,方  大Ａ,9.02,9.11,8.55,8.66,8.43,0.59,6.9988,8.1053,17626727,155939541.2,3849612958.18,1961588203.52
2009-09-16,'000055,方  大Ａ,8.43,8.57,8.16,8.4,8.41,0.02,0.2378,3.6413,7918801,66293671.46,3597809006.37,1833280327.68
2009-09-15,'000055,方  大Ａ,8.41,8.66,8.34,8.41,8.33,0.08,0.9604,4.1739,9076954,77123616.71,3589273279.19,1828930908.16
2009-09-14,'000055,方  大Ａ,8.33,8.39,8.02,8.15,8.13,0.2,2.46,3.3947,7382506,61017359.25,3555130370.47,1811533230.08
2009-09-11,'000055,方  大Ａ,8.13,8.19,8.0,8.0,8.06,0.07,0.8685,2.0515,4461391,36229995.77,3469773098.67,1768039034.88
2009-09-10,'000055,方  大Ａ,8.06,8.3,8.03,8.21,8.39,-0.33,-3.9333,3.3132,7205195,58611971.34,3439898053.54,1752816066.56
2009-09-09,'000055,方  大Ａ,8.39,8.45,8.01,8.14,8.14,0.25,3.0713,5.4877,11934099,98023328.84,3580737552.01,1824581488.64
2009-09-08,'000055,方  大Ａ,8.14,8.19,7.86,8.0,8.09,0.05,0.618,2.8882,6280894,50604898.62,3474040962.26,1770213744.64
2009-09-07,'000055,方  大Ａ,8.09,8.21,8.0,8.17,8.17,-0.08,-0.9792,3.5591,7739901,62738186.06,3452701644.31,1759340195.84
2009-09-04,'000055,方  大Ａ,8.17,8.2,7.6,7.83,7.85,0.32,4.0764,4.8207,10483677,84150982.35,3486844553.03,1776737873.92
2009-09-03,'000055,方  大Ａ,7.85,7.96,7.4,7.46,7.45,0.4,5.3691,3.2067,6973596,53662283.95,3350272918.15,1707147161.6
2009-09-02,'000055,方  大Ａ,7.45,7.54,7.32,7.49,7.47,-0.02,-0.2677,1.4707,3198367,23795646.97,3179558374.55,1620158771.2
2009-09-01,'000055,方  大Ａ,7.47,7.68,7.3,7.31,7.37,0.1,1.3569,2.0037,4357408,32715276.35,3188094101.73,1624508190.72
2009-08-31,'000055,方  大Ａ,7.37,7.7,7.26,7.69,7.8,-0.43,-5.5128,2.0125,4376678,32499192.72,3145415465.83,1602761093.12
2009-08-28,'000055,方  大Ａ,7.8,8.08,7.72,8.02,8.08,-0.28,-3.4653,2.0571,4473580,35145527.23,3328933600.2,1696273612.8
2009-08-27,'000055,方  大Ａ,8.08,8.2,7.85,7.88,7.98,0.1,1.2531,3.331,7243892,58498555.11,3448433780.72,1757165486.08
2009-08-26,'000055,方  大Ａ,7.98,8.12,7.45,7.5,7.55,0.43,5.6954,3.2832,7140001,56664672.01,3405755144.82,1735418388.48
2009-08-25,'000055,方  大Ａ,7.55,7.86,7.36,7.8,7.88,-0.33,-4.1878,2.4781,5389075,40799984.04,3222237010.45,1641905868.8
2009-08-24,'000055,方  大Ａ,7.88,7.94,7.7,7.82,7.8,0.08,1.0256,2.1472,4669502,36605045.74,3363076508.92,1713671290.88
2009-08-21,'000055,方  大Ａ,7.8,7.81,7.52,7.65,7.56,0.24,3.1746,2.3559,5123481,39458179.17,3328933600.2,1696273612.8
2009-08-20,'000055,方  大Ａ,7.56,7.58,7.28,7.29,7.28,0.28,3.8462,1.997,4342872,32365796.56,3226504874.04,1644080578.56
2009-08-19,'000055,方  大Ａ,7.28,8.08,7.2,7.89,7.88,-0.6,-7.6142,2.4698,5371178,41496670.58,3107004693.52,1583188705.28
2009-08-18,'000055,方  大Ａ,7.88,7.99,7.51,7.56,8.3,-0.42,-5.0602,2.9354,6383544,49722395.11,3363076508.92,1713671290.88
2009-08-17,'000055,方  大Ａ,0.0,0.0,0.0,0.0,8.3,None,None,0.0,0,0.0,3542326779.7,1805009100.8
2009-08-14,'000055,方  大Ａ,8.3,9.02,8.3,8.92,8.91,-0.61,-6.8462,2.2551,4904179,42129265.09,3542326779.7,1805009100.8
2009-08-13,'000055,方  大Ａ,8.91,9.04,8.69,8.88,8.88,0.03,0.3378,1.8719,4070780,36098453.93,3802666458.69,1937666396.16
2009-08-12,'000055,方  大Ａ,8.88,9.48,8.85,9.48,9.46,-0.58,-6.1311,3.1511,6852790,62309667.61,3789862867.92,1931142266.88
2009-08-11,'000055,方  大Ａ,9.46,9.58,9.35,9.53,9.48,-0.02,-0.211,1.7146,3728791,35281884.24,4037398956.14,2057275432.96
2009-08-10,'000055,方  大Ａ,9.48,9.64,9.26,9.6,9.41,0.07,0.7439,2.528,5497568,51907094.0,4045934683.32,2061624852.48
2009-08-07,'000055,方  大Ａ,9.41,10.19,9.38,10.1,10.1,-0.69,-6.8317,5.7658,12538914,122680054.5,4016059638.19,2046401884.16
2009-08-06,'000055,方  大Ａ,10.1,10.49,9.6,9.78,9.85,0.25,2.5381,10.4076,22633590,230265808.9,4310542225.9,2196456857.6
2009-08-05,'000055,方  大Ａ,9.85,10.11,9.6,10.04,10.05,-0.2,-1.99,5.1432,11184896,110328432.6,4203845636.15,2142089113.6
2009-08-04,'000055,方  大Ａ,10.05,10.24,9.37,9.5,9.49,0.56,5.9009,8.3005,18051199,179107037.7,4289202907.95,2185583308.8
2009-08-03,'000055,方  大Ａ,9.49,9.53,9.33,9.49,9.45,0.04,0.4233,3.7578,8172109,76999316.78,4050202546.91,2063799562.24
2009-07-31,'000055,方  大Ａ,9.45,9.5,9.19,9.25,9.23,0.22,2.3835,3.51,7633205,71325253.5,4033131092.55,2055100723.2
2009-07-30,'000055,方  大Ａ,9.23,9.54,8.85,9.43,9.3,-0.07,-0.7527,4.3555,9471946,86844650.23,3939238093.57,2007257108.48
2009-07-29,'000055,方  大Ａ,9.3,10.26,9.27,10.25,10.3,-1.0,-9.7087,6.7414,14660573,143709578.23,3969113138.7,2022480076.8
2009-07-28,'000055,方  大Ａ,10.3,10.5,10.02,10.1,10.1,0.2,1.9802,7.8204,17007174,175113797.01,4395899497.7,2239951052.8
2009-07-27,'000055,方  大Ａ,10.1,10.16,9.95,10.05,10.05,0.05,0.4975,4.5606,9918005,99604089.23,4310542225.9,2196456857.6
2009-07-24,'000055,方  大Ａ,10.05,10.4,9.8,10.35,10.35,-0.3,-2.8986,5.2395,11394498,114924396.72,4289202907.95,2185583308.8
2009-07-23,'000055,方  大Ａ,10.35,10.57,10.08,10.31,10.35,0.0,0.0,8.1404,17702968,182138145.68,4417238815.65,2250824601.6
2009-07-22,'000055,方  大Ａ,10.35,10.49,9.9,9.9,9.81,0.54,5.5046,12.0583,26223199,268571343.82,4417238815.65,2250824601.6
2009-07-21,'000055,方  大Ａ,9.81,10.3,9.8,10.28,10.28,-0.47,-4.572,6.2836,13665011,136327060.15,4186774181.79,2133390274.56
2009-07-20,'000055,方  大Ａ,10.28,10.34,10.01,10.01,10.0,0.28,2.8,7.937,17260741,176661223.53,4387363770.52,2235601633.28
2009-07-17,'000055,方  大Ａ,10.0,10.2,9.87,9.9,9.85,0.15,1.5228,7.3274,15934968,160182067.99,4267863590.0,2174709760.0
2009-07-16,'000055,方  大Ａ,9.85,9.95,9.7,9.83,9.8,0.05,0.5102,6.2058,13495834,132807856.43,4203845636.15,2142089113.6
2009-07-15,'000055,方  大Ａ,9.8,9.9,9.6,9.81,9.8,0.0,0.0,5.4891,11937286,116356812.24,4182506318.2,2131215564.8
2009-07-14,'000055,方  大Ａ,9.8,9.95,9.72,9.9,9.78,0.02,0.2045,3.8515,8375860,81916389.33,4182506318.2,2131215564.8
2009-07-13,'000055,方  大Ａ,9.78,9.99,9.7,9.7,9.68,0.1,1.0331,5.1465,11192186,110381695.7,4173970591.02,2126866145.28
2009-07-10,'000055,方  大Ａ,9.68,9.93,9.66,9.87,9.86,-0.18,-1.8256,5.4081,11760940,114591931.71,4131291955.12,2105119047.68
2009-07-09,'000055,方  大Ａ,9.86,9.96,9.21,9.25,9.23,0.63,6.8256,9.1258,19846020,191175232.68,4208113499.74,2144263823.36
2009-07-08,'000055,方  大Ａ,9.23,9.25,9.1,9.11,9.13,0.1,1.0953,2.1664,4711302,43345094.71,3939238093.57,2007257108.48
2009-07-07,'000055,方  大Ａ,9.13,9.18,9.06,9.08,9.08,0.05,0.5507,2.1496,4674742,42694844.58,3896559457.67,1985510010.88
2009-07-06,'000055,方  大Ａ,9.08,9.24,9.06,9.19,9.19,-0.11,-1.197,3.271,7113386,64775276.11,3875220139.72,1974636462.08
2009-07-03,'000055,方  大Ａ,9.19,9.3,9.19,9.3,9.32,-0.13,-1.3948,2.7798,6045262,55761445.03,3922166639.21,1998558269.44
2009-07-02,'000055,方  大Ａ,9.32,9.36,9.15,9.23,9.23,0.09,0.9751,3.0185,6564402,60901761.5,3977648865.88,2026829496.32
2009-07-01,'000055,方  大Ａ,9.23,9.32,9.09,9.22,9.23,0.0,0.0,3.4966,7604121,69588116.37,3939238093.57,2007257108.48
2009-06-30,'000055,方  大Ａ,9.23,9.44,9.2,9.43,9.44,-0.21,-2.2246,2.5445,5533449,51361203.82,3939238093.57,2007257108.48
2009-06-29,'000055,方  大Ａ,9.44,9.48,9.25,9.34,9.33,0.11,1.179,3.1096,6762567,63332940.52,4028863228.96,2052926013.44
2009-06-26,'000055,方  大Ａ,9.33,9.47,9.23,9.38,9.38,-0.05,-0.533,1.9136,4161592,38889938.64,3981916729.47,2029004206.08
2009-06-25,'000055,方  大Ａ,9.38,9.55,9.35,9.52,9.53,-0.15,-1.574,2.3644,5141843,48413709.91,4003256047.42,2039877754.88
2009-06-24,'000055,方  大Ａ,9.53,9.58,9.3,9.3,9.38,0.15,1.5991,3.2928,7160808,67677536.34,4067274001.27,2072498401.28
2009-06-23,'000055,方  大Ａ,9.38,9.48,9.18,9.2,9.29,0.09,0.9688,2.688,5845687,54972227.74,4003256047.42,2039877754.88
2009-06-22,'000055,方  大Ａ,9.29,9.46,9.26,9.38,9.37,-0.08,-0.8538,2.4885,5411735,50556100.93,3964845275.11,2020305367.04
2009-06-19,'000055,方  大Ａ,9.37,9.52,9.28,9.46,9.52,-0.15,-1.5756,3.2292,7022479,65738911.9,3998988183.83,2037703045.12
2009-06-18,'000055,方  大Ａ,9.52,9.59,9.36,9.48,9.44,0.08,0.8475,3.0296,6588424,62412632.26,4063006137.68,2070323691.52
2009-06-17,'000055,方  大Ａ,9.44,9.48,9.28,9.46,9.48,-0.04,-0.4219,2.8225,6138062,57543662.95,4028863228.96,2052926013.44
2009-06-16,'000055,方  大Ａ,9.48,9.82,9.38,9.68,9.74,-0.26,-2.6694,5.0723,11030735,105302570.36,4045934683.32,2061624852.48
2009-06-15,'000055,方  大Ａ,9.74,9.78,9.49,9.63,9.45,0.29,3.0688,5.0001,10873837,105096870.77,4156899136.66,2118167306.24
2009-06-12,'000055,方  大Ａ,9.45,9.65,9.19,9.48,9.5,-0.05,-0.5263,4.0744,8860629,83238645.28,4033131092.55,2055100723.2
2009-06-11,'000055,方  大Ａ,9.5,9.76,9.5,9.75,9.74,-0.24,-2.4641,3.0036,6532030,62903098.89,4054470410.5,2065974272.0
2009-06-10,'000055,方  大Ａ,9.74,9.84,9.35,9.55,9.65,0.09,0.9326,4.3737,9511567,91438159.31,4156899136.66,2118167306.24
2009-06-09,'000055,方  大Ａ,9.65,9.67,9.2,9.43,9.44,0.21,2.2246,4.6684,10152480,95909429.2,4118488364.35,2098594918.4
2009-06-08,'000055,方  大Ａ,9.44,10.11,9.39,9.99,9.93,-0.49,-4.9345,6.7795,14743471,142293244.39,4028863228.96,2052926013.44
2009-06-05,'000055,方  大Ａ,9.93,10.08,9.9,9.96,10.0,-0.07,-0.7,3.3529,7291580,72859511.99,4237988544.87,2159486791.68
2009-06-04,'000055,方  大Ａ,10.0,10.2,9.93,10.2,10.27,-0.27,-2.629,5.5109,11984544,120188792.2,4267863590.0,2174709760.0
2009-06-03,'000055,方  大Ａ,10.27,10.44,10.17,10.37,10.45,-0.18,-1.7225,4.9204,10700391,109844719.57,4383095906.93,2233426923.52
2009-06-02,'000055,方  大Ａ,10.45,10.54,10.23,10.35,10.25,0.2,1.9512,7.3909,16073034,167232302.72,4459917451.55,2272571699.2
2009-06-01,'000055,方  大Ａ,10.25,10.25,10.07,10.14,10.1,0.15,1.4851,3.8491,8370604,85084671.91,4374560179.75,2229077504.0
2009-05-27,'000055,方  大Ａ,10.1,10.53,10.04,10.4,10.29,-0.19,-1.8465,4.5641,9925615,100891424.02,4310542225.9,2196456857.6
2009-05-26,'000055,方  大Ａ,10.29,10.95,10.28,10.38,10.36,-0.07,-0.6757,9.8797,21485462,228008403.03,4391631634.11,2237776343.04
2009-05-25,'000055,方  大Ａ,10.36,10.47,9.65,9.7,10.11,0.25,2.4728,7.8087,16981752,172201365.94,4421506679.24,2252999311.36
2009-05-22,'000055,方  大Ａ,10.11,10.49,10.07,10.15,9.91,0.2,2.0182,7.4826,16272551,167156933.98,4314810089.49,2198631567.36
2009-05-21,'000055,方  大Ａ,9.91,10.29,9.84,10.09,10.15,-0.24,-2.3645,5.5898,12156227,122342483.61,4229452817.69,2155137372.16
2009-05-20,'000055,方  大Ａ,10.15,10.44,9.91,10.06,10.1,0.05,0.495,8.1897,17810269,181859489.9,4331881543.85,2207330406.4
2009-05-19,'000055,方  大Ａ,10.1,10.18,9.89,10.06,10.0,0.1,1.0,6.5414,14225716,142998832.52,4310542225.9,2196456857.6
2009-05-18,'000055,方  大Ａ,10.0,10.08,9.71,9.85,9.98,0.02,0.2004,4.0751,8862071,87748263.01,4267863590.0,2174709760.0
2009-05-15,'000055,方  大Ａ,9.98,10.17,9.8,10.04,10.08,-0.1,-0.9921,6.1974,13477555,134427811.18,4259327862.82,2170360340.48
2009-05-14,'000055,方  大Ａ,10.08,10.4,9.99,10.28,10.45,-0.37,-3.5407,7.9618,17314703,175107649.39,4302006498.72,2192107438.08
2009-05-13,'000055,方  大Ａ,10.45,10.69,10.26,10.4,10.48,-0.03,-0.2863,13.1398,28575237,298976668.25,4459917451.55,2272571699.2
2009-05-12,'000055,方  大Ａ,10.48,10.5,9.88,10.12,10.1,0.38,3.7624,14.6006,31752113,324088354.17,4472721042.32,2279095828.48
2009-05-11,'000055,方  大Ａ,10.1,10.3,9.45,9.9,9.9,0.2,2.0202,10.6461,23152070,229910264.21,4310542225.9,2196456857.6
2009-05-08,'000055,方  大Ａ,9.9,10.4,9.8,10.0,10.25,-0.35,-3.4146,7.8387,17046980,170078218.74,4225184954.1,2152962662.4
2009-05-07,'000055,方  大Ａ,10.25,11.31,9.88,11.31,10.55,-0.3,-2.8436,13.9775,30396900,313437741.4,4374560179.75,2229077504.0
2009-05-06,'000055,方  大Ａ,10.55,10.73,10.1,10.15,10.32,0.23,2.2287,12.1099,26335512,275988799.03,4502596087.45,2294318796.8
2009-05-05,'000055,方  大Ａ,10.32,10.4,9.44,9.55,9.45,0.87,9.2063,12.6862,27588729,277457448.65,4404435224.88,2244300472.32
2009-05-04,'000055,方  大Ａ,9.45,9.65,9.25,9.25,9.22,0.23,2.4946,5.7604,12527104,118318359.73,4033131092.55,2055100723.2
2009-04-30,'000055,方  大Ａ,9.22,9.47,9.2,9.31,9.31,-0.09,-0.9667,5.9709,12985021,121069675.69,3934970229.98,2005082398.72
2009-04-29,'000055,方  大Ａ,9.31,9.42,8.68,8.8,8.84,0.47,5.3167,8.536,18563309,171027953.87,3973381002.29,2024654786.56
2009-04-28,'000055,方  大Ａ,8.84,8.95,8.57,8.57,8.6,0.24,2.7907,4.8952,10645651,93594856.42,3772791413.56,1922443427.84
2009-04-27,'000055,方  大Ａ,8.6,8.9,8.5,8.55,8.6,0.0,0.0,5.0252,10928294,94984303.34,3670362687.4,1870250393.6
2009-04-24,'000055,方  大Ａ,8.6,9.1,8.48,9.02,9.01,-0.41,-4.5505,4.9009,10657957,94023617.2,3670362687.4,1870250393.6
2009-04-23,'000055,方  大Ａ,9.01,9.2,8.51,8.6,8.86,0.15,1.693,6.4764,14084286,126377705.63,3845345094.59,1959413493.76
2009-04-22,'000055,方  大Ａ,8.86,9.78,8.86,9.71,9.84,-0.98,-9.9593,9.857,21436210,199648767.73,3781327140.74,1926792847.36
2009-04-21,'000055,方  大Ａ,9.84,10.1,9.2,9.32,9.34,0.5,5.3533,11.6038,25234840,241223914.87,4199577772.56,2139914403.84
2009-04-20,'000055,方  大Ａ,9.34,9.49,8.7,8.85,9.06,0.28,3.0905,8.4156,18301521,167519505.83,3986184593.06,2031178915.84
2009-04-17,'000055,方  大Ａ,0.0,0.0,0.0,0.0,9.06,None,None,0.0,0,0.0,3866684412.54,1970287042.56
2009-04-16,'000055,方  大Ａ,9.06,9.45,9.0,9.3,9.46,-0.4,-4.2283,10.2939,17831303,163408212.81,3866684412.54,1569397915.68
2009-04-15,'000055,方  大Ａ,9.46,9.7,9.06,9.2,9.45,0.01,0.1058,14.3697,24891616,234012057.21,4037398956.14,1638687006.88
2009-04-14,'000055,方  大Ａ,9.45,9.62,8.67,8.78,9.0,0.45,5.0,17.3284,30016747,274278960.69,4033131092.55,1636954779.6
2009-04-13,'000055,方  大Ａ,9.0,9.22,8.68,8.84,8.81,0.19,2.1566,20.2864,35140715,315844743.6,3841077231.0,1559004552.0
2009-04-10,'000055,方  大Ａ,8.81,8.84,7.95,8.01,8.04,0.77,9.5771,22.6986,39319083,340161929.74,3759987822.79,1526092233.68
2009-04-09,'000055,方  大Ａ,8.04,8.15,7.57,7.65,7.76,0.28,3.6082,12.5321,21708455,172080382.51,3431362326.36,1392710733.12
2009-04-08,'000055,方  大Ａ,7.76,8.2,7.43,7.67,7.63,0.13,1.7038,17.2172,29824156,233593608.45,3311862145.84,1344208369.28
2009-04-07,'000055,方  大Ａ,7.63,7.65,7.14,7.14,7.2,0.43,5.9722,10.6389,18429060,137036934.18,3256379919.17,1321689414.64
2009-04-03,'000055,方  大Ａ,7.2,7.53,7.1,7.47,7.45,-0.25,-3.3557,9.0022,15593829,113701693.14,3072861784.8,1247203641.6
2009-04-02,'000055,方  大Ａ,7.45,7.8,7.35,7.58,7.55,-0.1,-1.3245,12.3907,21463530,162642691.42,3179558374.55,1290509323.6
2009-04-01,'000055,方  大Ａ,7.55,8.0,7.31,7.4,7.62,-0.07,-0.9186,19.0126,32934217,251505111.66,3222237010.45,1307831596.4
2009-03-31,'000055,方  大Ａ,7.62,7.62,6.61,6.62,6.93,0.69,9.9567,16.8184,29133286,206337349.8,3252112055.58,1319957187.36
2009-03-30,'000055,方  大Ａ,6.93,7.45,6.88,7.0,6.88,0.05,0.7267,23.6387,40947528,291979367.23,2957629467.87,1200433505.04
2009-03-27,'000055,方  大Ａ,6.88,6.88,6.45,6.45,6.25,0.63,10.08,14.8582,25737794,174661147.84,2936290149.92,1191772368.64
2009-03-26,'000055,方  大Ａ,6.25,6.38,5.79,6.05,6.07,0.18,2.9654,8.3256,14421889,88211048.76,2667414743.75,1082642050.0
2009-03-25,'000055,方  大Ａ,6.07,6.38,6.06,6.28,6.39,-0.32,-5.0078,7.3222,12683761,78948102.5,2590593199.13,1051461958.96
2009-03-24,'000055,方  大Ａ,6.39,6.45,6.01,6.18,6.11,0.28,4.5827,11.5894,20075399,125638497.48,2727164834.01,1106893231.92
2009-03-23,'000055,方  大Ａ,6.11,6.12,5.84,5.92,5.85,0.26,4.4444,6.5483,11343156,68354443.32,2607664653.49,1058390868.08
2009-03-20,'000055,方  大Ａ,5.85,6.02,5.75,6.0,5.93,-0.08,-1.3491,4.1134,7125405,41723246.52,2496700200.15,1013352958.8
2009-03-19,'000055,方  大Ａ,5.93,5.98,5.74,5.78,5.81,0.12,2.0654,5.495,9518640,55856009.73,2530843108.87,1027210777.04
2009-03-18,'000055,方  大Ａ,5.81,5.94,5.7,5.75,5.71,0.1,1.7513,4.5222,7833531,45613058.51,2479628745.79,1006424049.68
2009-03-17,'000055,方  大Ａ,5.71,5.77,5.52,5.54,5.56,0.15,2.6978,3.7426,6483117,36889187.23,2436950109.89,989101776.88
2009-03-16,'000055,方  大Ａ,5.56,5.6,5.35,5.54,5.6,-0.04,-0.7143,1.8862,3267303,17949572.79,2372932156.04,963118367.68
2009-03-13,'000055,方  大Ａ,5.6,5.66,5.45,5.55,5.5,0.1,1.8182,4.2829,7419036,41448686.46,2390003610.4,970047276.8
2009-03-12,'000055,方  大Ａ,5.5,5.58,5.25,5.46,5.49,0.01,0.1821,2.549,4415382,23732723.87,2347324974.5,952725004.0
2009-03-11,'000055,方  大Ａ,5.49,5.7,5.43,5.65,5.55,-0.06,-1.0811,2.8021,4853835,27021847.4,2343057110.91,950992776.72
2009-03-10,'000055,方  大Ａ,5.55,5.55,5.37,5.37,5.35,0.2,3.7383,2.4855,4305422,23516840.14,2368664292.45,961386140.4
2009-03-09,'000055,方  大Ａ,5.35,5.88,5.3,5.83,5.75,-0.4,-6.9565,4.2526,7366415,40943392.2,2283307020.65,926741594.8
2009-03-06,'000055,方  大Ａ,5.75,5.88,5.68,5.8,5.94,-0.19,-3.1987,4.457,7720511,44557601.53,2454021564.25,996030686.0
2009-03-05,'000055,方  大Ａ,5.94,6.2,5.78,6.0,5.92,0.02,0.3378,7.5879,13144051,78872312.85,2535110972.46,1028943004.32
2009-03-04,'000055,方  大Ａ,5.92,5.98,5.6,5.62,5.56,0.36,6.4748,9.2191,15969657,92338771.3,2526575245.28,1025478549.76
2009-03-03,'000055,方  大Ａ,5.56,5.57,5.13,5.15,5.31,0.25,4.7081,4.6397,8036966,43441959.72,2372932156.04,963118367.68
2009-03-02,'000055,方  大Ａ,5.31,5.32,5.05,5.11,5.19,0.12,2.3121,2.6278,4551939,23904448.49,2266235566.29,919812685.68
2009-02-27,'000055,方  大Ａ,5.19,5.66,5.13,5.64,5.64,-0.45,-7.9787,5.0225,8700101,46245656.34,2215021203.21,899025958.32
2009-02-26,'000055,方  大Ａ,5.64,6.36,5.64,6.23,6.27,-0.63,-10.0478,9.5426,16530020,99619552.68,2407075064.76,976976185.92
2009-02-25,'000055,方  大Ａ,6.27,6.3,5.98,6.07,5.97,0.3,5.0251,12.1801,21098718,129995834.1,2675950470.93,1086106504.56
2009-02-24,'000055,方  大Ａ,5.97,6.2,5.71,5.96,6.07,-0.1,-1.6474,6.9985,12122947,72228467.29,2547914563.23,1034139686.16
2009-02-23,'000055,方  大Ａ,6.07,6.15,5.8,5.84,5.91,0.16,2.7073,5.5051,9536026,57237106.84,2590593199.13,1051461958.96
2009-02-20,'000055,方  大Ａ,5.91,5.99,5.64,5.68,5.68,0.23,4.0493,5.2656,9121176,53208774.28,2522307381.69,1023746322.48
2009-02-19,'000055,方  大Ａ,5.68,5.7,5.5,5.58,5.5,0.18,3.2727,4.7178,8172373,45911355.42,2424146519.12,983905095.04
2009-02-18,'000055,方  大Ａ,5.5,5.89,5.48,5.75,5.9,-0.4,-6.7797,5.0676,8778160,50174458.75,2347324974.5,952725004.0
2009-02-17,'000055,方  大Ａ,5.9,6.26,5.9,6.26,6.25,-0.35,-5.6,6.845,11857174,71606480.04,2518039518.1,1022014095.2
2009-02-16,'000055,方  大Ａ,6.25,6.38,6.1,6.28,6.31,-0.06,-0.9509,9.1377,15828599,98204873.69,2667414743.75,1082642050.0
2009-02-13,'000055,方  大Ａ,6.31,6.42,6.09,6.21,6.24,0.07,1.1218,10.2586,17770221,111313279.03,2693021925.29,1093035413.68
2009-02-12,'000055,方  大Ａ,6.24,6.35,5.9,6.22,6.1,0.14,2.2951,17.2338,29852804,183522031.72,2663146880.16,1080909822.72
2009-02-11,'000055,方  大Ａ,6.1,6.18,5.75,5.8,6.09,0.01,0.1642,14.6046,25298425,151239458.95,2603396789.9,1056658640.8
2009-02-10,'000055,方  大Ａ,6.09,6.18,5.52,5.7,5.69,0.4,7.0299,13.8619,24011890,140631021.17,2599128926.31,1054926413.52
2009-02-09,'000055,方  大Ａ,5.69,5.94,5.4,5.57,5.52,0.17,3.0797,12.738,22065189,124190653.42,2428414382.71,985637322.32
2009-02-06,'000055,方  大Ａ,5.52,5.6,5.26,5.28,5.23,0.29,5.5449,11.6067,20105416,109692255.2,2355860701.68,956189458.56
2009-02-05,'000055,方  大Ａ,5.23,5.33,5.07,5.25,5.33,-0.1,-1.8762,8.1102,14048750,73374822.07,2232092657.57,905954867.44
2009-02-04,'000055,方  大Ａ,5.33,5.41,5.19,5.35,5.23,0.1,1.912,10.0107,17340768,91837824.62,2274771293.47,923277140.24
2009-02-03,'000055,方  大Ａ,5.23,5.23,4.96,5.03,5.01,0.22,4.3912,8.8359,15305733,78472098.56,2232092657.57,905954867.44
2009-02-02,'000055,方  大Ａ,5.01,5.05,4.88,4.98,4.87,0.14,2.8747,4.1981,7272142,36255762.68,2138199658.59,867845867.28
2009-01-23,'000055,方  大Ａ,4.87,5.08,4.85,4.99,4.97,-0.1,-2.0121,4.5964,7961966,39436314.24,2078449568.33,843594685.36
2009-01-22,'000055,方  大Ａ,4.97,4.97,4.79,4.8,4.8,0.17,3.5417,4.9123,8509170,41744127.39,2121128204.23,860916958.16
2009-01-21,'000055,方  大Ａ,4.8,4.93,4.76,4.83,4.92,-0.12,-2.439,3.3004,5717125,27653802.38,2048574523.2,831469094.4
2009-01-20,'000055,方  大Ａ,4.92,4.98,4.72,4.78,4.73,0.19,4.0169,5.48,9492668,46292745.3,2099788886.28,852255821.76
2009-01-19,'000055,方  大Ａ,4.73,4.86,4.65,4.78,4.76,-0.03,-0.6303,3.3221,5754621,27294744.45,2018699478.07,819343503.44
2009-01-16,'000055,方  大Ａ,4.76,4.96,4.7,4.83,4.9,-0.14,-2.8571,6.8765,11911673,57815251.79,2031503068.84,824540185.28
2009-01-15,'000055,方  大Ａ,4.9,4.99,4.6,4.67,4.92,-0.02,-0.4065,8.4517,14640267,70347620.91,2091253159.1,848791367.2
2009-01-14,'000055,方  大Ａ,4.92,5.26,4.84,4.84,4.78,0.14,2.9289,11.9316,20668168,104292531.78,2099788886.28,852255821.76
2009-01-13,'000055,方  大Ａ,4.78,4.91,4.58,4.65,4.73,0.05,1.0571,9.8719,17100426,81895917.98,2040038796.02,828004639.84
2009-01-12,'000055,方  大Ａ,4.73,4.79,4.44,4.53,4.53,0.2,4.415,5.9266,10266207,47834381.56,2018699478.07,819343503.44
2009-01-09,'000055,方  大Ａ,4.53,4.59,4.29,4.3,4.3,0.23,5.3488,3.9075,6768726,30095113.69,1933342206.27,784698957.84
2009-01-08,'000055,方  大Ａ,4.3,4.45,4.21,4.31,4.38,-0.08,-1.8265,3.0761,5328569,23054099.77,1835181343.7,744857730.4
2009-01-07,'000055,方  大Ａ,4.38,4.46,4.28,4.36,4.35,0.03,0.6897,2.8057,4860116,21352038.61,1869324252.42,758715548.64
2009-01-06,'000055,方  大Ａ,4.35,4.38,4.14,4.16,4.19,0.16,3.8186,2.6082,4518071,19422245.67,1856520661.65,753518866.8
2009-01-05,'000055,方  大Ａ,4.19,4.2,4.05,4.06,4.01,0.18,4.4888,1.7229,2984389,12384502.03,1788234844.21,725803230.32
2008-12-31,'000055,方  大Ａ,4.01,4.22,4.01,4.17,4.19,-0.18,-4.2959,1.588,2750824,11312406.54,1711413299.59,694623139.28
2008-12-30,'000055,方  大Ａ,4.19,4.29,4.17,4.21,4.22,-0.03,-0.7109,1.7607,3049913,12898573.25,1788234844.21,725803230.32
2008-12-29,'000055,方  大Ａ,4.22,4.29,4.07,4.19,4.4,-0.18,-4.0909,2.8966,5017652,20999126.07,1801038434.98,730999912.16
2008-12-26,'000055,方  大Ａ,4.4,4.74,4.35,4.72,4.46,-0.06,-1.3453,3.7965,6576322,29892702.08,1877859979.6,762180003.2
2008-12-25,'000055,方  大Ａ,4.46,4.46,4.27,4.35,4.31,0.15,3.4803,3.226,5588230,24478967.31,1903467161.14,772573366.88
2008-12-24,'000055,方  大Ａ,4.31,4.48,4.22,4.22,4.38,-0.07,-1.5982,3.2222,5581590,24433355.8,1839449207.29,746589957.68
2008-12-23,'000055,方  大Ａ,4.38,4.89,4.37,4.89,4.86,-0.48,-9.8765,4.1546,7196661,33288908.58,1869324252.42,758715548.64
2008-12-22,'000055,方  大Ａ,4.86,4.92,4.68,4.84,4.89,-0.03,-0.6135,3.5555,6158910,29608296.08,2074181704.74,841862458.08
2008-12-19,'000055,方  大Ａ,4.89,5.04,4.87,4.95,4.94,-0.05,-1.0121,4.4019,7625076,37713276.96,2086985295.51,847059139.92
2008-12-18,'000055,方  大Ａ,4.94,4.97,4.77,4.91,4.98,-0.04,-0.8032,5.1167,8863300,43188767.76,2108324613.46,855720276.32
2008-12-17,'000055,方  大Ａ,4.98,5.19,4.85,4.89,4.79,0.19,3.9666,9.7796,16940519,85081188.43,2125396067.82,862649185.44
2008-12-16,'000055,方  大Ａ,4.79,4.82,4.57,4.68,4.72,0.07,1.4831,3.9093,6771806,31767912.89,2044306659.61,829736867.12
2008-12-15,'000055,方  大Ａ,4.72,4.78,4.5,4.55,4.47,0.25,5.5928,5.3541,9274435,43080147.44,2014431614.48,817611276.16
2008-12-12,'000055,方  大Ａ,4.47,4.8,4.36,4.72,4.81,-0.34,-7.0686,4.2522,7365857,33664204.05,1907735024.73,774305594.16
2008-12-11,'000055,方  大Ａ,4.81,5.11,4.8,5.02,5.09,-0.28,-5.501,5.4187,9386410,46483870.93,2052842386.79,833201321.68
2008-12-10,'000055,方  大Ａ,5.09,5.15,4.88,4.9,4.99,0.1,2.004,5.8409,10117715,51018178.16,2172342567.31,881703685.52
2008-12-09,'000055,方  大Ａ,4.99,5.18,4.85,5.18,5.18,-0.19,-3.668,7.6146,13190291,65969426.02,2129663931.41,864381412.72
2008-12-08,'000055,方  大Ａ,5.18,5.2,5.01,5.06,5.1,0.08,1.5686,9.9457,17228127,87990977.48,2210753339.62,897293731.04
2008-12-05,'000055,方  大Ａ,5.1,5.19,4.8,4.88,4.89,0.21,4.2945,10.4864,18164847,91305751.27,2176610430.9,883435912.8
2008-12-04,'000055,方  大Ａ,4.89,5.06,4.75,4.9,4.82,0.07,1.4523,11.3451,19652284,96109808.34,2086985295.51,847059139.92
2008-12-03,'000055,方  大Ａ,4.82,4.84,4.55,4.58,4.57,0.25,5.4705,8.45,14637258,69288740.76,2057110250.38,834933548.96
2008-12-02,'000055,方  大Ａ,4.57,4.77,4.39,4.42,4.58,-0.01,-0.2183,7.1208,12334804,56965092.61,1950413660.63,791627866.96
2008-12-01,'000055,方  大Ａ,4.58,4.62,4.22,4.31,4.32,0.26,6.0185,6.0498,10479550,46951042.84,1954681524.22,793360094.24
2008-11-28,'000055,方  大Ａ,4.32,4.37,4.13,4.3,4.3,0.02,0.4651,3.3504,5803675,24614915.25,1843717070.88,748322184.96
2008-11-27,'000055,方  大Ａ,4.3,4.68,4.28,4.5,4.32,-0.02,-0.463,5.9162,10248229,45976858.3,1835181343.7,744857730.4
2008-11-26,'000055,方  大Ａ,4.32,4.48,4.12,4.2,4.1,0.22,5.3659,5.3137,9204519,39895105.33,1843717070.88,748322184.96
2008-11-25,'000055,方  大Ａ,4.1,4.23,3.96,4.2,4.1,0.0,0.0,2.7428,4751162,19512453.17,1749824071.9,710213184.8
2008-11-24,'000055,方  大Ａ,4.1,4.39,4.08,4.26,4.31,-0.21,-4.8724,3.0203,5231898,22192814.89,1749824071.9,710213184.8
2008-11-21,'000055,方  大Ａ,4.31,4.48,4.11,4.25,4.46,-0.15,-3.3632,4.6028,7973031,34268292.61,1839449207.29,746589957.68
2008-11-20,'000055,方  大Ａ,4.46,4.66,4.41,4.5,4.61,-0.15,-3.2538,4.8387,8381811,37954545.25,1903467161.14,772573366.88
2008-11-19,'000055,方  大Ａ,4.61,4.66,4.2,4.25,4.25,0.36,8.4706,6.0243,10435515,46706974.0,1967485114.99,798556776.08
2008-11-18,'000055,方  大Ａ,4.25,4.89,4.25,4.78,4.72,-0.47,-9.9576,7.8318,13566533,61887935.52,1813842025.75,736196594.0
2008-11-17,'000055,方  大Ａ,4.72,4.8,4.36,4.51,4.52,0.2,4.4248,7.6672,13281296,60780912.49,2014431614.48,817611276.16
2008-11-14,'000055,方  大Ａ,4.52,4.59,4.22,4.33,4.3,0.22,5.1163,8.6523,14987809,65295212.09,1929074342.68,782966730.56
2008-11-13,'000055,方  大Ａ,4.3,4.4,4.06,4.13,4.2,0.1,2.381,7.2307,12525261,53617636.49,1835181343.7,744857730.4
2008-11-12,'000055,方  大Ａ,4.2,4.3,4.04,4.18,4.17,0.03,0.7194,7.2868,12622382,52589212.28,1792502707.8,727535457.6
2008-11-11,'000055,方  大Ａ,4.17,4.24,3.84,3.91,3.96,0.21,5.303,7.5759,13123231,53458005.01,1779699117.03,722338775.76
2008-11-10,'000055,方  大Ａ,3.96,4.0,3.65,3.71,3.64,0.32,8.7912,5.145,8912280,34391600.64,1690073981.64,685962002.88
2008-11-07,'000055,方  大Ａ,3.64,3.7,3.43,3.47,3.56,0.08,2.2472,2.8085,4864997,17566784.04,1553502346.76,630530729.92
2008-11-06,'000055,方  大Ａ,3.56,3.63,3.38,3.6,3.7,-0.14,-3.7838,3.1988,5540998,19305504.14,1519359438.04,616672911.68
2008-11-05,'000055,方  大Ａ,3.7,3.75,3.61,3.64,3.6,0.1,2.7778,3.082,5338711,19700822.72,1579109528.3,640924093.6
2008-11-04,'000055,方  大Ａ,3.6,3.9,3.58,3.9,3.98,-0.38,-9.5477,4.0693,7048915,25786719.35,1536430892.4,623601820.8
2008-11-03,'000055,方  大Ａ,3.98,4.08,3.85,4.03,3.95,0.03,0.7595,3.85,6669154,26462162.64,1698609708.82,689426457.44
2008-10-31,'000055,方  大Ａ,3.95,3.95,3.79,3.84,3.88,0.07,1.8041,2.5512,4419308,17019309.16,1685806118.05,684229775.6
2008-10-30,'000055,方  大Ａ,3.88,3.93,3.71,3.84,3.77,0.11,2.9178,3.1248,5412822,20764707.8,1655931072.92,672104184.64
2008-10-29,'000055,方  大Ａ,3.77,4.12,3.77,4.07,4.06,-0.29,-7.1429,2.7412,4748331,18736922.67,1608984573.43,653049684.56
2008-10-28,'000055,方  大Ａ,4.06,4.19,3.76,3.82,3.98,0.08,2.0101,3.4353,5950737,23627578.9,1732752617.54,703284275.68
2008-10-27,'000055,方  大Ａ,3.98,4.3,3.98,4.25,4.42,-0.44,-9.9548,3.0633,5306334,21714442.76,1698609708.82,689426457.44
2008-10-24,'000055,方  大Ａ,4.42,4.62,4.32,4.5,4.54,-0.12,-2.6432,2.1641,3748708,16679805.36,1886395706.78,765644457.76
2008-10-23,'000055,方  大Ａ,4.54,4.54,4.3,4.31,4.44,0.1,2.2523,2.3852,4131745,18325038.9,1937610069.86,786431185.12
2008-10-22,'000055,方  大Ａ,4.44,4.67,4.4,4.46,4.59,-0.15,-3.268,2.8574,4949691,22285220.04,1894931433.96,769108912.32
2008-10-21,'000055,方  大Ａ,4.59,4.83,4.53,4.63,4.62,-0.03,-0.6494,4.5541,7888698,36799258.09,1958949387.81,795092321.52
2008-10-20,'000055,方  大Ａ,4.62,4.63,4.22,4.36,4.39,0.23,5.2392,3.1607,5475057,24761603.51,1971752978.58,800289003.36
2008-10-17,'000055,方  大Ａ,4.39,4.5,4.34,4.4,4.32,0.07,1.6204,2.5573,4429907,19574437.2,1873592116.01,760447775.92
2008-10-16,'000055,方  大Ａ,4.32,4.63,4.32,4.62,4.8,-0.48,-10.0,3.8213,6619294,29227980.82,1843717070.88,748322184.96
2008-10-15,'000055,方  大Ａ,4.8,4.93,4.66,4.66,4.88,-0.08,-1.6393,2.0257,3509050,16755171.6,2048574523.2,831469094.4
2008-10-14,'000055,方  大Ａ,4.88,5.39,4.86,5.3,5.17,-0.29,-5.6093,4.2793,7412731,38287241.66,2082717431.92,845326912.64
2008-10-13,'000055,方  大Ａ,5.17,5.18,4.62,4.8,4.9,0.27,5.5102,3.6755,6366737,31160196.56,2206485476.03,895561503.76
2008-10-10,'000055,方  大Ａ,4.9,5.29,4.9,5.25,5.44,-0.54,-9.9265,4.6023,7972177,40288398.83,2091253159.1,848791367.2
2008-10-09,'000055,方  大Ａ,5.44,6.05,5.42,5.99,5.85,-0.41,-7.0085,3.4428,5963717,34017987.78,2321717792.96,942331640.32
2008-10-08,'000055,方  大Ａ,5.85,6.16,5.82,6.05,6.18,-0.33,-5.3398,3.6306,6288959,37502230.25,2496700200.15,1013352958.8
2008-10-07,'000055,方  大Ａ,6.18,6.37,5.94,6.06,6.23,-0.05,-0.8026,3.9146,6781025,42323835.08,2637539698.62,1070516459.04
2008-10-06,'000055,方  大Ａ,6.23,6.34,5.86,5.94,6.18,0.05,0.8091,4.2199,7309827,44892792.9,2658879016.57,1079177595.44
2008-09-26,'000055,方  大Ａ,6.18,6.58,6.08,6.53,6.42,-0.24,-3.7383,4.9066,8499352,53398091.68,2637539698.62,1070516459.04
2008-09-25,'000055,方  大Ａ,6.42,6.48,6.16,6.3,6.28,0.14,2.2293,7.2845,12618391,79883426.93,2739968424.78,1112089913.76
2008-09-24,'000055,方  大Ａ,6.28,6.3,5.81,5.9,6.08,0.2,3.2895,5.3317,9235669,56974961.0,2680218334.52,1087838731.84
2008-09-23,'000055,方  大Ａ,6.08,6.6,6.08,6.6,6.69,-0.61,-9.1181,7.103,12303937,77461587.35,2594861062.72,1053194186.24
2008-09-22,'000055,方  大Ａ,6.69,7.3,6.5,6.98,6.69,0.0,0.0,13.5418,23457533,160748870.48,2855200741.71,1158860050.32
2008-09-19,'000055,方  大Ａ,6.69,6.69,6.47,6.68,6.08,0.61,10.0329,7.5965,13158901,87419379.12,2855200741.71,1158860050.32
2008-09-18,'000055,方  大Ａ,6.08,6.12,5.37,5.7,5.85,0.23,3.9316,9.0399,15659241,91078569.24,2594861062.72,1053194186.24
2008-09-17,'000055,方  大Ａ,5.85,5.85,5.47,5.68,5.68,0.17,2.993,5.0933,8822751,50048638.35,2496700200.15,1013352958.8
2008-09-16,'000055,方  大Ａ,5.68,5.83,5.36,5.5,5.59,0.09,1.61,5.2013,9009919,50693088.66,2424146519.12,983905095.04
2008-09-12,'000055,方  大Ａ,5.59,5.91,5.45,5.51,5.39,0.2,3.7106,5.7964,10040677,57126902.01,2385735746.81,968315049.52
2008-09-11,'000055,方  大Ａ,5.39,5.55,5.25,5.4,5.46,-0.07,-1.2821,2.7846,4823498,25910986.14,2300378475.01,933670503.92
2008-09-10,'000055,方  大Ａ,5.46,5.69,5.28,5.33,5.48,-0.02,-0.365,4.319,7481464,41313379.61,2330253520.14,945796094.88
2008-09-09,'000055,方  大Ａ,5.48,5.61,5.1,5.29,5.22,0.26,4.9808,4.6643,8079665,43769331.47,2338789247.32,949260549.44
2008-09-08,'000055,方  大Ａ,5.22,5.56,5.07,5.45,5.42,-0.2,-3.69,3.2009,5544732,29199919.41,2227824793.98,904222640.16
2008-09-05,'000055,方  大Ａ,5.42,5.75,5.41,5.65,5.88,-0.46,-7.8231,4.3546,7543232,41882762.15,2313182065.78,938867185.76
2008-09-04,'000055,方  大Ａ,5.88,6.06,5.59,5.59,5.59,0.29,5.1878,5.6805,9839905,57554852.73,2509503790.92,1018549640.64
2008-09-03,'000055,方  大Ａ,5.59,5.91,5.48,5.82,5.87,-0.28,-4.77,4.7157,8168590,46265034.04,2385735746.81,968315049.52
2008-09-02,'000055,方  大Ａ,5.87,6.08,5.63,5.8,5.99,-0.12,-2.0033,6.0823,10535850,61825023.32,2505235927.33,1016817413.36
2008-09-01,'000055,方  大Ａ,5.99,6.11,5.79,5.85,5.68,0.31,5.4577,11.429,19797546,118022953.03,2556450290.41,1037604140.72
2008-08-29,'000055,方  大Ａ,5.68,5.68,5.35,5.36,5.16,0.52,10.0775,3.3654,5829676,32743261.14,2424146519.12,983905095.04
2008-08-28,'000055,方  大Ａ,5.16,5.3,5.06,5.25,5.25,-0.09,-1.7143,1.993,3452338,17892913.46,2202217612.44,893829276.48
2008-08-27,'000055,方  大Ａ,5.25,5.36,5.06,5.11,5.23,0.02,0.3824,2.871,4973146,26017497.6,2240628384.75,909419322.0
2008-08-26,'000055,方  大Ａ,5.23,5.65,5.23,5.63,5.81,-0.58,-9.9828,4.6512,8056932,43161512.36,2232092657.57,905954867.44
2008-08-25,'000055,方  大Ａ,5.81,6.07,5.78,5.84,5.84,-0.03,-0.5137,2.6257,4548236,26905214.6,2479628745.79,1006424049.68
2008-08-22,'000055,方  大Ａ,5.84,6.17,5.62,6.02,6.16,-0.32,-5.1948,4.3132,7471473,43959914.48,2492432336.56,1011620731.52
2008-08-21,'000055,方  大Ａ,6.16,6.56,6.1,6.3,6.46,-0.3,-4.644,7.3035,12651286,79888987.63,2629003971.44,1067052004.48
2008-08-20,'000055,方  大Ａ,6.46,6.46,5.61,5.78,5.87,0.59,10.0511,8.7695,15190828,94993106.06,2757039879.14,1119018822.88
2008-08-19,'000055,方  大Ａ,5.87,5.92,5.4,5.5,5.72,0.15,2.6224,3.9342,6814980,39109457.75,2505235927.33,1016817413.36
2008-08-18,'000055,方  大Ａ,5.72,6.34,5.72,6.34,6.35,-0.63,-9.9213,4.2205,7310847,43810912.22,2441217973.48,990834004.16
2008-08-15,'000055,方  大Ａ,6.35,6.6,6.01,6.2,6.29,0.06,0.9539,6.2791,10876909,68682953.25,2710093379.65,1099964322.8
2008-08-14,'000055,方  大Ａ,6.29,6.56,5.92,6.01,6.09,0.2,3.2841,6.2056,10749492,67113941.74,2684486198.11,1089570959.12
2008-08-13,'000055,方  大Ａ,6.09,6.26,5.8,6.03,6.2,-0.11,-1.7742,4.4804,7761086,46823542.99,2599128926.31,1054926413.52
2008-08-12,'000055,方  大Ａ,6.2,6.31,5.73,5.87,6.04,0.16,2.649,6.2958,10905745,66573343.58,2646075425.8,1073980913.6
2008-08-11,'000055,方  大Ａ,6.04,6.75,5.95,6.62,6.61,-0.57,-8.6233,6.4644,11197812,68733197.78,2577789608.36,1046265277.12
2008-08-08,'000055,方  大Ａ,6.61,7.44,6.55,7.25,7.28,-0.67,-9.2033,4.7068,8153171,57696300.88,2821057832.99,1145002232.08
2008-08-07,'000055,方  大Ａ,7.28,7.43,7.09,7.37,7.44,-0.16,-2.1505,3.5355,6124371,44316365.08,3107004693.52,1261061459.84
2008-08-06,'000055,方  大Ａ,7.44,7.74,7.18,7.2,7.14,0.3,4.2017,6.1125,10588283,78823529.15,3175290510.96,1288777096.32
2008-08-05,'000055,方  大Ａ,7.14,7.43,6.98,7.36,7.28,-0.14,-1.9231,4.4328,7678676,55192105.71,3047254603.26,1236810277.92
2008-08-04,'000055,方  大Ａ,7.28,7.77,7.21,7.7,7.85,-0.57,-7.2611,4.297,7443378,55947808.89,3107004693.52,1261061459.84
2008-08-01,'000055,方  大Ａ,7.85,7.95,7.18,7.31,7.35,0.5,6.8027,6.9669,12068271,91235532.96,3350272918.15,1359798414.8
2008-07-31,'000055,方  大Ａ,7.35,7.9,7.26,7.78,7.79,-0.44,-5.6483,5.6862,9849855,74290801.75,3136879738.65,1273187050.8
2008-07-30,'000055,方  大Ａ,7.79,8.27,7.7,8.22,8.1,-0.31,-3.8272,7.6304,13217577,104999193.17,3324665736.61,1349405051.12
2008-07-29,'000055,方  大Ａ,8.1,8.36,7.9,8.0,8.16,-0.06,-0.7353,6.7205,11641517,95410475.97,3456969507.9,1403104096.8
2008-07-28,'000055,方  大Ａ,8.16,8.46,8.1,8.32,8.29,-0.13,-1.5682,8.8589,15345625,125761035.54,3482576689.44,1413497460.48
2008-07-25,'000055,方  大Ａ,8.29,8.7,8.06,8.15,8.44,-0.15,-1.7773,16.87,29222622,244972132.82,3538058916.11,1436016415.12
2008-07-24,'000055,方  大Ａ,8.44,8.57,8.07,8.07,7.79,0.65,8.344,18.8753,32696327,274157658.51,3602076869.96,1461999824.32
2008-07-23,'000055,方  大Ａ,7.79,8.27,7.75,7.85,8.03,-0.24,-2.9888,11.9971,20781658,166148451.22,3324665736.61,1349405051.12
2008-07-22,'000055,方  大Ａ,8.03,8.5,7.9,8.0,7.77,0.26,3.3462,20.1802,34956621,284261252.45,3427094462.77,1390978505.84
2008-07-21,'000055,方  大Ａ,7.77,7.77,6.82,6.94,7.06,0.71,10.0567,11.1691,19347505,141515430.15,3316130009.43,1345940596.56
2008-07-18,'000055,方  大Ａ,7.06,7.2,6.52,6.8,6.86,0.2,2.9155,12.7522,22089642,151445861.33,3013111694.54,1222952459.68
2008-07-17,'000055,方  大Ａ,6.86,7.7,6.81,7.4,7.37,-0.51,-6.9199,11.2866,19550936,142665791.34,2927754422.74,1188307914.08
2008-07-16,'000055,方  大Ａ,7.37,7.87,7.02,7.71,7.78,-0.41,-5.2699,13.6813,23699134,175339548.29,3145415465.83,1276651505.36
2008-07-15,'000055,方  大Ａ,7.78,7.98,7.29,7.5,7.6,0.18,2.3684,16.7137,28951911,220780827.28,3320397873.02,1347672823.84
2008-07-14,'000055,方  大Ａ,7.6,7.9,7.2,7.4,7.46,0.14,1.8767,15.9295,27593454,209183965.51,3243576328.4,1316492732.8
2008-07-11,'000055,方  大Ａ,7.46,7.96,7.19,7.88,7.99,-0.53,-6.6333,17.7933,30822031,230527002.31,3183826238.14,1292241550.88
2008-07-10,'000055,方  大Ａ,7.99,8.3,7.59,7.82,7.82,0.17,2.1739,24.3482,42176658,331989183.64,3410023008.41,1384049596.72
2008-07-09,'000055,方  大Ａ,7.82,7.82,7.31,7.38,7.11,0.71,9.9859,17.2708,29916960,227246304.52,3337469327.38,1354601732.96
2008-07-08,'000055,方  大Ａ,7.11,7.11,6.82,7.0,6.46,0.65,10.0619,12.8859,22321391,158310715.78,3034451012.49,1231613596.08
2008-07-07,'000055,方  大Ａ,6.46,6.46,6.41,6.46,5.87,0.59,10.0511,5.6342,9759649,63046613.24,2757039879.14,1119018822.88
2008-07-04,'000055,方  大Ａ,5.87,5.87,5.87,5.87,5.34,0.53,9.9251,1.6601,2875608,16879818.96,2505235927.33,1016817413.36
2008-07-03,'000055,方  大Ａ,5.34,5.34,4.73,4.81,4.85,0.49,10.1031,2.0421,3537414,18557239.89,2279039157.06,925009367.52
2008-07-02,'000055,方  大Ａ,4.85,4.92,4.7,4.7,4.71,0.14,2.9724,1.0831,1876141,9066415.69,2069913841.15,840130230.8
2008-07-01,'000055,方  大Ａ,4.71,4.86,4.65,4.81,4.81,-0.1,-2.079,0.7125,1234239,5845540.73,2010163750.89,815879048.88
2008-06-30,'000055,方  大Ａ,4.81,4.87,4.66,4.73,4.81,0.0,0.0,0.7493,1297919,6170804.26,2052842386.79,833201321.68
2008-06-27,'000055,方  大Ａ,4.81,5.08,4.74,5.08,5.26,-0.45,-8.5551,1.5342,2657663,13071817.43,2052842386.79,833201321.68
2008-06-26,'000055,方  大Ａ,5.26,5.35,5.11,5.24,5.25,0.01,0.1905,1.647,2853010,14957023.44,2244896248.34,911151549.28
2008-06-25,'000055,方  大Ａ,5.25,5.25,4.9,5.0,4.99,0.26,5.2104,1.6811,2911963,15046559.71,2240628384.75,909419322.0
2008-06-24,'000055,方  大Ａ,4.99,5.02,4.79,4.83,4.8,0.19,3.9583,1.0947,1896340,9353890.81,2129663931.41,864381412.72
2008-06-23,'000055,方  大Ａ,4.8,4.98,4.78,4.85,4.85,-0.05,-1.0309,0.9096,1575582,7691049.88,2048574523.2,831469094.4
2008-06-20,'000055,方  大Ａ,4.85,5.05,4.61,4.75,4.64,0.21,4.5259,1.6863,2921010,14186099.71,2069913841.15,840130230.8
2008-06-19,'000055,方  大Ａ,4.64,5.31,4.64,5.17,5.15,-0.51,-9.9029,2.5376,4395741,22201470.47,1980288705.76,803753457.92
2008-06-18,'000055,方  大Ａ,5.67,5.71,5.13,5.13,5.27,0.4,7.5901,1.5861,2496844,13665197.35,2199889692.0,892549003.5
2008-06-17,'000055,方  大Ａ,5.27,5.84,5.25,5.76,5.74,-0.47,-8.1882,0.9577,1507501,8419639.82,2044694652.0,829582583.5
2008-06-16,'000055,方  大Ａ,5.74,5.9,5.55,5.72,5.72,0.02,0.3497,0.9285,1461590,8345853.24,2227048824.0,903568127.0
2008-06-13,'000055,方  大Ａ,5.72,6.06,5.71,5.9,5.88,-0.16,-2.7211,1.1116,1749882,10289021.7,2219289072.0,900419806.0
2008-06-12,'000055,方  大Ａ,5.88,6.1,5.7,6.01,6.01,-0.13,-2.1631,1.3404,2110031,12410425.79,2281367088.0,925606374.0
2008-06-11,'000055,方  大Ａ,6.01,6.4,5.9,6.4,6.47,-0.46,-7.1097,1.8103,2849647,17374332.03,2331805476.0,946070460.5
2008-06-10,'000055,方  大Ａ,6.47,6.88,6.47,6.66,7.19,-0.72,-10.0139,2.0905,3290803,21542837.06,2510279772.0,1018481843.5
2008-06-06,'000055,方  大Ａ,0.0,0.0,0.0,0.0,7.19,None,None,0.0,0,0.0,2789630844.0,1131821399.5
2008-06-05,'000055,方  大Ａ,7.19,7.65,7.12,7.65,7.45,-0.26,-3.4899,3.6647,5768867,42522454.24,2789630844.0,1131821399.5
2008-06-04,'000055,方  大Ａ,7.45,7.5,7.23,7.32,7.38,0.07,0.9485,3.0652,4825110,35719852.3,2890507620.0,1172749572.5
2008-06-03,'000055,方  大Ａ,7.38,7.39,7.18,7.26,7.24,0.14,1.9337,1.5218,2395569,17459606.26,2863348488.0,1161730449.0
2008-06-02,'000055,方  大Ａ,7.24,7.3,7.1,7.18,7.25,-0.01,-0.1379,1.0455,1645782,11865438.43,2809030224.0,1139692202.0
2008-05-30,'000055,方  大Ａ,7.25,7.35,7.14,7.22,7.3,-0.05,-0.6849,1.1448,1802152,13029860.31,2812910100.0,1141266362.5
2008-05-29,'000055,方  大Ａ,7.3,7.61,7.16,7.36,7.4,-0.1,-1.3514,2.2867,3599571,26560764.47,2832309480.0,1149137165.0
2008-05-28,'000055,方  大Ａ,7.4,7.46,7.2,7.25,7.25,0.15,2.069,1.7027,2680259,19717995.72,2871108240.0,1164878770.0
2008-05-27,'000055,方  大Ａ,7.25,7.4,7.13,7.38,7.32,-0.07,-0.9563,1.8966,2985495,21700879.29,2812910100.0,1141266362.5
2008-05-26,'000055,方  大Ａ,7.32,7.4,7.02,7.02,7.21,0.11,1.5257,2.1325,3356953,24364767.76,2840069232.0,1152285486.0
2008-05-23,'000055,方  大Ａ,7.21,7.34,6.89,7.1,7.15,0.06,0.8392,1.8273,2876484,20577650.55,2797390596.0,1134969720.5
2008-05-22,'000055,方  大Ａ,7.15,7.46,7.06,7.17,7.25,-0.1,-1.3793,2.017,3175085,23137429.8,2774111340.0,1125524757.5
2008-05-21,'000055,方  大Ａ,7.25,7.34,6.72,7.09,7.1,0.15,2.1127,2.5407,3999427,27963301.68,2812910100.0,1141266362.5
2008-05-20,'000055,方  大Ａ,7.1,7.89,6.96,7.74,7.73,-0.63,-8.1501,2.3387,3681554,27624933.96,2754711960.0,1117653955.0
2008-05-19,'000055,方  大Ａ,7.73,7.84,7.56,7.72,7.82,-0.09,-1.1509,1.3677,2152909,16516522.42,2999144148.0,1216826066.5
2008-05-16,'000055,方  大Ａ,7.82,8.07,7.7,7.98,8.01,-0.19,-2.372,1.7741,2792692,21975327.11,3034063032.0,1230993511.0
2008-05-15,'000055,方  大Ａ,8.01,8.14,7.87,7.95,7.98,0.03,0.3759,3.0555,4809871,38508314.3,3107780676.0,1260902560.5
2008-05-14,'000055,方  大Ａ,7.98,8.04,7.75,7.78,7.63,0.35,4.5872,2.8005,4408514,34915769.1,3096141048.0,1256180079.0
2008-05-13,'000055,方  大Ａ,7.63,7.79,7.51,7.58,7.87,-0.24,-3.0496,2.5878,4073640,31194154.26,2960345388.0,1201084461.5
2008-05-12,'000055,方  大Ａ,7.87,8.01,7.56,7.56,7.8,0.07,0.8974,2.0632,3247834,25342494.07,3053462412.0,1238864313.5
2008-05-09,'000055,方  大Ａ,7.8,8.13,7.5,8.1,7.9,-0.1,-1.2658,2.5821,4064708,31809200.71,3026303280.0,1227845190.0
2008-05-08,'000055,方  大Ａ,7.9,7.91,7.58,7.66,7.66,0.24,3.1332,2.1136,3327080,25842214.91,3065102040.0,1243586795.0
2008-05-07,'000055,方  大Ａ,7.66,8.15,7.66,7.95,8.0,-0.34,-4.25,2.9905,4707598,37319514.41,2971985016.0,1205806943.0
2008-05-06,'000055,方  大Ａ,8.0,8.27,7.87,8.27,8.41,-0.41,-4.8751,4.8794,7680928,62058241.43,3103900800.0,1259328400.0
2008-05-05,'000055,方  大Ａ,8.41,8.5,8.05,8.4,8.38,0.03,0.358,4.01,6312324,52418625.41,3262975716.0,1323868980.5
2008-04-30,'000055,方  大Ａ,8.38,8.44,7.98,8.05,8.08,0.3,3.7129,6.6981,10543896,87341719.42,3251336088.0,1319146499.0
2008-04-29,'000055,方  大Ａ,8.08,8.08,7.5,7.7,7.7,0.38,4.9351,4.6112,7258843,56973864.35,3134939808.0,1271921684.0
2008-04-28,'000055,方  大Ａ,7.7,7.82,7.35,7.45,7.59,0.11,1.4493,2.619,4122766,31537561.08,2987504520.0,1212103585.0
2008-04-25,'000055,方  大Ａ,7.59,7.98,7.5,7.77,7.77,-0.18,-2.3166,6.1993,7353390,56718058.8,2944825884.0,900305231.1
2008-04-24,'000055,方  大Ａ,7.77,7.77,7.48,7.71,7.06,0.71,10.0567,6.4578,7660030,58814743.01,3014663652.0,921656343.3
2008-04-23,'000055,方  大Ａ,7.06,7.17,6.67,6.8,6.77,0.29,4.2836,2.0849,2473102,17231210.13,2739192456.0,837438067.4
2008-04-22,'000055,方  大Ａ,6.77,7.2,6.55,7.1,7.28,-0.51,-7.0055,2.9547,3504781,23451266.1,2626676052.0,803039053.3
2008-04-21,'000055,方  大Ａ,7.28,7.69,7.13,7.62,7.04,0.24,3.4091,2.3093,2738928,20264096.37,2824549728.0,863450151.2
2008-04-18,'000055,方  大Ａ,7.04,7.35,7.01,7.34,7.33,-0.29,-3.9563,1.4798,1755098,12525473.05,2731432704.0,834984761.6
2008-04-17,'000055,方  大Ａ,7.33,7.75,7.1,7.64,7.52,-0.19,-2.5266,1.5722,1864692,13796459.98,2843949108.0,869380440.7
2008-04-16,'000055,方  大Ａ,7.52,7.8,7.39,7.8,7.74,-0.22,-2.8424,2.5745,3053453,23274376.74,2917666752.0,891915540.8
2008-04-15,'000055,方  大Ａ,7.74,7.77,7.15,7.19,7.12,0.62,8.7079,2.5279,2998193,22385512.33,3003024024.0,918008814.6
2008-04-14,'000055,方  大Ａ,7.12,7.58,7.03,7.51,7.71,-0.59,-7.6524,2.1664,2569519,18686670.68,2762471712.0,844473224.8
2008-04-11,'000055,方  大Ａ,7.71,7.95,7.61,7.95,7.71,0.0,0.0,4.105,4868793,37956493.65,2991384396.0,914450640.9
2008-04-10,'000055,方  大Ａ,7.71,7.71,6.76,6.8,7.01,0.7,9.9857,3.1526,3739155,26915493.04,2991384396.0,914450640.9
2008-04-09,'000055,方  大Ａ,7.01,7.88,6.95,7.5,7.6,-0.59,-7.7632,3.6366,4313187,32034330.3,2719793076.0,831426587.9
2008-04-08,'000055,方  大Ａ,7.6,7.9,7.2,7.4,7.4,0.2,2.7027,5.0017,5932264,45202765.18,2948705760.0,901404004.0
2008-04-07,'000055,方  大Ａ,7.4,7.45,6.55,6.82,6.82,0.58,8.5044,3.2348,3836610,27140774.33,2871108240.0,877682846.0
2008-04-03,'000055,方  大Ａ,6.82,7.0,6.5,6.64,6.64,0.18,2.7108,2.1601,2561964,17407262.36,2646075432.0,808891487.8
2008-04-02,'000055,方  大Ａ,6.64,7.39,6.46,7.12,7.18,-0.54,-7.5209,3.3966,4028603,27543072.71,2576237664.0,787542445.6
2008-04-01,'000055,方  大Ａ,7.18,8.07,7.18,7.98,7.98,-0.8,-10.0251,3.8152,4525037,33315495.74,2785750968.0,851589572.2
2008-03-31,'000055,方  大Ａ,7.98,8.24,7.81,7.98,8.36,-0.38,-4.5455,2.3092,2738858,21858304.65,3096141048.0,946474204.2
2008-03-28,'000055,方  大Ａ,8.36,8.42,7.7,7.95,8.1,0.26,3.2099,2.8083,3330754,26916498.11,3243576336.0,991544404.4
2008-03-27,'000055,方  大Ａ,8.1,8.78,8.1,8.75,8.9,-0.8,-8.9888,3.6159,4288615,36417622.72,3142699560.0,960706899.0
2008-03-26,'000055,方  大Ａ,8.9,9.4,8.85,9.38,9.2,-0.3,-3.2609,3.4887,4137835,37684649.06,3453089640.0,1055591531.0
2008-03-25,'000055,方  大Ａ,9.2,9.3,8.68,8.82,9.02,0.18,1.9956,2.6841,3183445,28619919.23,3569485920.0,1091173268.0
2008-03-24,'000055,方  大Ａ,9.02,9.65,9.0,9.46,9.34,-0.32,-3.4261,3.0722,3643836,34271081.86,3499648152.0,1069824225.8
2008-03-21,'000055,方  大Ａ,9.34,9.7,9.2,9.35,9.45,-0.11,-1.164,4.7597,5645255,53280907.8,3623804184.0,1107778078.6
2008-03-20,'000055,方  大Ａ,9.45,9.75,8.19,8.92,9.09,0.36,3.9604,6.049,7174508,64486222.59,3666482820.0,1120824715.5
2008-03-19,'000055,方  大Ａ,9.09,9.36,8.62,8.8,8.73,0.36,4.1237,4.3937,5211123,47093150.77,3526807284.0,1078126631.1
2008-03-18,'000055,方  大Ａ,8.73,9.5,8.73,9.2,9.7,-0.97,-10.0,3.7926,4498209,40132459.49,3387131748.0,1035428546.7
2008-03-17,'000055,方  大Ａ,9.7,10.73,9.7,10.73,10.78,-1.08,-10.0186,5.6226,6668740,66348071.1,3763479720.0,1150476163.0
2008-03-14,'000055,方  大Ａ,10.78,10.97,10.29,10.58,10.6,0.18,1.6981,4.1321,4900866,52494878.75,4182506328.0,1278570416.2
2008-03-13,'000055,方  大Ａ,10.6,11.14,10.2,10.7,10.97,-0.37,-3.3728,5.275,6256416,66596656.57,4112668560.0,1257221374.0
2008-03-12,'000055,方  大Ａ,10.97,11.6,10.91,11.25,11.08,-0.11,-0.9928,8.6526,10262485,115960222.85,4256223972.0,1301105516.3
2008-03-11,'000055,方  大Ａ,11.08,11.1,10.23,10.45,10.53,0.55,5.2232,5.0773,6021970,64467420.9,4298902608.0,1314152153.2
2008-03-10,'000055,方  大Ａ,10.53,10.78,10.39,10.65,10.59,-0.06,-0.5666,3.6501,4329177,45768790.84,4085509428.0,1248918968.7
2008-03-07,'000055,方  大Ａ,10.59,11.23,10.5,10.89,11.04,-0.45,-4.0761,6.07,7199381,77849272.99,4108788684.0,1256035316.1
2008-03-06,'000055,方  大Ａ,11.04,11.86,10.92,11.26,11.22,-0.18,-1.6043,10.6849,12672870,143892702.41,4283383104.0,1309407921.6
2008-03-05,'000055,方  大Ａ,11.22,11.35,10.31,10.36,10.43,0.79,7.5743,9.1892,10898945,117759281.11,4353220872.0,1330756963.8
2008-03-04,'000055,方  大Ａ,10.43,10.88,10.41,10.71,10.76,-0.33,-3.0669,5.6592,6712105,71220153.14,4046710668.0,1237058389.7
2008-03-03,'000055,方  大Ａ,10.76,10.88,10.18,10.28,10.41,0.35,3.3622,7.2111,8552806,90561035.58,4174746576.0,1276198300.4
2008-02-29,'000055,方  大Ａ,10.41,10.48,10.1,10.22,10.22,0.19,1.8591,5.2347,6208625,63820599.73,4038950916.0,1234686273.9
2008-02-28,'000055,方  大Ａ,10.22,10.3,9.9,10.0,9.98,0.24,2.4048,3.9495,4684278,47436262.54,3965233272.0,1212151173.8
2008-02-27,'000055,方  大Ａ,9.98,10.04,9.61,9.71,9.7,0.28,2.8866,3.4244,4061500,40085466.58,3872116248.0,1183685784.2
2008-02-26,'000055,方  大Ａ,9.7,10.38,9.39,10.18,9.99,-0.29,-2.9029,5.4079,6414072,62776933.99,3763479720.0,1150476163.0
2008-02-25,'000055,方  大Ａ,9.99,10.49,9.9,10.0,10.15,-0.16,-1.5764,6.0343,7156980,73255953.01,3875996124.0,1184871842.1
2008-02-22,'000055,方  大Ａ,10.15,10.46,9.8,10.17,10.15,0.0,0.0,7.1902,8527971,87142309.05,3938074140.0,1203848768.5
2008-02-21,'000055,方  大Ａ,10.15,10.38,9.7,9.82,9.9,0.25,2.5253,5.7508,6820754,68794571.75,3938074140.0,1203848768.5
2008-02-20,'000055,方  大Ａ,9.9,10.32,9.9,10.09,10.21,-0.31,-3.0362,3.9897,4732064,47342360.78,3841077240.0,1174197321.0
2008-02-19,'000055,方  大Ａ,10.21,10.22,9.91,10.09,10.04,0.17,1.6932,4.0624,4818226,48365725.2,3961353396.0,1210965115.9
2008-02-18,'000055,方  大Ａ,10.04,10.2,9.85,9.99,9.89,0.15,1.5167,5.3307,6322531,63543423.22,3895395504.0,1190802131.6
2008-02-15,'000055,方  大Ａ,9.89,9.9,9.5,9.8,9.9,-0.01,-0.101,4.8346,5734124,55433795.49,3837197364.0,1173011263.1
2008-02-14,'000055,方  大Ａ,9.9,10.1,9.33,9.33,9.23,0.67,7.2589,7.5568,8962822,88004352.01,3841077240.0,1174197321.0
2008-02-13,'000055,方  大Ａ,9.23,9.48,9.1,9.24,9.43,-0.2,-2.1209,2.4746,2934980,27284803.82,3581125548.0,1094731441.7
2008-02-05,'000055,方  大Ａ,9.43,9.61,9.11,9.56,9.54,-0.11,-1.153,4.1773,4954549,46626645.29,3658723068.0,1118452599.7
2008-02-04,'000055,方  大Ａ,9.54,9.59,8.88,8.94,8.72,0.82,9.4037,6.3518,7533557,70013575.73,3701401704.0,1131499236.6
2008-02-01,'000055,方  大Ａ,8.72,8.98,8.11,8.81,8.89,-0.17,-1.9123,6.5072,7717874,65641737.0,3383251872.0,1034242488.8
2008-01-31,'000055,方  大Ａ,8.89,9.99,8.85,9.83,9.83,-0.94,-9.5626,6.8005,8065764,75487735.66,3449209764.0,1054405473.1
2008-01-30,'000055,方  大Ａ,9.83,10.39,9.51,10.21,10.21,-0.38,-3.7218,8.5554,10147180,100664800.65,3813918108.0,1165894915.7
2008-01-29,'000055,方  大Ａ,10.21,11.0,9.9,10.8,10.38,-0.17,-1.6378,13.62,16154071,168627346.96,3961353396.0,1210965115.9
2008-01-28,'000055,方  大Ａ,10.38,11.15,10.04,11.15,10.87,-0.49,-4.5078,18.8568,22365291,239867170.66,4027311288.0,1231128100.2
2008-01-25,'000055,方  大Ａ,10.87,10.87,10.53,10.87,9.88,0.99,10.0202,7.3669,8737558,94940100.66,4217425212.0,1289244937.3
2008-01-24,'000055,方  大Ａ,0.0,0.0,0.0,0.0,9.88,None,None,0.0,0,0.0,3833317488.0,1171825205.2
2008-01-23,'000055,方  大Ａ,9.88,9.88,9.15,9.38,8.98,0.9,10.0223,13.4658,15971229,156001145.3,3833317488.0,1171825205.2
2008-01-22,'000055,方  大Ａ,8.98,10.19,8.98,9.9,9.98,-1.0,-10.02,8.5648,10158306,96409299.85,3484128648.0,1065079994.2
2008-01-21,'000055,方  大Ａ,9.98,10.48,9.7,9.94,9.87,0.11,1.1145,7.8284,9284888,94223740.65,3872116248.0,1183685784.2
2008-01-18,'000055,方  大Ａ,9.87,10.1,9.72,9.99,9.99,-0.12,-1.2012,5.4945,6516782,64485026.41,3829437612.0,1170639147.3
2008-01-17,'000055,方  大Ａ,9.99,10.05,9.25,9.4,9.5,0.49,5.1579,8.8953,10550362,102282078.23,3875996124.0,1184871842.1
2008-01-16,'000055,方  大Ａ,9.5,9.7,9.09,9.29,9.4,0.1,1.0638,5.6334,6681582,63746868.0,3685882200.0,1126755005.0
2008-01-15,'000055,方  大Ａ,9.4,9.55,9.27,9.46,9.52,-0.12,-1.2605,4.3011,5101348,47936819.37,3647083440.0,1114894426.0
2008-01-14,'000055,方  大Ａ,9.52,9.56,8.85,8.9,8.85,0.67,7.5706,6.4803,7686048,71108777.3,3693641952.0,1129127120.8
2008-01-11,'000055,方  大Ａ,8.85,9.0,8.68,8.95,8.95,-0.1,-1.1173,3.0415,3607356,31704718.84,3433690260.0,1049661241.5
2008-01-10,'000055,方  大Ａ,8.95,9.2,8.85,9.18,9.05,-0.1,-1.105,3.2772,3886994,35303839.84,3472489020.0,1061521820.5
2008-01-09,'000055,方  大Ａ,9.05,9.08,8.72,8.75,8.76,0.29,3.3105,2.6496,3142567,28043983.17,3511287780.0,1073382399.5
2008-01-08,'000055,方  大Ａ,8.76,9.28,8.68,9.2,9.15,-0.39,-4.2623,4.1366,4906230,43968217.91,3398771376.0,1038986720.4
2008-01-07,'000055,方  大Ａ,9.15,9.28,9.0,9.0,8.98,0.17,1.8931,4.4113,5232021,47919821.38,3550086540.0,1085242978.5
2008-01-04,'000055,方  大Ａ,8.98,9.0,8.76,8.93,8.89,0.09,1.0124,3.0066,3565960,31783100.71,3484128648.0,1065079994.2
2008-01-03,'000055,方  大Ａ,8.89,9.08,8.78,8.8,8.72,0.17,1.9495,5.0106,5942852,53052817.59,3449209764.0,1054405473.1
2008-01-02,'000055,方  大Ａ,8.72,8.78,8.4,8.4,8.41,0.31,3.6861,3.622,4295843,37011657.45,3383251872.0,1034242488.8
2007-12-28,'000055,方  大Ａ,8.41,8.65,8.37,8.58,8.57,-0.16,-1.867,2.5753,3054475,25867195.53,3262975716.0,997474693.9
2007-12-27,'000055,方  大Ａ,8.57,8.68,8.5,8.56,8.53,0.04,0.4689,3.4397,4079726,35067187.76,3325053732.0,1016451620.3
2007-12-26,'000055,方  大Ａ,8.53,8.58,8.4,8.5,8.48,0.05,0.5896,2.7989,3319650,28182096.52,3309534228.0,1011707388.7
2007-12-25,'000055,方  大Ａ,8.48,8.63,8.4,8.49,8.51,-0.03,-0.3525,2.4269,2878470,24508254.77,3290134848.0,1005777099.2
2007-12-24,'000055,方  大Ａ,8.51,8.52,8.28,8.29,8.31,0.2,2.4067,3.7965,4502874,37824382.63,3301774476.0,1009335272.9
2007-12-21,'000055,方  大Ａ,8.31,8.42,8.17,8.19,8.27,0.04,0.4837,2.2053,2615654,21707905.92,3224176956.0,985614114.9
2007-12-20,'000055,方  大Ａ,8.27,8.41,8.21,8.41,8.33,-0.06,-0.7203,2.682,3181059,26343101.32,3208657452.0,980869883.3
2007-12-19,'000055,方  大Ａ,8.33,8.43,8.21,8.31,8.28,0.05,0.6039,3.0417,3607629,30041151.23,3231936708.0,987986230.7
2007-12-18,'000055,方  大Ａ,8.28,8.49,8.15,8.29,8.18,0.1,1.2225,2.5149,2982791,24760623.54,3212537328.0,982055941.2
2007-12-17,'000055,方  大Ａ,8.18,8.47,8.18,8.27,8.25,-0.07,-0.8485,4.6703,5539218,45961170.34,3173738568.0,970195362.2
2007-12-14,'000055,方  大Ａ,8.25,8.38,7.0,7.65,7.71,0.54,7.0039,8.0945,9600546,78365474.33,3200897700.0,978497767.5
2007-12-13,'000055,方  大Ａ,7.71,8.12,7.68,7.95,7.97,-0.26,-3.2622,2.3,2727912,21478405.98,2991384396.0,914450640.9
2007-12-12,'000055,方  大Ａ,7.97,8.08,7.85,8.0,8.01,-0.04,-0.4994,2.6376,3128388,24905732.18,3092261172.0,945288146.3
2007-12-11,'000055,方  大Ａ,8.01,8.15,7.72,7.8,7.79,0.22,2.8241,5.7899,6867193,54732682.72,3107780676.0,950032377.9
2007-12-10,'000055,方  大Ａ,7.79,7.79,7.48,7.55,7.63,0.16,2.097,3.0448,3611341,27733626.53,3022423404.0,923939104.1
2007-12-07,'000055,方  大Ａ,7.63,7.72,7.51,7.51,7.57,0.06,0.7926,3.2858,3897119,29714377.0,2960345388.0,904962177.7
2007-12-06,'000055,方  大Ａ,7.57,7.57,7.38,7.49,7.5,0.07,0.9333,2.5036,2969394,22165323.43,2937066132.0,897845830.3
2007-12-05,'000055,方  大Ａ,7.5,7.53,7.32,7.47,7.38,0.12,1.626,1.8623,2208765,16408364.55,2909907000.0,889543425.0
2007-12-04,'000055,方  大Ａ,7.38,7.58,7.32,7.54,7.52,-0.14,-1.8617,1.6507,1957803,14497620.63,2863348488.0,875310730.2
2007-12-03,'000055,方  大Ａ,7.52,7.55,7.29,7.35,7.36,0.16,2.1739,2.2281,2642649,19760625.99,2917666752.0,891915540.8
2007-11-30,'000055,方  大Ａ,7.36,7.43,7.22,7.4,7.41,-0.05,-0.6748,1.0,1186010,8690708.14,2855588736.0,872938614.4
2007-11-29,'000055,方  大Ａ,7.41,7.45,7.26,7.39,7.29,0.12,1.6461,1.5876,1882997,13906435.86,2874988116.0,878868903.9
2007-11-28,'000055,方  大Ａ,7.29,7.4,7.21,7.21,7.19,0.1,1.3908,1.3367,1585437,11622638.78,2828429604.0,864636209.1
2007-11-27,'000055,方  大Ａ,7.19,7.25,7.14,7.16,7.17,0.02,0.2789,0.6558,777795,5588999.94,2789630844.0,852775630.1
2007-11-26,'000055,方  大Ａ,7.17,7.43,7.15,7.4,7.3,-0.13,-1.7808,1.0916,1294678,9465626.58,2781871092.0,850403514.3
2007-11-23,'000055,方  大Ａ,7.3,7.3,6.98,7.1,7.15,0.15,2.0979,1.0594,1256476,9020137.73,2832309480.0,865822267.0
2007-11-22,'000055,方  大Ａ,7.15,7.49,7.06,7.2,7.24,-0.09,-1.2431,1.7591,2086453,15303570.34,2774111340.0,848031398.5
2007-11-21,'000055,方  大Ａ,7.24,7.52,7.23,7.5,7.5,-0.26,-3.4667,1.1294,1339560,9887987.4,2809030224.0,858705919.6
2007-11-20,'000055,方  大Ａ,7.5,7.58,7.36,7.42,7.41,0.09,1.2146,1.844,2187073,16354800.91,2909907000.0,889543425.0
2007-11-19,'000055,方  大Ａ,7.41,7.44,7.23,7.29,7.25,0.16,2.2069,1.206,1430390,10565463.13,2874988116.0,878868903.9
2007-11-16,'000055,方  大Ａ,7.25,7.3,7.06,7.15,7.21,0.04,0.5548,0.869,1030662,7381441.2,2812910100.0,859891977.5
2007-11-15,'000055,方  大Ａ,7.21,7.47,7.15,7.47,7.43,-0.22,-2.961,1.2221,1449487,10567135.92,2797390596.0,855147745.9
2007-11-14,'000055,方  大Ａ,7.43,7.45,7.26,7.26,7.28,0.15,2.0604,1.4599,1731564,12786879.19,2882747868.0,881241019.7
2007-11-13,'000055,方  大Ａ,7.28,7.4,7.12,7.26,7.25,0.03,0.4138,1.1049,1310533,9531273.84,2824549728.0,863450151.2
2007-11-12,'000055,方  大Ａ,7.25,7.27,6.9,7.0,7.12,0.13,1.8258,1.3782,1634595,11680506.64,2812910100.0,859891977.5
2007-11-09,'000055,方  大Ａ,7.12,7.26,6.95,7.1,7.11,0.01,0.1406,1.3533,1605098,11398297.77,2762471712.0,844473224.8
2007-11-08,'000055,方  大Ａ,7.11,7.6,7.11,7.35,7.26,-0.15,-2.0661,1.6536,1961297,14470582.26,2758591836.0,843287166.9
2007-11-07,'000055,方  大Ａ,7.26,7.43,7.1,7.43,7.38,-0.12,-1.626,1.3731,1628556,11743560.92,2816789976.0,861078035.4
2007-11-06,'000055,方  大Ａ,7.38,7.48,7.25,7.3,7.39,-0.01,-0.1353,1.1234,1332444,9824830.95,2863348488.0,875310730.2
2007-11-05,'000055,方  大Ａ,7.39,7.56,7.01,7.23,7.4,-0.01,-0.1351,2.2265,2640744,19228864.82,2867228364.0,876496788.1
2007-11-02,'000055,方  大Ａ,7.4,7.88,7.4,7.52,7.5,-0.1,-1.3333,6.349,7530315,57543795.39,2871108240.0,877682846.0
2007-11-01,'000055,方  大Ａ,7.5,7.5,7.11,7.35,7.34,0.16,2.1798,3.2602,3866837,28390557.13,2909907000.0,889543425.0
2007-10-31,'000055,方  大Ａ,7.34,7.42,7.1,7.18,7.15,0.19,2.6573,2.1043,2495786,18143235.54,2847828984.0,870566498.6
2007-10-30,'000055,方  大Ａ,7.15,7.15,6.96,7.0,6.98,0.17,2.4355,1.3097,1553349,10949966.9,2774111340.0,848031398.5
2007-10-29,'000055,方  大Ａ,6.98,7.05,6.84,6.95,6.9,0.08,1.1594,1.4007,1661332,11495328.16,2708153448.0,827868414.2
2007-10-26,'000055,方  大Ａ,6.9,7.03,6.7,6.75,6.77,0.13,1.9202,1.4304,1696528,11671928.38,2677114440.0,818379951.0
2007-10-25,'000055,方  大Ａ,6.77,7.5,6.71,7.3,7.4,-0.63,-8.5135,2.935,3481125,24244534.29,2626676052.0,802961198.3
2007-10-24,'000055,方  大Ａ,7.4,7.85,7.36,7.73,7.74,-0.34,-4.3928,2.0271,2404250,18334651.41,2871108240.0,877682846.0
2007-10-23,'000055,方  大Ａ,7.74,8.04,7.48,7.9,7.98,-0.24,-3.0075,3.4407,4080813,31496750.21,3003024024.0,918008814.6
2007-10-22,'000055,方  大Ａ,7.98,8.43,7.8,8.43,8.55,-0.57,-6.6667,4.1264,4894111,39734294.08,3096141048.0,946474204.2
2007-10-19,'000055,方  大Ａ,8.55,8.95,8.45,8.66,8.85,-0.3,-3.3898,5.3292,6320710,55118696.45,3317293980.0,1014079504.5
2007-10-18,'000055,方  大Ａ,8.85,8.95,8.09,8.44,8.45,0.4,4.7337,7.0605,8374196,72515671.01,3433690260.0,1049661241.5
2007-10-17,'000055,方  大Ａ,8.45,8.67,8.38,8.67,8.7,-0.25,-2.8736,2.6833,3182601,27043548.55,3278495220.0,1002218925.5
2007-10-16,'000055,方  大Ａ,8.7,8.85,8.47,8.8,8.7,0.0,0.0,3.2039,3799974,32842378.95,3375492120.0,1031870373.0
2007-10-15,'000055,方  大Ａ,8.7,8.78,8.17,8.2,8.16,0.54,6.6176,6.3607,7544211,64367874.82,3375492120.0,1031870373.0
2007-10-12,'000055,方  大Ａ,8.16,8.38,7.54,8.38,8.38,-0.22,-2.6253,4.3605,5171831,40976238.57,3165978816.0,967823246.4
2007-10-11,'000055,方  大Ａ,8.38,8.62,8.31,8.51,8.57,-0.19,-2.217,2.7693,3284603,27661107.88,3251336088.0,993916520.2
2007-10-10,'000055,方  大Ａ,8.57,8.9,8.54,8.74,8.54,0.03,0.3513,4.8061,5700272,49773699.69,3325053732.0,1016451620.3
2007-10-09,'000055,方  大Ａ,8.54,8.57,8.3,8.45,8.45,0.09,1.0651,2.3488,2785847,23534966.96,3313414104.0,1012893446.6
2007-10-08,'000055,方  大Ａ,8.45,8.74,8.44,8.55,8.39,0.06,0.7151,3.6653,4347285,37334165.82,3278495220.0,1002218925.5
2007-09-28,'000055,方  大Ａ,8.39,8.48,8.33,8.36,8.3,0.09,1.0843,2.7768,3293415,27665401.38,3255215964.0,995102578.1
2007-09-27,'000055,方  大Ａ,8.3,8.37,8.1,8.25,8.25,0.05,0.6061,2.215,2627069,21651885.89,3220297080.0,984428057.0
2007-09-26,'000055,方  大Ａ,8.25,8.59,8.21,8.45,8.48,-0.23,-2.7123,2.451,2906989,24498859.48,3200897700.0,978497767.5
2007-09-25,'000055,方  大Ａ,8.48,8.94,8.38,8.9,8.88,-0.4,-4.5045,3.3545,3978672,34086911.5,3290134848.0,1005777099.2
2007-09-24,'000055,方  大Ａ,8.88,9.03,8.75,8.9,8.78,0.1,1.139,3.9033,4629544,41030301.07,3445329888.0,1053219415.2
2007-09-21,'000055,方  大Ａ,0.0,0.0,0.0,0.0,8.78,None,None,0.0,0,0.0,3406531128.0,1041358836.2
2007-09-20,'000055,方  大Ａ,8.78,8.95,8.72,8.88,8.88,-0.1,-1.1261,3.3379,3958889,34845963.59,3406531128.0,1041358836.2
2007-09-19,'000055,方  大Ａ,8.88,9.08,8.66,8.69,8.71,0.17,1.9518,5.026,5961169,53078507.54,3445329888.0,1053219415.2
2007-09-18,'000055,方  大Ａ,8.71,8.8,8.46,8.72,8.7,0.01,0.1149,3.4988,4149800,35588306.45,3379371996.0,1033056430.9
2007-09-17,'000055,方  大Ａ,8.7,8.96,8.5,8.58,8.41,0.29,3.4483,4.3804,5195430,45551327.81,3375492120.0,1031870373.0
2007-09-14,'000055,方  大Ａ,8.41,8.52,8.26,8.3,8.3,0.11,1.3253,3.4624,4105927,34453622.69,3262975716.0,997308857.11
2007-09-13,'000055,方  大Ａ,8.3,8.35,8.1,8.3,8.28,0.02,0.2415,3.3044,3918564,32305523.05,3220297080.0,984264389.3
2007-09-12,'000055,方  大Ａ,8.28,8.46,8.0,8.08,8.46,-0.18,-2.1277,4.9561,5877224,48236601.59,3212537328.0,981892667.88
2007-09-11,'000055,方  大Ａ,8.46,9.43,8.46,9.4,9.4,-0.94,-10.0,7.4429,8826259,79611776.93,3282375096.0,1003238160.66
2007-09-10,'000055,方  大Ａ,9.4,9.47,8.75,8.97,9.12,0.28,3.0702,13.8953,16477932,151911723.2,3647083440.0,1114709067.4
2007-09-07,'000055,方  大Ａ,9.12,9.14,8.2,8.58,8.68,0.44,5.0691,11.404,13523548,118749523.31,3538446912.0,1081504967.52
2007-09-06,'000055,方  大Ａ,8.68,8.83,8.54,8.64,8.49,0.19,2.2379,5.844,6930193,60340933.99,3367732368.0,1029327096.28
2007-09-05,'000055,方  大Ａ,8.49,8.55,8.25,8.45,8.45,0.04,0.4734,3.2875,3898560,32662667.02,3294014724.0,1006795742.79
2007-09-04,'000055,方  大Ａ,8.45,8.77,8.4,8.71,8.71,-0.26,-2.9851,4.3607,5171180,44038241.36,3278495220.0,1002052299.95
2007-09-03,'000055,方  大Ａ,8.71,8.82,8.45,8.45,8.4,0.31,3.6905,6.7858,8047038,69600099.39,3379371996.0,1032884678.41
2007-08-31,'000055,方  大Ａ,8.4,8.7,8.4,8.4,8.36,0.04,0.4785,5.3778,6377304,54415729.95,3259095840.0,996122996.4
2007-08-30,'000055,方  大Ａ,8.36,8.43,8.05,8.05,8.1,0.26,3.2099,4.1356,4904282,40715122.13,3243576336.0,991379553.56
2007-08-29,'000055,方  大Ａ,8.1,8.37,8.0,8.3,8.46,-0.36,-4.2553,5.0997,6047584,49248538.39,3142699560.0,960547175.1
2007-08-28,'000055,方  大Ａ,8.46,8.72,8.35,8.43,8.31,0.15,1.8051,12.7213,15085689,128659633.07,3282375096.0,1003238160.66
2007-08-27,'000055,方  大Ａ,8.31,8.35,7.88,7.98,7.97,0.34,4.266,6.8541,8127957,66111463.3,3224176956.0,985450250.01
2007-08-24,'000055,方  大Ａ,7.97,8.18,7.89,8.08,8.12,-0.15,-1.8473,4.9196,5833965,46848970.11,3092261172.0,945130985.87
2007-08-23,'000055,方  大Ａ,8.12,8.27,8.04,8.15,8.15,-0.03,-0.3681,4.6165,5474570,44544692.99,3150459312.0,962918896.52
2007-08-22,'000055,方  大Ａ,8.15,8.35,7.82,7.9,8.09,0.06,0.7417,5.2273,6198895,50337867.7,3162098940.0,966476478.65
2007-08-21,'000055,方  大Ａ,8.09,8.18,7.98,8.1,8.12,-0.03,-0.3695,4.3213,5124443,41356167.14,3138819684.0,959361314.39
2007-08-20,'000055,方  大Ａ,8.12,8.25,7.98,8.13,8.0,0.12,1.5,6.964,8258285,66668764.91,3150459312.0,962918896.52
2007-08-17,'000055,方  大Ａ,8.0,8.35,7.93,8.15,8.05,-0.05,-0.6211,11.8136,14009294,114315055.3,3103900800.0,948688568.0
2007-08-16,'000055,方  大Ａ,8.05,8.16,7.56,7.85,7.8,0.25,3.2051,10.1218,12003078,94573330.33,3123300180.0,954617871.55
2007-08-15,'000055,方  大Ａ,7.8,7.9,7.45,7.62,7.62,0.18,2.3622,7.326,8687575,66904857.98,3026303280.0,924971353.8
2007-08-14,'000055,方  大Ａ,7.62,7.7,7.31,7.39,7.38,0.24,3.252,5.3545,6349666,47979729.0,2956465512.0,903625861.02
2007-08-13,'000055,方  大Ａ,7.38,7.5,6.91,7.05,7.12,0.26,3.6517,4.0002,4743680,34231852.63,2863348488.0,875165203.98
2007-08-10,'000055,方  大Ａ,7.12,7.3,6.91,7.3,7.31,-0.19,-2.5992,2.9958,3552659,25202022.9,2762471712.0,844332825.52
2007-08-09,'000055,方  大Ａ,7.31,7.46,7.26,7.32,7.3,0.01,0.137,2.6203,3107340,22818291.58,2836189356.0,866864179.01
2007-08-08,'000055,方  大Ａ,7.3,7.48,7.1,7.48,7.53,-0.23,-3.0544,3.2568,3862091,28093711.4,2832309480.0,865678318.3
2007-08-07,'000055,方  大Ａ,7.53,7.86,7.5,7.65,7.45,0.08,1.0738,5.2016,6168345,47348456.62,2921546628.0,892953114.63
2007-08-06,'000055,方  大Ａ,0.0,0.0,0.0,0.0,7.45,None,None,0.0,0,0.0,2890507620.0,883466228.95
2007-08-03,'000055,方  大Ａ,7.45,7.55,7.22,7.43,7.43,0.02,0.2692,4.0892,4849226,35995163.22,2890507620.0,883466228.95
2007-08-02,'000055,方  大Ａ,7.43,7.48,7.12,7.21,7.18,0.25,3.4819,3.2049,3800609,27836979.4,2882747868.0,881094507.53
2007-08-01,'000055,方  大Ａ,7.18,7.93,7.18,7.83,7.84,-0.66,-8.4184,5.5625,6596356,49758856.33,2785750968.0,851447989.78
2007-07-31,'000055,方  大Ａ,7.84,8.03,7.6,7.68,7.7,0.14,1.8182,5.2617,6239612,48815878.83,3041822784.0,929714796.64
2007-07-30,'000055,方  大Ａ,7.7,7.95,7.66,7.75,7.68,0.02,0.2604,6.4415,7638731,59588071.21,2987504520.0,913112746.7
2007-07-27,'000055,方  大Ａ,7.68,7.72,7.3,7.5,7.49,0.19,2.5367,6.5281,7741406,58311551.42,2979744768.0,910741025.28
2007-07-26,'000055,方  大Ａ,7.49,7.55,7.22,7.4,7.33,0.16,2.1828,5.424,6432158,47540886.74,2906027124.0,888209671.79
2007-07-25,'000055,方  大Ａ,7.33,7.34,7.06,7.09,7.1,0.23,3.2394,4.2848,5081192,36546217.18,2843949108.0,869235900.43
2007-07-24,'000055,方  大Ａ,7.1,7.35,7.03,7.14,7.14,-0.04,-0.5602,5.8957,6991480,50095310.77,2754711960.0,841961104.1
2007-07-23,'000055,方  大Ａ,7.14,7.18,6.8,6.81,6.86,0.28,4.0816,5.1442,6104991,42935080.41,2770231464.0,847349838.72
2007-07-20,'000055,方  大Ａ,6.86,6.95,6.65,6.65,6.65,0.21,3.1579,3.7934,4501925,30781487.24,2661594936.0,814120433.28
2007-07-19,'000055,方  大Ａ,6.65,6.72,6.44,6.54,6.54,0.11,1.682,1.79,2124277,14026725.64,2580117540.0,789198379.2
2007-07-18,'000055,方  大Ａ,6.54,6.74,6.35,6.47,6.48,0.06,0.9259,1.6844,1998970,13111850.55,2537438904.0,776143969.92
2007-07-17,'000055,方  大Ａ,6.48,6.54,6.23,6.25,6.27,0.21,3.3493,1.4487,1719221,11054689.1,2514159648.0,769023383.04
2007-07-16,'000055,方  大Ａ,6.27,6.78,6.26,6.72,6.7,-0.43,-6.4179,2.1676,2572373,16560440.55,2432682252.0,744101328.96
2007-07-13,'000055,方  大Ａ,6.7,6.85,6.58,6.73,6.84,-0.14,-2.0468,1.6525,1961163,13087906.81,2599516920.0,795132201.6
2007-07-12,'000055,方  大Ａ,6.84,6.95,6.58,6.6,6.69,0.15,2.2422,3.5718,4238874,28796812.48,2653835184.0,811746904.32
2007-07-11,'000055,方  大Ａ,6.69,6.76,6.3,6.3,6.45,0.24,3.7209,3.0374,3604644,23868519.76,2595637044.0,793945437.12
2007-07-10,'000055,方  大Ａ,6.45,6.79,6.4,6.67,6.81,-0.36,-5.2863,2.556,3033380,19904373.09,2502520020.0,765463089.6
2007-07-09,'000055,方  大Ａ,6.81,6.92,6.55,6.65,6.64,0.17,2.5602,3.8506,4569711,30829681.99,2642195556.0,808186610.88
2007-07-06,'000055,方  大Ａ,6.64,6.64,6.05,6.05,6.15,0.49,7.9675,3.291,3905607,24996848.3,2576237664.0,788011614.72
2007-07-05,'000055,方  大Ａ,6.15,6.53,6.11,6.42,6.64,-0.49,-7.3795,2.4675,2928371,18596947.92,2386123740.0,729860155.2
2007-07-04,'000055,方  大Ａ,6.64,6.78,6.4,6.75,6.76,-0.12,-1.7751,2.2074,2619701,17233041.15,2576237664.0,788011614.72
2007-07-03,'000055,方  大Ａ,6.76,6.83,6.48,6.71,6.68,0.08,1.1976,2.7518,3265778,21778983.28,2622796176.0,802252788.48
2007-07-02,'000055,方  大Ａ,6.68,6.72,6.35,6.35,6.36,0.32,5.0314,3.0423,3610442,23614262.65,2591757168.0,792758672.64
2007-06-29,'000055,方  大Ａ,6.36,6.69,6.1,6.48,6.65,-0.29,-4.3609,4.0288,4781179,30693297.11,2467601136.0,754782209.28
2007-06-28,'000055,方  大Ａ,6.65,7.57,6.65,7.35,7.37,-0.72,-9.7693,3.9576,4696681,33869411.33,2580117540.0,789198379.2
2007-06-27,'000055,方  大Ａ,7.37,7.53,7.11,7.3,7.42,-0.05,-0.6739,4.4369,5265604,38476641.23,2859468612.0,874645421.76
2007-06-26,'000055,方  大Ａ,7.42,7.5,6.69,6.94,7.13,0.29,4.0673,4.8575,5764738,40661259.86,2878867992.0,880579244.16
2007-06-25,'000055,方  大Ａ,7.13,8.1,7.13,7.83,7.92,-0.79,-9.9747,5.2279,6204315,46191532.35,2766351588.0,846163074.24
2007-06-22,'000055,方  大Ａ,7.92,8.83,7.92,8.7,8.8,-0.88,-10.0,7.2905,8652151,71166958.53,3072861792.0,939917468.16
2007-06-21,'000055,方  大Ａ,8.8,9.2,8.5,8.75,8.99,-0.19,-2.1135,6.5508,7774262,68523026.04,3414290880.0,1044352742.4
2007-06-20,'000055,方  大Ａ,8.99,9.63,8.8,9.29,9.16,-0.17,-1.8559,23.3877,27755655,259688328.92,3488008524.0,1066901267.52
2007-06-19,'000055,方  大Ａ,9.16,9.16,8.28,8.31,8.33,0.83,9.964,16.6917,19809107,176298659.96,3553966416.0,1087076263.68
2007-06-18,'000055,方  大Ａ,8.33,8.5,8.26,8.26,8.14,0.19,2.3342,5.1247,6081781,50751095.84,3231936708.0,988574811.84
2007-06-15,'000055,方  大Ａ,8.14,8.45,8.0,8.08,8.24,-0.1,-1.2136,4.7346,5618822,46157566.19,3158219064.0,966026286.72
2007-06-14,'000055,方  大Ａ,8.24,8.75,8.2,8.75,8.72,-0.48,-5.5046,7.0391,8353776,70834584.17,3197017824.0,977893931.52
2007-06-13,'000055,方  大Ａ,8.72,8.9,8.33,8.5,8.44,0.28,3.3175,9.3376,11081548,95854722.01,3383251872.0,1034858626.56
2007-06-12,'000055,方  大Ａ,8.44,8.81,7.9,8.71,8.69,-0.25,-2.8769,8.6155,10224598,85585387.99,3274615344.0,1001629221.12
2007-06-11,'000055,方  大Ａ,8.69,8.89,8.6,8.88,8.64,0.05,0.5787,15.101,17921312,156120686.4,3371612244.0,1031298333.12
2007-06-08,'000055,方  大Ａ,8.64,8.75,7.94,7.99,7.98,0.66,8.2707,11.6325,13804992,114601681.51,3352212864.0,1025364510.72
2007-06-07,'000055,方  大Ａ,7.98,8.05,7.55,7.7,7.68,0.3,3.9063,7.2278,8577743,66943696.32,3096141048.0,947038055.04
2007-06-06,'000055,方  大Ａ,7.68,8.04,7.47,7.6,7.78,-0.1,-1.2853,7.0845,8407633,65414965.64,2979744768.0,911435120.64
2007-06-05,'000055,方  大Ａ,7.78,7.84,6.5,7.18,7.18,0.6,8.3565,9.2506,10978294,80013163.63,3018543528.0,923302765.44
2007-06-04,'000055,方  大Ａ,7.18,7.98,7.18,7.62,7.98,-0.8,-10.0251,8.3362,9893065,73456995.23,2785750968.0,852096896.64
2007-06-01,'000055,方  大Ａ,7.98,9.24,7.98,8.9,8.87,-0.89,-10.0338,6.6127,7847674,65429300.62,3096141048.0,947038055.04
2007-05-31,'000055,方  大Ａ,8.87,9.7,8.87,9.38,9.85,-0.98,-9.9492,8.0066,9502004,85304269.73,3441450012.0,1052660093.76
2007-05-30,'000055,方  大Ａ,9.85,10.79,9.85,10.2,10.94,-1.09,-9.9634,7.2466,8599984,87632746.78,3821677860.0,1168963012.8
2007-05-29,'000055,方  大Ａ,10.94,11.29,10.69,11.2,11.18,-0.24,-2.1467,9.3735,11124132,121786543.63,4244584344.0,1298320341.12
2007-05-28,'000055,方  大Ａ,11.18,11.28,11.0,11.25,11.17,0.01,0.0895,10.4218,12368229,137508137.44,4337701368.0,1326802688.64
2007-05-25,'000055,方  大Ａ,11.17,11.3,10.76,10.76,10.65,0.52,4.8826,14.8716,17649105,196658495.08,4333821492.0,1325615924.16
2007-05-24,'000055,方  大Ａ,10.65,10.98,10.18,10.85,10.85,-0.2,-1.8433,9.0418,10730524,113545690.83,4132067940.0,1263904171.2
2007-05-23,'000055,方  大Ａ,10.85,10.95,10.56,10.78,10.88,-0.03,-0.2757,10.1945,12098446,130052839.5,4209665460.0,1287639460.8
2007-05-22,'000055,方  大Ａ,10.88,10.9,10.14,10.15,10.13,0.75,7.4038,13.832,16415299,172270001.25,4221305088.0,1291199754.24
2007-05-21,'000055,方  大Ａ,10.13,10.3,9.64,9.8,9.99,0.14,1.4014,9.4168,11175516,112762908.22,3930314388.0,1202192418.24
2007-05-18,'000055,方  大Ａ,9.99,10.09,9.8,9.91,9.89,0.1,1.0111,6.6734,7919799,78875254.24,3875996124.0,1185577715.52
2007-05-17,'000055,方  大Ａ,9.89,9.9,9.58,9.78,9.64,0.25,2.5934,6.3933,7587338,74154018.19,3837197364.0,1173710070.72
2007-05-16,'000055,方  大Ａ,9.64,9.8,9.19,9.56,9.61,0.03,0.3122,4.417,5241889,49720095.96,3740200464.0,1144040958.72
2007-05-15,'000055,方  大Ａ,9.61,10.5,9.57,10.5,10.23,-0.62,-6.0606,7.6806,9115081,90384819.18,3562319444.88,1140480665.28
2007-05-14,'000055,方  大Ａ,10.23,10.58,10.04,10.04,10.04,0.19,1.8924,4.7059,5584849,57801215.83,3792146505.84,1214060063.04
2007-05-11,'000055,方  大Ａ,10.04,10.21,9.91,10.18,10.18,-0.14,-1.3752,4.8664,5775240,58099235.2,3721715632.32,1191511537.92
2007-05-10,'000055,方  大Ａ,11.2,11.38,10.96,11.29,11.12,0.08,0.7194,8.8777,9570970,107260426.9,3950419200.0,1207459736.0
2007-05-09,'000055,方  大Ａ,11.12,11.48,10.38,11.36,10.95,0.17,1.5525,12.6425,13629750,150370666.5,3922201920.0,1198835023.6
2007-05-08,'000055,方  大Ａ,10.95,10.95,10.0,10.2,9.95,1.0,10.0503,10.0199,10802342,115097261.52,3862240200.0,1180507509.75
2007-04-30,'000055,方  大Ａ,9.95,10.11,9.73,9.74,9.74,0.21,2.1561,6.1532,6633673,66105852.94,3509524200.0,1072698604.75
2007-04-27,'000055,方  大Ａ,9.74,10.03,9.55,10.0,10.04,-0.3,-2.988,3.6658,3952104,38650504.34,3435453840.0,1050058734.7
2007-04-26,'000055,方  大Ａ,10.04,10.24,9.91,9.91,10.03,0.01,0.0997,4.177,4503227,45470693.8,3541268640.0,1082401406.2
2007-04-25,'000055,方  大Ａ,10.03,10.1,9.3,9.86,9.9,0.13,1.3131,6.5878,7102229,70301787.5,3537741480.0,1081323317.15
2007-04-24,'000055,方  大Ａ,9.9,10.26,9.83,10.11,9.73,0.17,1.7472,19.6254,13874416,139432368.86,3491888400.0,699891192.0
2007-04-23,'000055,方  大Ａ,9.73,9.86,9.03,9.1,9.1,0.63,6.9231,13.8378,9782789,92147530.8,3431926680.0,687872858.4
2007-04-20,'000055,方  大Ａ,9.1,9.12,8.65,8.75,8.69,0.41,4.7181,8.1163,5737904,51208979.87,3209715600.0,643334328.0
2007-04-19,'000055,方  大Ａ,8.69,9.21,8.33,9.2,9.25,-0.56,-6.0541,9.1263,6451927,56476256.47,3065102040.0,614348935.2
2007-04-18,'000055,方  大Ａ,9.25,9.45,8.9,9.1,9.08,0.17,1.8722,8.4049,5941945,54603884.8,3262623000.0,653938740.0
2007-04-17,'000055,方  大Ａ,9.08,9.09,8.6,8.84,8.84,0.24,2.7149,7.9223,5600761,49886797.56,3202661280.0,641920406.4
2007-04-16,'000055,方  大Ａ,8.84,8.89,8.62,8.65,8.66,0.18,2.0785,6.1871,4374072,38367699.61,3118009440.0,624953347.2
2007-04-13,'000055,方  大Ａ,8.66,8.91,8.61,8.7,8.7,-0.04,-0.4598,10.5296,7444034,65322871.72,3054520560.0,612228052.8
2007-04-12,'000055,方  大Ａ,8.7,8.75,8.29,8.41,8.41,0.29,3.4483,7.8269,5533309,47219721.13,3068629200.0,615055896.0
2007-04-11,'000055,方  大Ａ,8.41,8.5,8.25,8.47,8.47,-0.06,-0.7084,4.9568,3504274,29259678.59,2966341560.0,594554032.8
2007-04-10,'000055,方  大Ａ,8.47,8.82,8.24,8.82,8.58,-0.11,-1.2821,7.335,5185562,44043268.35,2987504520.0,598795797.6
2007-04-09,'000055,方  大Ａ,0.0,0.0,0.0,0.0,8.58,None,None,0.0,0,0.0,3026303280.0,606572366.4
2007-04-06,'000055,方  大Ａ,8.58,8.67,8.3,8.36,8.47,0.11,1.2987,8.0971,5724310,48943201.4,3026303280.0,606572366.4
2007-04-05,'000055,方  大Ａ,8.47,8.48,8.21,8.29,8.29,0.18,2.1713,6.077,4296182,36002671.24,2987504520.0,598795797.6
2007-04-04,'000055,方  大Ａ,8.29,8.35,8.04,8.1,8.12,0.17,2.0936,5.4643,3863064,31736218.43,2924015640.0,586070503.2
2007-04-03,'000055,方  大Ａ,8.12,8.19,8.0,8.07,8.07,0.05,0.6196,3.1382,2218587,17972077.6,2864053920.0,574052169.6
2007-04-02,'000055,方  大Ａ,8.07,8.11,7.94,7.94,7.94,0.13,1.6373,3.1394,2219401,17846717.46,2846418120.0,570517365.6
2007-03-30,'000055,方  大Ａ,7.94,8.03,7.75,7.75,7.75,0.19,2.4516,4.0062,2832210,22487152.69,2800565040.0,561326875.2
2007-03-29,'000055,方  大Ａ,7.75,8.4,7.6,8.28,8.35,-0.6,-7.1856,7.2428,5120385,41471048.58,2733549000.0,547894620.0
2007-03-28,'000055,方  大Ａ,8.35,8.87,7.91,8.58,8.56,-0.21,-2.4533,10.7258,7582706,63868545.37,2945178600.0,590312268.0
2007-03-27,'000055,方  大Ａ,8.56,8.63,8.16,8.3,8.26,0.3,3.632,9.5339,6740124,56409839.4,3019248960.0,605158444.8
2007-03-26,'000055,方  大Ａ,8.26,8.29,8.03,8.11,8.11,0.15,1.8496,6.517,4607239,37695150.99,2913434160.0,583949620.8
2007-03-23,'000055,方  大Ａ,8.11,8.24,7.86,8.2,8.27,-0.16,-1.9347,7.9741,5637362,45375177.27,2860526760.0,573345208.8
2007-03-22,'000055,方  大Ａ,8.27,8.59,8.21,8.5,8.4,-0.13,-1.5476,12.0645,8529140,71166238.54,2916961320.0,584656581.6
2007-03-21,'000055,方  大Ａ,8.4,8.4,7.91,7.98,8.0,0.4,5.0,11.6356,8225911,67453305.61,2962814400.0,593847072.0
2007-03-20,'000055,方  大Ａ,8.0,8.22,7.84,8.21,8.21,-0.21,-2.5579,10.2548,7249721,57712504.79,2821728000.0,565568640.0
2007-03-19,'000055,方  大Ａ,8.21,8.43,7.5,7.65,7.98,0.23,2.8822,13.6341,9638762,78221090.58,2895798360.0,580414816.8
2007-03-16,'000055,方  大Ａ,7.98,8.09,7.38,7.5,7.5,0.48,6.4,12.5181,8849796,68040141.95,2814673680.0,564154718.4
2007-03-15,'000055,方  大Ａ,7.5,7.57,7.25,7.28,7.28,0.22,3.022,6.7301,4757927,35523390.41,2645370000.0,530220600.0
2007-03-14,'000055,方  大Ａ,7.28,7.45,7.01,7.45,7.51,-0.23,-3.0626,5.4088,3823821,27771592.66,2567772480.0,514667462.4
2007-03-13,'000055,方  大Ａ,7.51,7.64,7.3,7.5,7.52,-0.01,-0.133,5.0464,3567594,26669229.13,2648897160.0,530927560.8
2007-03-12,'000055,方  大Ａ,7.52,7.55,7.18,7.25,7.25,0.27,3.7241,5.4672,3865089,28545778.26,2652424320.0,531634521.6
2007-03-09,'000055,方  大Ａ,7.25,7.39,7.11,7.35,7.35,-0.1,-1.3605,3.9097,2764014,20089132.64,2557191000.0,512546580.0
2007-03-08,'000055,方  大Ａ,7.35,7.37,7.07,7.2,7.19,0.16,2.2253,5.1827,3663997,26467460.39,2592462600.0,519616188.0
2007-03-07,'000055,方  大Ａ,7.19,7.23,7.05,7.11,7.09,0.1,1.4104,3.746,2648241,18964280.62,2536028040.0,508304815.2
2007-03-06,'000055,方  大Ａ,7.09,7.15,6.88,7.08,7.09,0.0,0.0,3.1202,2205882,15556818.52,2500756440.0,501235207.2
2007-03-05,'000055,方  大Ａ,7.09,7.25,6.81,6.99,6.98,0.11,1.5759,5.1204,3619921,25501964.63,2500756440.0,501235207.2
2007-03-02,'000055,方  大Ａ,6.98,7.11,6.81,6.82,6.84,0.14,2.0468,4.1322,2921324,20430520.85,2461957680.0,493458638.4
2007-03-01,'000055,方  大Ａ,6.84,7.12,6.72,7.1,7.19,-0.35,-4.8679,5.5029,3890367,26832648.58,2412577440.0,483561187.2
2007-02-28,'000055,方  大Ａ,7.19,7.29,6.62,6.7,6.93,0.26,3.7518,6.7804,4793490,33258829.86,2536028040.0,508304815.2
2007-02-27,'000055,方  大Ａ,6.93,7.8,6.93,7.72,7.7,-0.77,-10.0,8.4994,6008735,44407754.26,2444321880.0,489923834.4
2007-02-26,'000055,方  大Ａ,7.7,7.75,7.26,7.5,7.46,0.24,3.2172,7.6583,5414117,40805877.43,2715913200.0,544359816.0
2007-02-16,'000055,方  大Ａ,7.46,7.98,7.34,7.37,7.31,0.15,2.052,11.043,7806973,59997303.94,2631261360.0,527392756.8
2007-02-15,'000055,方  大Ａ,7.31,7.57,7.24,7.57,7.14,0.17,2.381,18.2674,12914359,95360575.53,2578353960.0,516788344.8
2007-02-14,'000055,方  大Ａ,7.14,7.14,7.14,7.14,6.49,0.65,10.0154,6.4771,4579043,32694367.02,2518392240.0,504770011.2
2007-02-13,'000055,方  大Ａ,6.49,6.57,6.39,6.4,6.43,0.06,0.9331,4.1606,2941410,19027788.03,2289126840.0,458817559.2
2007-02-12,'000055,方  大Ａ,6.43,6.55,6.18,6.18,6.18,0.25,4.0453,6.0739,4294031,27493299.79,2267963880.0,454575794.4
2007-02-09,'000055,方  大Ａ,6.18,6.28,6.03,6.28,6.27,-0.09,-1.4354,4.842,3423072,20977697.03,2179784880.0,436901774.4
2007-02-08,'000055,方  大Ａ,6.27,6.37,6.23,6.3,6.28,-0.01,-0.1592,3.3502,2368491,14918682.33,2211529320.0,443264421.6
2007-02-07,'000055,方  大Ａ,6.28,6.3,6.1,6.25,6.19,0.09,1.454,3.8501,2721877,16906019.0,2215056480.0,443971382.4
2007-02-06,'000055,方  大Ａ,6.19,6.29,5.99,6.14,6.08,0.11,1.8092,3.7032,2618009,16164460.02,2183312040.0,437608735.2
2007-02-05,'000055,方  大Ａ,6.08,6.15,5.78,5.8,5.82,0.26,4.4674,4.2726,3020594,18245631.53,2144513280.0,429832166.4
2007-02-02,'000055,方  大Ａ,5.82,6.1,5.81,5.92,5.87,-0.05,-0.8518,4.2152,2980010,17814036.44,2052807120.0,411451185.6
2007-02-01,'000055,方  大Ａ,5.87,5.95,5.66,5.71,5.81,0.06,1.0327,5.0112,3542741,20609576.39,2070442920.0,414985989.6
2007-01-31,'000055,方  大Ａ,5.81,6.29,5.8,6.25,6.29,-0.48,-7.6312,6.0935,4307889,26197075.63,2049279960.0,410744224.8
2007-01-30,'000055,方  大Ａ,6.29,6.47,6.22,6.4,6.41,-0.12,-1.8721,8.1227,5742417,36436678.11,2218583640.0,444678343.2
2007-01-29,'000055,方  大Ａ,6.41,6.55,6.05,6.05,6.05,0.36,5.9504,10.1886,7202910,45682164.6,2260909560.0,453161872.8
2007-01-26,'000055,方  大Ａ,6.05,6.1,5.67,5.9,5.96,0.09,1.5101,6.8208,4822041,28429958.47,2133931800.0,427711284.0
2007-01-25,'000055,方  大Ａ,5.96,6.3,5.89,6.3,6.35,-0.39,-6.1417,6.7191,4750148,29148722.41,2102187360.0,421348636.8
2007-01-24,'000055,方  大Ａ,6.35,6.36,6.0,6.04,6.05,0.3,4.9587,9.3596,6616838,41188487.02,2239746600.0,448920108.0
2007-01-23,'000055,方  大Ａ,6.05,6.11,5.79,6.11,6.09,-0.04,-0.6568,6.6516,4702432,28029430.57,2133931800.0,427711284.0
2007-01-22,'000055,方  大Ａ,6.09,6.09,5.87,6.0,5.88,0.21,3.5714,8.2293,5817760,34727664.02,2148040440.0,430539127.2
2007-01-19,'000055,方  大Ａ,5.88,5.89,5.65,5.79,5.74,0.14,2.439,8.2611,5840289,33768123.49,2073970080.0,415692950.4
2007-01-18,'000055,方  大Ａ,5.74,5.77,5.3,5.34,5.37,0.37,6.8901,8.5851,6069337,33968627.55,2024589840.0,405795499.2
2007-01-17,'000055,方  大Ａ,5.37,5.6,5.26,5.51,5.56,-0.19,-3.4173,4.6116,3260188,17845729.4,1894084920.0,379637949.6
2007-01-16,'000055,方  大Ａ,5.56,5.63,5.43,5.51,5.47,0.09,1.6453,5.1821,3663572,20226162.02,1961100960.0,393070204.8
2007-01-15,'000055,方  大Ａ,5.47,5.52,5.17,5.19,5.23,0.24,4.5889,3.657,2585346,13926144.47,1929356520.0,386707557.6
2007-01-12,'000055,方  大Ａ,5.23,5.58,5.21,5.45,5.45,-0.22,-4.0367,4.7321,3345427,17993581.76,1844704680.0,369740498.4
2007-01-11,'000055,方  大Ａ,5.45,5.78,5.31,5.35,5.35,0.1,1.8692,8.4499,5973724,33101244.07,1922302200.0,385293636.0
2007-01-10,'000055,方  大Ａ,5.35,5.45,5.2,5.4,5.27,0.08,1.518,4.9989,3534026,18803235.76,1887030600.0,378224028.0
2007-01-09,'000055,方  大Ａ,5.27,5.35,5.15,5.25,5.05,0.22,4.3564,7.0222,4964392,26051293.66,1858813320.0,372568341.6
2007-01-08,'000055,方  大Ａ,0.0,0.0,0.0,0.0,5.05,None,None,0.0,0,0.0,1781215800.0,357015204.0
2007-01-05,'000055,方  大Ａ,5.05,5.07,4.83,4.83,5.0,0.05,1.0,3.8712,2736763,13468953.54,1781215800.0,357015204.0
2007-01-04,'000055,方  大Ａ,5.0,5.29,4.98,5.19,4.81,0.19,3.9501,8.0473,5689130,29593261.1,1763580000.0,353480400.0
2006-12-29,'000055,方  大Ａ,4.81,4.83,4.73,4.73,4.76,0.05,1.0504,1.6843,1190731,5707509.63,1696563960.0,340048144.8
2006-12-28,'000055,方  大Ａ,4.76,4.93,4.75,4.9,4.9,-0.14,-2.8571,1.9257,1361363,6562985.14,1678928160.0,336513340.8
2006-12-27,'000055,方  大Ａ,4.9,4.95,4.85,4.86,4.9,0.0,0.0,1.553,1097899,5361437.19,1728308400.0,346410792.0
2006-12-26,'000055,方  大Ａ,4.9,5.05,4.86,5.05,5.04,-0.14,-2.7778,1.691,1195455,5896755.97,1728308400.0,346410792.0
2006-12-25,'000055,方  大Ａ,5.04,5.12,5.01,5.04,5.05,-0.01,-0.198,1.9935,1409339,7133556.72,1777688640.0,356308243.2
2006-12-22,'000055,方  大Ａ,5.05,5.15,4.99,5.07,5.14,-0.09,-1.751,2.9182,2063057,10420583.32,1781215800.0,357015204.0
2006-12-21,'000055,方  大Ａ,5.14,5.4,5.13,5.21,5.13,0.01,0.1949,9.4961,6713387,35409724.69,1812960240.0,363377851.2
2006-12-20,'000055,方  大Ａ,5.13,5.14,4.87,4.95,4.97,0.16,3.2193,5.3871,3808481,19219959.34,1809433080.0,362670890.4
2006-12-19,'000055,方  大Ａ,4.97,4.97,4.76,4.92,4.92,0.05,1.0163,2.4536,1734597,8416388.03,1752998520.0,351359517.6
2006-12-18,'000055,方  大Ａ,4.92,5.0,4.89,4.95,4.95,-0.03,-0.6061,2.1999,1555222,7677554.91,1735362720.0,347824713.6
2006-12-15,'000055,方  大Ａ,4.95,4.95,4.81,4.84,4.84,0.11,2.2727,2.0616,1457440,7131915.25,1745944200.0,349945596.0
2006-12-14,'000055,方  大Ａ,4.84,4.87,4.73,4.76,4.77,0.07,1.4675,1.6776,1186004,5696771.22,1707145440.0,342169027.2
2006-12-13,'000055,方  大Ａ,4.77,4.87,4.75,4.86,4.83,-0.06,-1.2422,1.1282,797563,3816261.31,1682455320.0,337220301.6
2006-12-12,'000055,方  大Ａ,4.83,4.85,4.75,4.8,4.82,0.01,0.2075,1.5539,1098515,5267299.14,1703618280.0,341462066.4
2006-12-11,'000055,方  大Ａ,4.82,4.87,4.68,4.68,4.72,0.1,2.1186,1.1802,834342,3988574.82,1700091120.0,340755105.6
2006-12-08,'000055,方  大Ａ,4.72,4.94,4.71,4.89,4.93,-0.21,-4.2596,1.9125,1352029,6532227.19,1664819520.0,333685497.6
2006-12-07,'000055,方  大Ａ,4.93,5.12,4.9,4.9,4.94,-0.01,-0.2024,2.6314,1860291,9316912.72,1738889880.0,348531674.4
2006-12-06,'000055,方  大Ａ,4.94,5.16,4.85,5.16,5.15,-0.21,-4.0777,3.1441,2222774,11096851.22,1742417040.0,349238635.2
2006-12-05,'000055,方  大Ａ,5.15,5.15,4.97,5.04,5.01,0.14,2.7944,4.8323,3416235,17286042.99,1816487400.0,364084812.0
2006-12-04,'000055,方  大Ａ,5.01,5.02,4.83,4.89,4.89,0.12,2.454,3.0779,2175942,10736731.56,1767107160.0,354187360.8
2006-12-01,'000055,方  大Ａ,4.89,5.02,4.87,4.96,4.97,-0.08,-1.6097,2.189,1547524,7641523.91,1724781240.0,345703831.2
2006-11-30,'000055,方  大Ａ,4.97,5.0,4.87,4.9,4.89,0.08,1.636,2.3096,1632780,8074647.15,1752998520.0,351359517.6
2006-11-29,'000055,方  大Ａ,4.89,4.93,4.8,4.88,4.93,-0.04,-0.8114,1.5943,1127118,5484021.49,1724781240.0,345703831.2
2006-11-28,'000055,方  大Ａ,4.93,5.03,4.89,5.03,4.98,-0.05,-1.004,1.2824,906580,4471213.41,1738889880.0,348531674.4
2006-11-27,'000055,方  大Ａ,4.98,4.98,4.86,4.9,4.9,0.08,1.6327,1.4051,993368,4880545.82,1756525680.0,352066478.4
2006-11-24,'000055,方  大Ａ,4.9,4.96,4.78,4.78,4.79,0.11,2.2965,2.0827,1472375,7200340.06,1728308400.0,346410792.0
2006-11-23,'000055,方  大Ａ,4.79,4.83,4.72,4.8,4.8,-0.01,-0.2083,1.0691,755829,3605218.1,1689509640.0,338634223.2
2006-11-22,'000055,方  大Ａ,4.8,4.83,4.62,4.7,4.72,0.08,1.6949,2.3042,1628994,7717615.98,1693036800.0,339341184.0
2006-11-21,'000055,方  大Ａ,4.72,4.72,4.54,4.71,4.74,-0.02,-0.4219,1.8256,1290615,5966884.55,1664819520.0,333685497.6
2006-11-20,'000055,方  大Ａ,4.74,4.8,4.69,4.76,4.81,-0.07,-1.4553,1.6995,1201505,5693593.83,1671873840.0,335099419.2
2006-11-17,'000055,方  大Ａ,4.81,4.86,4.73,4.73,4.77,0.04,0.8386,0.7478,528668,2538024.59,1696563960.0,340048144.8
2006-11-16,'000055,方  大Ａ,4.77,4.95,4.74,4.92,4.94,-0.17,-3.4413,1.2561,887986,4287808.72,1682455320.0,337220301.6
2006-11-15,'000055,方  大Ａ,4.94,5.0,4.85,4.85,4.87,0.07,1.4374,1.3805,975963,4816463.96,1742417040.0,349238635.2
2006-11-14,'000055,方  大Ａ,4.87,4.88,4.73,4.81,4.81,0.06,1.2474,0.9533,673937,3245766.1,1717726920.0,344289909.6
2006-11-13,'000055,方  大Ａ,4.81,4.97,4.72,4.81,4.96,-0.15,-3.0242,1.2663,895222,4322634.89,1696563960.0,340048144.8
2006-11-10,'000055,方  大Ａ,4.96,5.1,4.81,5.1,5.1,-0.14,-2.7451,2.486,1757507,8689185.45,1749471360.0,350652556.8
2006-11-09,'000055,方  大Ａ,5.1,5.14,5.04,5.05,5.05,0.05,0.9901,1.3394,946919,4826763.42,1798851600.0,360550008.0
2006-11-08,'000055,方  大Ａ,5.05,5.08,4.96,5.08,5.08,-0.03,-0.5906,1.4785,1045262,5238886.31,1781215800.0,357015204.0
2006-11-07,'000055,方  大Ａ,5.08,5.19,5.02,5.17,5.17,-0.09,-1.7408,2.2983,1624777,8280394.26,1791797280.0,359136086.4
2006-11-06,'000055,方  大Ａ,5.17,5.29,5.14,5.23,5.25,-0.08,-1.5238,1.7227,1217916,6329152.56,1823541720.0,365498733.6
2006-11-03,'000055,方  大Ａ,5.25,5.3,5.22,5.25,5.26,-0.01,-0.1901,1.3232,935417,4921333.8,1851759000.0,371154420.0
2006-11-02,'000055,方  大Ａ,5.26,5.36,5.21,5.33,5.32,-0.06,-1.1278,1.4899,1053285,5549873.59,1855286160.0,371861380.8
2006-11-01,'000055,方  大Ａ,5.32,5.41,5.28,5.4,5.41,-0.09,-1.6636,1.5977,1129536,5997295.42,1876449120.0,376103145.6
2006-10-31,'000055,方  大Ａ,5.41,5.46,5.26,5.46,5.46,-0.05,-0.9158,2.6049,1841574,9805863.21,1908193560.0,382465792.8
2006-10-30,'000055,方  大Ａ,5.46,5.61,5.35,5.36,5.33,0.13,2.439,6.6389,4693425,25740966.02,1925829360.0,386000596.8
2006-10-27,'000055,方  大Ａ,5.33,5.43,5.19,5.38,5.37,-0.04,-0.7449,4.3838,3099143,16482307.42,1879976280.0,376810106.4
2006-10-26,'000055,方  大Ａ,5.37,5.37,5.25,5.29,5.28,0.09,1.7045,3.066,2167509,11567242.48,1894084920.0,379637949.6
2006-10-25,'000055,方  大Ａ,5.28,5.36,5.22,5.32,5.32,-0.04,-0.7519,1.987,1404755,7414138.59,1862340480.0,373275302.4
2006-10-24,'000055,方  大Ａ,5.32,5.36,5.18,5.18,5.18,0.14,2.7027,2.7177,1921292,10118437.88,1876449120.0,376103145.6
2006-10-23,'000055,方  大Ａ,5.18,5.54,5.13,5.5,5.62,-0.44,-7.8292,4.9065,3468722,18450577.49,1827068880.0,366205694.4
2006-10-20,'000055,方  大Ａ,5.62,5.75,5.56,5.75,5.71,-0.09,-1.5762,2.106,1488865,8396572.37,1982263920.0,397311969.6
2006-10-19,'000055,方  大Ａ,5.71,5.73,5.61,5.61,5.59,0.12,2.1467,3.9168,2769015,15767804.02,2014008360.0,403674616.8
2006-10-18,'000055,方  大Ａ,5.59,5.62,5.52,5.6,5.6,-0.01,-0.1786,1.3851,979222,5466109.71,1971682440.0,395191087.2
2006-10-17,'000055,方  大Ａ,5.6,5.68,5.5,5.54,5.54,0.06,1.083,2.5135,1776965,9957900.82,1975209600.0,395898048.0
2006-10-16,'000055,方  大Ａ,5.54,5.56,5.46,5.48,5.51,0.03,0.5445,1.6014,1132140,6232087.05,1954046640.0,391656283.2
2006-10-13,'000055,方  大Ａ,5.51,5.54,5.42,5.48,5.48,0.03,0.5474,1.3559,958533,5263831.8,1943465160.0,389535400.8
2006-10-12,'000055,方  大Ａ,5.48,5.65,5.47,5.62,5.65,-0.17,-3.0088,2.5317,1789791,9900756.08,1932883680.0,387414518.4
2006-10-11,'000055,方  大Ａ,5.65,5.71,5.57,5.63,5.65,0.0,0.0,2.2138,1565098,8801340.89,1992845400.0,399432852.0
2006-10-10,'000055,方  大Ａ,5.65,5.76,5.6,5.75,5.75,-0.1,-1.7391,2.7687,1957334,11109489.08,1992845400.0,399432852.0
2006-10-09,'000055,方  大Ａ,5.75,5.78,5.63,5.69,5.65,0.1,1.7699,3.3215,2348187,13396451.98,2028117000.0,406502460.0
2006-09-29,'000055,G 方大Ａ,5.65,5.74,5.63,5.74,5.7,-0.05,-0.8772,2.7759,1962425,11132558.91,1992845400.0,399432852.0
2006-09-28,'000055,G 方大Ａ,5.7,5.71,5.54,5.61,5.6,0.1,1.7857,4.4847,3170515,17922758.17,2010481200.0,402967656.0
2006-09-27,'000055,G 方大Ａ,5.6,5.66,5.5,5.57,5.58,0.02,0.3584,2.5495,1802390,10066400.18,1975209600.0,395898048.0
2006-09-26,'000055,G 方大Ａ,5.58,5.67,5.38,5.5,5.4,0.18,3.3333,4.8239,3410310,19005345.54,1968155280.0,394484126.4
2006-09-25,'000055,G 方大Ａ,5.4,5.54,5.31,5.4,5.4,0.0,0.0,2.0106,1421446,7681047.26,1904666400.0,381758832.0
2006-09-22,'000055,G 方大Ａ,5.4,5.6,5.37,5.6,5.65,-0.25,-4.4248,3.2717,2312948,12655311.98,1904666400.0,381758832.0
2006-09-21,'000055,G 方大Ａ,5.65,5.71,5.57,5.62,5.64,0.01,0.1773,2.9569,2090433,11782935.07,1992845400.0,399432852.0
2006-09-20,'000055,G 方大Ａ,5.64,5.7,5.47,5.5,5.55,0.09,1.6216,3.3712,2383326,13339727.32,1989318240.0,398725891.2
2006-09-19,'000055,G 方大Ａ,5.55,5.63,5.52,5.58,5.58,-0.03,-0.5376,2.3076,1631364,9093506.54,1957573800.0,392363244.0
2006-09-18,'000055,G 方大Ａ,5.58,5.63,5.4,5.45,5.42,0.16,2.952,3.0289,2141305,11826499.62,1968155280.0,394484126.4
2006-09-15,'000055,G 方大Ａ,5.42,5.48,5.31,5.32,5.31,0.11,2.0716,2.1216,1499879,8087379.38,1911720720.0,383172753.6
2006-09-14,'000055,G 方大Ａ,5.31,5.43,5.25,5.4,5.4,-0.09,-1.6667,2.5749,1820372,9690564.06,1872921960.0,375396184.8
2006-09-13,'000055,G 方大Ａ,5.4,5.56,5.38,5.48,5.52,-0.12,-2.1739,1.7536,1239724,6803566.31,1904666400.0,381758832.0
2006-09-12,'000055,G 方大Ａ,5.52,5.56,5.41,5.51,5.52,0.0,0.0,2.1532,1522225,8372175.62,1946992320.0,390242361.6
2006-09-11,'000055,G 方大Ａ,5.52,5.55,5.3,5.45,5.47,0.05,0.9141,2.4227,1712761,9309107.03,1946992320.0,390242361.6
2006-09-08,'000055,G 方大Ａ,5.47,5.55,5.42,5.47,5.47,0.0,0.0,1.8791,1328420,7296864.08,1929356520.0,386707557.6
2006-09-07,'000055,G 方大Ａ,5.47,5.71,5.46,5.67,5.71,-0.24,-4.2032,3.6562,2584797,14306383.48,1929356520.0,386707557.6
2006-09-06,'000055,G 方大Ａ,5.71,5.82,5.6,5.69,5.7,0.01,0.1754,4.1487,2932990,16795721.74,2014008360.0,403674616.8
2006-09-05,'000055,G 方大Ａ,5.7,5.86,5.65,5.72,5.77,-0.07,-1.2132,4.8944,3460170,19879001.17,2010481200.0,402967656.0
2006-09-04,'000055,G 方大Ａ,5.77,5.78,5.48,5.6,5.71,0.06,1.0508,8.3068,5872593,33123267.96,2035171320.0,407916381.6
2006-09-01,'000055,G 方大Ａ,5.71,5.89,5.55,5.55,5.35,0.36,6.729,17.8822,12642028,73513467.86,2014008360.0,403674616.8
2006-08-31,'000055,G 方大Ａ,5.35,5.38,5.27,5.35,5.35,0.0,0.0,2.1208,1499312,7987423.41,1887030600.0,378224028.0
2006-08-30,'000055,G 方大Ａ,5.35,5.35,5.2,5.2,5.23,0.12,2.2945,2.0547,1452583,7674828.53,1887030600.0,378224028.0
2006-08-29,'000055,G 方大Ａ,5.23,5.41,5.22,5.3,5.28,-0.05,-0.947,3.3605,2375735,12642750.45,1844704680.0,369740498.4
2006-08-28,'000055,G 方大Ａ,5.28,5.32,5.14,5.17,5.17,0.11,2.1277,2.9873,2111883,11115204.42,1862340480.0,373275302.4
2006-08-25,'000055,G 方大Ａ,5.17,5.25,5.11,5.18,5.18,-0.01,-0.1931,2.2084,1561234,8089992.38,1823541720.0,365498733.6
2006-08-24,'000055,G 方大Ａ,5.18,5.18,5.04,5.11,5.07,0.11,2.1696,1.8892,1335567,6847657.59,1827068880.0,366205694.4
2006-08-23,'000055,G 方大Ａ,5.07,5.15,5.05,5.08,5.08,-0.01,-0.1969,1.4146,1000039,5097162.62,1788270120.0,358429125.6
2006-08-22,'000055,G 方大Ａ,5.08,5.14,4.91,5.05,5.03,0.05,0.994,1.4405,1018402,5175256.88,1791797280.0,359136086.4
2006-08-21,'000055,G 方大Ａ,5.03,5.06,4.72,4.94,5.09,-0.06,-1.1788,1.6832,1189929,5868719.3,1774161480.0,355601282.4
2006-08-18,'000055,G 方大Ａ,5.09,5.19,5.06,5.09,5.13,-0.04,-0.7797,1.0818,764789,3906391.28,1795324440.0,359843047.2
2006-08-17,'000055,G 方大Ａ,5.13,5.23,5.06,5.23,5.28,-0.15,-2.8409,1.5119,1068824,5478497.91,1809433080.0,362670890.4
2006-08-16,'000055,G 方大Ａ,5.28,5.3,5.15,5.24,5.24,0.04,0.7634,2.3458,1658400,8681493.89,1862340480.0,373275302.4
2006-08-15,'000055,G 方大Ａ,5.24,5.28,4.91,5.06,5.1,0.14,2.7451,2.844,2010611,10283096.99,1848231840.0,370447459.2
2006-08-14,'000055,G 方大Ａ,5.1,5.39,5.0,5.3,5.22,-0.12,-2.2989,6.5735,4647198,24502171.77,1798851600.0,360550008.0
2006-08-11,'000055,G 方大Ａ,5.22,5.24,5.09,5.15,5.15,0.07,1.3592,2.0607,1456806,7533352.16,1841177520.0,369033537.6
2006-08-10,'000055,G 方大Ａ,5.15,5.17,5.0,5.06,5.08,0.07,1.378,2.4719,1747523,8964251.61,1816487400.0,364084812.0
2006-08-09,'000055,G 方大Ａ,5.08,5.12,4.92,4.95,4.95,0.13,2.6263,2.6134,1847574,9326631.89,1791797280.0,359136086.4
2006-08-08,'000055,G 方大Ａ,4.95,4.98,4.78,4.78,4.79,0.16,3.3403,1.4124,998537,4906409.25,1745944200.0,349945596.0
2006-08-07,'000055,G 方大Ａ,4.79,4.95,4.74,4.93,4.97,-0.18,-3.6217,1.5163,1071931,5180381.81,1689509640.0,338634223.2
2006-08-04,'000055,G 方大Ａ,4.97,5.28,4.91,5.28,5.26,-0.29,-5.5133,2.1769,1538951,7815659.76,1752998520.0,351359517.6
2006-08-03,'000055,G 方大Ａ,5.26,5.26,5.1,5.17,5.14,0.12,2.3346,1.5565,1100363,5713091.6,1855286160.0,371861380.8
2006-08-02,'000055,G 方大Ａ,5.14,5.21,4.98,5.16,5.16,-0.02,-0.3876,2.0683,1462180,7468007.95,1812960240.0,363377851.2
2006-08-01,'000055,G 方大Ａ,5.16,5.34,5.14,5.25,5.26,-0.1,-1.9011,2.2321,1577987,8280198.77,1820014560.0,364791772.8
2006-07-31,'000055,G 方大Ａ,5.26,5.6,5.2,5.51,5.59,-0.33,-5.9034,2.9216,2065478,11066155.92,1855286160.0,371861380.8
2006-07-28,'000055,G 方大Ａ,5.59,5.97,5.5,5.95,5.88,-0.29,-4.932,4.0073,2832990,16029699.22,1971682440.0,395191087.2
2006-07-27,'000055,G 方大Ａ,5.88,5.95,5.67,5.7,5.69,0.19,3.3392,6.5239,4612130,26911503.3,2073970080.0,415692950.4
2006-07-26,'000055,G 方大Ａ,5.69,5.77,5.59,5.59,5.61,0.08,1.426,2.9329,2073480,11818328.85,2006954040.0,402260695.2
2006-07-25,'000055,G 方大Ａ,5.61,5.69,5.53,5.58,5.58,0.03,0.5376,2.3076,1631360,9141158.07,1978736760.0,396605008.8
2006-07-24,'000055,G 方大Ａ,5.58,5.66,5.45,5.66,5.75,-0.17,-2.9565,2.6114,1846139,10244421.66,1968155280.0,394484126.4
2006-07-21,'000055,G 方大Ａ,5.75,5.78,5.61,5.73,5.74,0.01,0.1742,3.0759,2174544,12366019.55,2028117000.0,406502460.0
2006-07-20,'000055,G 方大Ａ,5.74,5.95,5.58,5.76,5.67,0.07,1.2346,5.7707,4079631,23739110.54,2024589840.0,405795499.2
2006-07-19,'000055,G 方大Ａ,5.67,5.76,5.4,5.6,5.64,0.03,0.5319,3.685,2605136,14507830.98,1999899720.0,400846773.6
2006-07-18,'000055,G 方大Ａ,5.64,5.68,5.3,5.4,5.4,0.24,4.4444,4.7093,3329321,18423517.32,1989318240.0,398725891.2
2006-07-17,'000055,G 方大Ａ,5.4,5.48,5.08,5.23,5.46,-0.06,-1.0989,4.0675,2875587,15280330.79,1904666400.0,381758832.0
2006-07-14,'000055,G 方大Ａ,5.46,5.58,5.22,5.37,5.42,0.04,0.738,5.0679,3582777,19363218.41,1925829360.0,386000596.8
2006-07-13,'000055,G 方大Ａ,5.42,6.09,5.42,6.09,6.02,-0.6,-9.9668,7.3482,5194882,29440956.99,1911720720.0,383172753.6
2006-07-12,'000055,G 方大Ａ,6.02,6.09,5.85,5.99,5.96,0.06,1.0067,4.3241,3056970,18239932.32,2123350320.0,425590401.6
2006-07-11,'000055,G 方大Ａ,5.96,6.15,5.85,6.11,6.05,-0.09,-1.4876,3.0823,2179073,12939329.18,2102187360.0,421348636.8
2006-07-10,'000055,G 方大Ａ,6.05,6.08,5.7,5.83,5.83,0.22,3.7736,6.1954,4379883,26140309.42,2133931800.0,427711284.0
2006-07-07,'000055,G 方大Ａ,5.83,6.01,5.82,5.93,5.95,-0.12,-2.0168,4.9455,3496259,20645307.88,2056334280.0,412158146.4
2006-07-06,'000055,G 方大Ａ,5.95,6.01,5.8,5.83,5.91,0.04,0.6768,7.3964,5228938,30991531.35,2098660200.0,420641676.0
2006-07-05,'000055,G 方大Ａ,5.91,6.09,5.7,6.03,6.16,-0.25,-4.0584,9.7267,6876397,40562378.38,2084551560.0,417813832.8
2006-07-04,'000055,G 方大Ａ,6.16,6.25,5.91,6.13,5.68,0.48,8.4507,26.0425,18411027,111501073.74,2172730560.0,435487852.8
2006-07-03,'000055,G 方大Ａ,5.68,5.68,5.4,5.4,5.16,0.52,10.0775,4.8155,3404358,19137027.39,2003426880.0,401553734.4
2006-06-30,'000055,G 方大Ａ,5.16,5.21,4.86,5.01,4.99,0.17,3.4068,7.4556,5270834,26647574.57,1820014560.0,364791772.8
2006-06-29,'000055,G 方大Ａ,4.99,5.1,4.9,4.9,4.89,0.1,2.045,3.8731,2738146,13752666.11,1760052840.0,352773439.2
2006-06-28,'000055,G 方大Ａ,4.89,4.93,4.85,4.92,4.92,-0.03,-0.6098,1.9071,1348217,6588752.46,1724781240.0,345703831.2
2006-06-27,'000055,G 方大Ａ,4.92,5.09,4.88,4.98,4.97,-0.05,-1.006,2.7513,1945053,9651390.37,1735362720.0,347824713.6
2006-06-26,'000055,G 方大Ａ,4.97,5.03,4.81,4.85,4.9,0.07,1.4286,4.55,3216642,15887830.41,1752998520.0,351359517.6
2006-06-23,'000055,G 方大Ａ,4.9,5.0,4.5,4.58,4.63,0.27,5.8315,5.5003,3888527,18561087.8,1728308400.0,346410792.0
2006-06-22,'000055,G 方大Ａ,4.63,4.7,4.55,4.7,4.72,-0.09,-1.9068,1.6775,1185903,5494712.5,1633075080.0,327322850.4
2006-06-21,'000055,G 方大Ａ,4.72,4.81,4.65,4.81,4.8,-0.08,-1.6667,2.57,1816921,8572422.92,1664819520.0,333685497.6
2006-06-20,'000055,G 方大Ａ,4.8,4.8,4.59,4.62,4.69,0.11,2.3454,2.9265,2068930,9746421.56,1693036800.0,339341184.0
2006-06-19,'000055,G 方大Ａ,4.69,4.75,4.5,4.64,4.68,0.01,0.2137,2.1766,1538758,7182054.79,1654238040.0,331564615.2
2006-06-16,'000055,G 方大Ａ,4.68,4.73,4.51,4.51,4.5,0.18,4.0,2.428,1716504,7964413.79,1650710880.0,330857654.4
2006-06-15,'000055,G 方大Ａ,4.5,4.63,4.48,4.5,4.5,0.0,0.0,1.4837,1048912,4761706.2,1587222000.0,318132360.0
2006-06-14,'000055,G 方大Ａ,4.5,4.6,4.32,4.54,4.54,-0.04,-0.8811,1.9704,1392964,6174364.78,1587222000.0,318132360.0
2006-06-13,'000055,G 方大Ａ,4.54,4.75,4.45,4.68,4.68,-0.14,-2.9915,2.2827,1613770,7423452.72,1601330640.0,320960203.2
2006-06-12,'000055,G 方大Ａ,4.68,4.69,4.56,4.61,4.61,0.07,1.5184,1.8379,1299332,6025006.03,1650710880.0,330857654.4
2006-06-09,'000055,G 方大Ａ,4.61,4.85,4.58,4.8,4.78,-0.17,-3.5565,2.8475,2013104,9562412.93,1626020760.0,325908928.8
2006-06-08,'000055,G 方大Ａ,4.78,4.9,4.51,4.79,4.79,-0.01,-0.2088,3.4144,2413859,11367357.65,1685982480.0,337927262.4
2006-06-07,'000055,G 方大Ａ,4.79,5.32,4.78,5.31,5.31,-0.52,-9.7928,6.2223,4398951,22053446.59,1689509640.0,338634223.2
2006-06-06,'000055,G 方大Ａ,5.31,5.53,5.18,5.26,5.26,0.05,0.9506,6.5501,4630643,24893446.25,1872921960.0,375396184.8
2006-06-05,'000055,G 方大Ａ,5.26,5.34,5.09,5.29,5.3,-0.04,-0.7547,6.5621,4639140,24133302.53,1855286160.0,371861380.8
2006-06-02,'000055,G 方大Ａ,5.3,5.41,4.99,5.2,5.18,0.12,2.3166,12.4061,8770638,45774200.3,1869394800.0,374689224.0
2006-06-01,'000055,G 方大Ａ,5.18,5.19,4.81,4.83,4.84,0.34,7.0248,8.6596,6121998,31089900.67,1827068880.0,366205694.4
2006-05-31,'000055,G 方大Ａ,4.84,5.05,4.82,5.05,5.07,-0.23,-4.5365,5.7422,4059497,19995845.65,1707145440.0,342169027.2
2006-05-30,'000055,G 方大Ａ,5.07,5.23,5.0,5.0,4.96,0.11,2.2177,11.4335,8083052,41339380.28,1788270120.0,358429125.6
2006-05-29,'000055,G 方大Ａ,4.96,4.98,4.58,4.61,4.61,0.35,7.5922,6.3125,4462656,21239605.68,1749471360.0,350652556.8
2006-05-26,'000055,G 方大Ａ,4.61,4.63,4.48,4.55,4.52,0.09,1.9912,3.2601,2304767,10518933.75,1626020760.0,325908928.8
2006-05-25,'000055,G 方大Ａ,4.52,4.6,4.42,4.44,4.44,0.08,1.8018,3.1241,2208650,9959786.57,1594276320.0,319546281.6
2006-05-24,'000055,G 方大Ａ,4.44,4.8,4.31,4.66,4.66,-0.22,-4.721,5.5266,3907099,17713221.61,1566059040.0,313890595.2
2006-05-23,'000055,G 方大Ａ,4.66,5.15,4.66,5.15,5.18,-0.52,-10.0386,6.6086,4672050,22677439.76,1643656560.0,329443732.8
2006-05-22,'000055,G 方大Ａ,5.18,5.29,5.01,5.14,5.14,0.04,0.7782,6.3091,4460294,23027391.12,1827068880.0,366205694.4
2006-05-19,'000055,G 方大Ａ,5.14,5.2,4.93,4.98,4.94,0.2,4.0486,9.6297,6807834,34421010.34,1812960240.0,363377851.2
2006-05-18,'000055,G 方大Ａ,4.94,4.96,4.6,4.7,4.76,0.18,3.7815,5.9759,4224731,20164359.01,1742417040.0,349238635.2
2006-05-17,'000055,G 方大Ａ,4.76,4.86,4.62,4.64,4.71,0.05,1.0616,5.5994,3958560,18677442.46,1678928160.0,336513340.8
2006-05-16,'000055,G 方大Ａ,4.71,5.16,4.7,4.93,4.93,-0.22,-4.4625,8.6753,6133124,30135500.41,1661292360.0,332978536.8
2006-05-15,'000055,G 方大Ａ,4.93,4.94,4.58,4.72,4.54,0.39,8.5903,10.2112,7218931,34569242.01,1738889880.0,348531674.4
2006-05-12,'000055,G 方大Ａ,0.0,0.0,0.0,0.0,4.54,None,None,0.0,0,0.0,1601330640.0,320960203.2
2006-05-11,'000055,G 方大Ａ,4.54,4.87,4.53,4.8,4.86,-0.32,-6.5844,8.5418,6038691,28402697.49,1601330640.0,320960203.2
2006-05-10,'000055,G 方大Ａ,4.86,5.01,4.81,4.93,4.93,-0.07,-1.4199,6.732,4759284,23327158.41,1714199760.0,343582948.8
2006-05-09,'000055,G 方大Ａ,4.93,4.94,4.59,4.7,4.75,0.18,3.7895,9.0733,6414465,30886438.86,1738889880.0,348531674.4
2006-05-08,'000055,G 方大Ａ,4.75,4.95,4.48,4.65,4.69,0.06,1.2793,8.3594,5909778,27917279.37,1675401000.0,335806380.0
2006-04-28,'000055,G 方大Ａ,4.69,4.8,4.34,4.52,4.54,0.15,3.304,14.2911,10103253,46399513.71,1654238040.0,331564615.2
2006-04-27,'000055,G 方大Ａ,4.54,4.54,4.06,4.11,4.13,0.41,9.9274,11.8753,8395392,37107106.09,1601330640.0,320960203.2
2006-04-26,'000055,G 方大Ａ,4.13,4.19,4.06,4.1,4.08,0.05,1.2255,3.249,2296918,9466178.68,1456717080.0,291974810.4
2006-04-25,'000055,G 方大Ａ,4.08,4.22,4.02,4.21,4.23,-0.15,-3.5461,3.8741,2738826,11198038.74,1439081280.0,288440006.4
2006-04-24,'000055,G 方大Ａ,4.23,4.31,4.1,4.15,4.15,0.08,1.9277,4.3855,3100355,13026213.74,1491988680.0,299044418.4
2006-04-21,'000055,G 方大Ａ,4.15,4.29,4.08,4.29,4.31,-0.16,-3.7123,4.1411,2927593,12200983.87,1463771400.0,293388732.0
2006-04-20,'000055,G 方大Ａ,4.31,4.33,4.16,4.21,4.22,0.09,2.1327,3.1994,2261820,9620310.49,1520205960.0,304700104.8
2006-04-19,'000055,G 方大Ａ,4.22,4.33,4.15,4.32,4.31,-0.09,-2.0882,3.5785,2529845,10668893.24,1488461520.0,298337457.6
2006-04-18,'000055,G 方大Ａ,4.31,4.49,4.25,4.4,4.44,-0.13,-2.9279,5.2089,3682461,16004805.75,1520205960.0,304700104.8
2006-04-17,'000055,G 方大Ａ,4.44,4.62,4.3,4.39,4.39,0.05,1.139,8.0264,5674354,25413289.31,1566059040.0,313890595.2
2006-04-14,'000055,G 方大Ａ,4.39,4.43,4.25,4.32,4.33,0.06,1.3857,10.6413,7522959,32686894.29,1548423240.0,310355791.2
2006-04-13,'000055,G 方大Ａ,4.33,4.42,4.2,4.22,4.26,0.07,1.6432,12.5335,8860676,38175293.74,1527260280.0,306114026.4
2006-04-12,'000055,G 方大Ａ,4.26,4.28,4.12,4.25,4.27,-0.01,-0.2342,7.486,5292307,22337684.47,1384909300.8,301165300.8
2006-04-11,'000055,G 方大Ａ,4.27,4.34,4.02,4.05,4.1,0.17,4.1463,11.9158,8423983,35174885.9,1388160261.6,301872261.6
2006-04-10,'000055,G 方大Ａ,4.1,4.24,3.9,4.07,5.22,-1.12,-21.4559,16.9138,11957361,48579051.98,1332893928.0,289853928.0
2006-04-07,'000055,方  大Ａ,0.0,0.0,0.0,0.0,5.22,None,None,0.0,0,0.0,1547208000.0,219240000.0
2006-04-06,'000055,方  大Ａ,0.0,0.0,0.0,0.0,5.22,None,None,0.0,0,0.0,1547208000.0,219240000.0
2006-04-05,'000055,方  大Ａ,0.0,0.0,0.0,0.0,5.22,None,None,0.0,0,0.0,1547208000.0,219240000.0
2006-04-04,'000055,方  大Ａ,0.0,0.0,0.0,0.0,5.22,None,None,0.0,0,0.0,1547208000.0,219240000.0
2006-04-03,'000055,方  大Ａ,0.0,0.0,0.0,0.0,5.22,None,None,0.0,0,0.0,1547208000.0,219240000.0
2006-03-31,'000055,方  大Ａ,0.0,0.0,0.0,0.0,5.22,None,None,0.0,0,0.0,1547208000.0,219240000.0
2006-03-30,'000055,方  大Ａ,0.0,0.0,0.0,0.0,5.22,None,None,0.0,0,0.0,1547208000.0,219240000.0
2006-03-29,'000055,方  大Ａ,0.0,0.0,0.0,0.0,5.22,None,None,0.0,0,0.0,1547208000.0,219240000.0
2006-03-28,'000055,方  大Ａ,0.0,0.0,0.0,0.0,5.22,None,None,0.0,0,0.0,1547208000.0,219240000.0
2006-03-27,'000055,方  大Ａ,0.0,0.0,0.0,0.0,5.22,None,None,0.0,0,0.0,1547208000.0,219240000.0
2006-03-24,'000055,方  大Ａ,0.0,0.0,0.0,0.0,5.22,None,None,0.0,0,0.0,1547208000.0,219240000.0
2006-03-23,'000055,方  大Ａ,0.0,0.0,0.0,0.0,5.22,None,None,0.0,0,0.0,1547208000.0,219240000.0
2006-03-22,'000055,方  大Ａ,0.0,0.0,0.0,0.0,5.22,None,None,0.0,0,0.0,1547208000.0,219240000.0
2006-03-21,'000055,方  大Ａ,0.0,0.0,0.0,0.0,5.22,None,None,0.0,0,0.0,1547208000.0,219240000.0
2006-03-20,'000055,方  大Ａ,0.0,0.0,0.0,0.0,5.22,None,None,0.0,0,0.0,1547208000.0,219240000.0
2006-03-17,'000055,方  大Ａ,0.0,0.0,0.0,0.0,5.22,None,None,0.0,0,0.0,1547208000.0,219240000.0
2006-03-16,'000055,方  大Ａ,0.0,0.0,0.0,0.0,5.22,None,None,0.0,0,0.0,1547208000.0,219240000.0
2006-03-15,'000055,方  大Ａ,5.22,5.35,5.19,5.27,5.29,-0.07,-1.3233,1.8806,789835,4151342.48,1547208000.0,219240000.0
2006-03-14,'000055,方  大Ａ,5.29,5.29,5.16,5.21,5.2,0.09,1.7308,1.037,435526,2271576.96,1567956000.0,222180000.0
2006-03-13,'000055,方  大Ａ,5.2,5.25,5.1,5.1,5.14,0.06,1.1673,1.0274,431520,2227481.8,1541280000.0,218400000.0
2006-03-10,'000055,方  大Ａ,5.14,5.45,5.1,5.35,5.35,-0.21,-3.9252,1.4888,625300,3281836.76,1523496000.0,215880000.0
2006-03-09,'000055,方  大Ａ,5.35,5.4,5.31,5.34,5.33,0.02,0.3752,0.6505,273223,1464190.13,1585740000.0,224700000.0
2006-03-08,'000055,方  大Ａ,5.33,5.49,5.29,5.31,5.31,0.02,0.3766,0.9817,412334,2201928.15,1579812000.0,223860000.0
2006-03-07,'000055,方  大Ａ,5.31,5.55,5.28,5.55,5.55,-0.24,-4.3243,1.9595,822985,4434999.9,1573884000.0,223020000.0
2006-03-06,'000055,方  大Ａ,5.55,5.89,5.53,5.83,5.78,-0.23,-3.9792,1.965,825300,4684384.56,1645020000.0,233100000.0
2006-03-03,'000055,方  大Ａ,5.78,5.89,5.7,5.72,5.69,0.09,1.5817,3.7508,1575326,9141287.06,1713192000.0,242760000.0
2006-03-02,'000055,方  大Ａ,0.0,0.0,0.0,0.0,5.69,None,None,0.0,0,0.0,1686516000.0,238980000.0
2006-03-01,'000055,方  大Ａ,0.0,0.0,0.0,0.0,5.69,None,None,0.0,0,0.0,1686516000.0,238980000.0
2006-02-28,'000055,方  大Ａ,0.0,0.0,0.0,0.0,5.69,None,None,0.0,0,0.0,1686516000.0,238980000.0
2006-02-27,'000055,方  大Ａ,0.0,0.0,0.0,0.0,5.69,None,None,0.0,0,0.0,1686516000.0,238980000.0
2006-02-24,'000055,方  大Ａ,0.0,0.0,0.0,0.0,5.69,None,None,0.0,0,0.0,1686516000.0,238980000.0
2006-02-23,'000055,方  大Ａ,0.0,0.0,0.0,0.0,5.69,None,None,0.0,0,0.0,1686516000.0,238980000.0
2006-02-22,'000055,方  大Ａ,0.0,0.0,0.0,0.0,5.69,None,None,0.0,0,0.0,1686516000.0,238980000.0
2006-02-21,'000055,方  大Ａ,0.0,0.0,0.0,0.0,5.69,None,None,0.0,0,0.0,1686516000.0,238980000.0
2006-02-20,'000055,方  大Ａ,0.0,0.0,0.0,0.0,5.69,None,None,0.0,0,0.0,1686516000.0,238980000.0
2006-02-17,'000055,方  大Ａ,5.69,5.84,5.63,5.71,5.71,-0.02,-0.3503,2.6881,1129000,6457052.2,1686516000.0,238980000.0
2006-02-16,'000055,方  大Ａ,5.71,5.92,5.64,5.87,5.87,-0.16,-2.7257,3.5077,1473221,8434924.77,1692444000.0,239820000.0
2006-02-15,'000055,方  大Ａ,5.87,5.96,5.83,5.93,5.91,-0.04,-0.6768,2.7327,1147745,6767783.37,1739868000.0,246540000.0
2006-02-14,'000055,方  大Ａ,5.91,5.98,5.79,5.8,5.79,0.12,2.0725,4.1651,1749338,10336597.9,1751724000.0,248220000.0
2006-02-13,'000055,方  大Ａ,5.79,5.81,5.7,5.76,5.79,0.0,0.0,1.2741,535108,3077221.37,1716156000.0,243180000.0
2006-02-10,'000055,方  大Ａ,5.79,5.8,5.68,5.69,5.69,0.1,1.7575,2.0141,845917,4859711.91,1716156000.0,243180000.0
2006-02-09,'000055,方  大Ａ,5.69,5.85,5.66,5.85,5.83,-0.14,-2.4014,2.0509,861369,4942373.43,1686516000.0,238980000.0
2006-02-08,'000055,方  大Ａ,5.83,5.84,5.73,5.8,5.86,-0.03,-0.5119,2.1199,890357,5143193.16,1728012000.0,244860000.0
2006-02-07,'000055,方  大Ａ,5.86,5.92,5.7,5.79,5.72,0.14,2.4476,3.8737,1626941,9484981.8,1736904000.0,246120000.0
2006-02-06,'000055,方  大Ａ,5.72,5.72,5.55,5.64,5.66,0.06,1.0601,3.2703,1373545,7773079.49,1695408000.0,240240000.0
2006-01-25,'000055,方  大Ａ,5.66,5.87,5.61,5.76,5.86,-0.2,-3.413,3.3163,1392827,7961446.25,1677624000.0,237720000.0
2006-01-24,'000055,方  大Ａ,5.86,5.93,5.76,5.93,5.93,-0.07,-1.1804,5.8543,2458816,14384111.42,1736904000.0,246120000.0
2006-01-23,'000055,方  大Ａ,5.93,5.98,5.61,5.86,6.08,-0.15,-2.4671,8.7753,3685636,21420958.29,1757652000.0,249060000.0
2006-01-20,'000055,方  大Ａ,6.08,6.14,5.83,6.0,5.99,0.09,1.5025,5.8938,2475400,14845831.88,1802112000.0,255360000.0
2006-01-19,'000055,方  大Ａ,5.99,6.1,5.79,5.9,5.94,0.05,0.8418,6.3683,2674704,15937455.18,1775436000.0,251580000.0
2006-01-18,'000055,方  大Ａ,5.94,5.99,5.77,5.78,5.79,0.15,2.5907,1.8531,778309,4600728.12,1760616000.0,249480000.0
2006-01-17,'000055,方  大Ａ,5.79,5.88,5.75,5.79,5.79,0.0,0.0,1.3571,569989,3306841.24,1716156000.0,243180000.0
2006-01-16,'000055,方  大Ａ,5.79,6.07,5.78,5.95,6.04,-0.25,-4.1391,2.1297,894490,5305474.99,1716156000.0,243180000.0
2006-01-13,'000055,方  大Ａ,6.04,6.18,5.98,6.12,6.14,-0.1,-1.6287,2.9372,1233612,7459840.9,1790256000.0,253680000.0
2006-01-12,'000055,方  大Ａ,6.14,6.18,5.8,5.84,5.91,0.23,3.8917,5.9145,2484082,14944458.72,1819896000.0,257880000.0
2006-01-11,'000055,方  大Ａ,5.91,6.0,5.76,5.82,5.87,0.04,0.6814,2.9521,1239868,7282959.64,1751724000.0,248220000.0
2006-01-10,'000055,方  大Ａ,5.87,5.9,5.76,5.9,5.96,-0.09,-1.5101,2.9353,1232822,7180835.88,1739868000.0,246540000.0
2006-01-09,'000055,方  大Ａ,5.96,6.1,5.56,5.56,5.56,0.4,7.1942,3.356,1409504,8057671.98,1766544000.0,250320000.0
2006-01-06,'000055,方  大Ａ,5.56,5.66,5.46,5.59,5.58,-0.02,-0.3584,2.7753,1165635,6488579.65,1647984000.0,233520000.0
2006-01-05,'000055,方  大Ａ,5.58,5.65,5.35,5.39,5.39,0.19,3.525,3.0159,1266692,6973781.04,1653912000.0,234360000.0
2006-01-04,'000055,方  大Ａ,5.39,5.43,5.3,5.3,5.29,0.1,1.8904,1.361,571640,3069074.4,1597596000.0,226380000.0
2005-12-30,'000055,方  大Ａ,5.29,5.44,5.28,5.44,5.42,-0.13,-2.3985,1.2579,528300,2817572.67,1567956000.0,222180000.0
2005-12-29,'000055,方  大Ａ,5.42,5.45,5.35,5.38,5.36,0.06,1.1194,2.2147,930191,5042082.19,1606488000.0,227640000.0
2005-12-28,'000055,方  大Ａ,5.36,5.4,5.31,5.4,5.36,0.0,0.0,0.7602,319289,1705933.01,1588704000.0,225120000.0
2005-12-27,'000055,方  大Ａ,5.36,5.38,5.3,5.33,5.33,0.03,0.5629,1.0389,436338,2329206.81,1588704000.0,225120000.0
2005-12-26,'000055,方  大Ａ,5.33,5.38,5.25,5.3,5.3,0.03,0.566,1.1689,490926,2612243.58,1579812000.0,223860000.0
2005-12-23,'000055,方  大Ａ,5.3,5.31,5.2,5.2,5.24,0.06,1.145,1.1046,463951,2441062.25,1570920000.0,222600000.0
2005-12-22,'000055,方  大Ａ,5.24,5.32,5.2,5.25,5.28,-0.04,-0.7576,0.9075,381145,1999403.94,1553136000.0,220080000.0
2005-12-21,'000055,方  大Ａ,5.28,5.41,5.27,5.35,5.37,-0.09,-1.676,1.046,439300,2335013.0,1564992000.0,221760000.0
2005-12-20,'000055,方  大Ａ,5.37,5.41,5.3,5.36,5.39,-0.02,-0.3711,0.8201,344459,1843073.69,1591668000.0,225540000.0
2005-12-19,'000055,方  大Ａ,5.39,5.44,5.33,5.38,5.41,-0.02,-0.3697,0.9852,413802,2224198.22,1597596000.0,226380000.0
2005-12-16,'000055,方  大Ａ,5.41,5.48,5.19,5.25,5.27,0.14,2.6565,3.2865,1380336,7451988.0,1603524000.0,227220000.0
2005-12-15,'000055,方  大Ａ,5.27,5.44,5.26,5.35,5.38,-0.11,-2.0446,1.5448,648827,3460522.26,1562028000.0,221340000.0
2005-12-14,'000055,方  大Ａ,5.38,5.48,5.28,5.28,5.24,0.14,2.6718,3.0427,1277931,6907738.84,1594632000.0,225960000.0
2005-12-13,'000055,方  大Ａ,5.24,5.3,5.16,5.22,5.28,-0.04,-0.7576,0.9478,398071,2076513.46,1553136000.0,220080000.0
2005-12-12,'000055,方  大Ａ,5.28,5.37,5.22,5.25,5.22,0.06,1.1494,2.6035,1093450,5804996.12,1564992000.0,221760000.0
2005-12-09,'000055,方  大Ａ,5.22,5.33,4.92,5.01,5.01,0.21,4.1916,2.4781,1040785,5354651.84,1547208000.0,219240000.0
2005-12-08,'000055,方  大Ａ,5.01,5.11,4.98,5.05,5.06,-0.05,-0.9881,0.9389,394349,1984274.01,1484964000.0,210420000.0
2005-12-07,'000055,方  大Ａ,5.06,5.1,4.95,4.96,5.01,0.05,0.998,1.0806,453848,2282367.1,1499784000.0,212520000.0
2005-12-06,'000055,方  大Ａ,5.01,5.09,4.84,4.9,4.96,0.05,1.0081,1.5092,633872,3178242.47,1484964000.0,210420000.0
2005-12-05,'000055,方  大Ａ,4.96,5.3,4.93,5.2,5.35,-0.39,-7.2897,2.9155,1224500,6216701.74,1470144000.0,208320000.0
2005-12-02,'000055,方  大Ａ,5.35,5.64,5.31,5.59,5.65,-0.3,-5.3097,3.2551,1367124,7447102.24,1585740000.0,224700000.0
2005-12-01,'000055,方  大Ａ,5.65,5.76,5.62,5.74,5.73,-0.08,-1.3962,0.926,388900,2205320.5,1674660000.0,237300000.0
2005-11-30,'000055,方  大Ａ,5.73,5.79,5.6,5.69,5.68,0.05,0.8803,1.5239,640017,3633338.4,1698372000.0,240660000.0
2005-11-29,'000055,方  大Ａ,5.68,5.87,5.67,5.85,5.82,-0.14,-2.4055,1.2106,508454,2934660.23,1683552000.0,238560000.0
2005-11-28,'000055,方  大Ａ,5.82,5.87,5.76,5.81,5.8,0.02,0.3448,0.6499,272940,1588086.9,1725048000.0,244440000.0
2005-11-25,'000055,方  大Ａ,5.8,5.88,5.78,5.8,5.84,-0.04,-0.6849,0.6619,278000,1614289.0,1719120000.0,243600000.0
2005-11-24,'000055,方  大Ａ,5.84,5.92,5.76,5.76,5.79,0.05,0.8636,1.16,487180,2853149.25,1730976000.0,245280000.0
2005-11-23,'000055,方  大Ａ,5.79,5.84,5.68,5.71,5.75,0.04,0.6957,1.1777,494643,2858384.53,1716156000.0,243180000.0
2005-11-22,'000055,方  大Ａ,5.75,5.97,5.73,5.97,5.99,-0.24,-4.0067,2.2898,961696,5622534.38,1704300000.0,241500000.0
2005-11-21,'000055,方  大Ａ,5.99,6.08,5.89,5.92,5.92,0.07,1.1824,2.7341,1148337,6884557.12,1775436000.0,251580000.0
2005-11-18,'000055,方  大Ａ,5.92,5.97,5.73,5.76,5.76,0.16,2.7778,3.3781,1418811,8377999.06,1754688000.0,248640000.0
2005-11-17,'000055,方  大Ａ,5.76,5.85,5.76,5.85,5.82,-0.06,-1.0309,1.8161,762772,4426996.49,1707264000.0,241920000.0
2005-11-16,'000055,方  大Ａ,5.82,5.83,5.6,5.7,5.72,0.1,1.7483,3.0236,1269911,7227577.17,1725048000.0,244440000.0
2005-11-15,'000055,方  大Ａ,5.72,6.05,5.64,5.9,5.96,-0.24,-4.0268,4.621,1940827,11312334.53,1695408000.0,240240000.0
2005-11-14,'000055,方  大Ａ,5.96,6.02,5.76,5.8,5.88,0.08,1.3605,3.0528,1282173,7575872.42,1766544000.0,250320000.0
2005-11-11,'000055,方  大Ａ,5.88,6.05,5.72,5.91,6.0,-0.12,-2.0,4.9807,2091876,12273669.1,1742832000.0,246960000.0
2005-11-10,'000055,方  大Ａ,6.0,6.45,5.98,6.45,6.51,-0.51,-7.8341,6.915,2904287,17932101.43,1778400000.0,252000000.0
2005-11-09,'000055,方  大Ａ,6.51,6.7,6.4,6.55,6.57,-0.06,-0.9132,6.2462,2623415,17232168.4,1929564000.0,273420000.0
2005-11-08,'000055,方  大Ａ,6.57,6.73,6.39,6.5,6.5,0.07,1.0769,6.1151,2568330,16874812.35,1947348000.0,275940000.0
2005-11-07,'000055,方  大Ａ,6.5,6.56,6.28,6.35,6.33,0.17,2.6856,4.451,1869403,12075888.23,1926600000.0,273000000.0
2005-11-04,'000055,方  大Ａ,6.33,6.55,6.25,6.55,6.59,-0.26,-3.9454,4.3715,1836044,11684679.31,1876212000.0,265860000.0
2005-11-03,'000055,方  大Ａ,6.59,6.65,6.24,6.48,6.59,0.0,0.0,10.3443,4344612,27789995.83,1953276000.0,276780000.0
2005-11-02,'000055,方  大Ａ,6.59,6.99,6.53,6.64,6.61,-0.02,-0.3026,20.8957,8776174,59110970.78,1953276000.0,276780000.0
2005-11-01,'000055,方  大Ａ,6.61,6.61,5.95,6.01,6.01,0.6,9.9834,16.1255,6772695,42999223.84,1959204000.0,277620000.0
2005-10-31,'000055,方  大Ａ,6.01,6.14,5.75,5.84,5.9,0.11,1.8644,3.0675,1288347,7709366.69,1781364000.0,252420000.0
2005-10-28,'000055,方  大Ａ,5.9,6.25,5.72,6.21,6.28,-0.38,-6.051,5.064,2126884,12808812.35,1748760000.0,247800000.0
2005-10-27,'000055,方  大Ａ,6.28,6.35,5.82,5.97,5.96,0.32,5.3691,6.6501,2793058,17115922.34,948480960.0,263760000.0
2005-10-26,'000055,方  大Ａ,5.96,6.2,5.9,6.1,6.14,-0.18,-2.9316,3.6151,1518357,9196583.86,900150720.0,250320000.0
2005-10-25,'000055,方  大Ａ,6.14,6.35,6.13,6.34,6.38,-0.24,-3.7618,4.4858,1884053,11684035.85,927336480.0,257880000.0
2005-10-24,'000055,方  大Ａ,6.38,6.46,6.02,6.02,6.12,0.26,4.2484,7.9605,3343396,21032794.92,963584160.0,267960000.0
2005-10-21,'000055,方  大Ａ,6.12,6.23,5.93,6.08,6.05,0.07,1.157,7.0406,2957039,18083564.68,924315840.0,257040000.0
2005-10-20,'000055,方  大Ａ,6.05,6.09,5.63,5.8,5.86,0.19,3.2423,3.2828,1378793,8045126.38,913743600.0,254100000.0
2005-10-19,'000055,方  大Ａ,5.86,6.15,5.85,6.06,6.05,-0.19,-3.1405,2.9822,1252512,7544057.21,885047520.0,246120000.0
2005-10-18,'000055,方  大Ａ,6.05,6.07,5.93,6.04,6.04,0.01,0.1656,2.412,1013027,6085832.2,913743600.0,254100000.0
2005-10-17,'000055,方  大Ａ,6.04,6.06,5.76,5.82,5.83,0.21,3.6021,2.7872,1170617,6937390.36,912233280.0,253680000.0
2005-10-14,'000055,方  大Ａ,5.83,5.9,5.71,5.8,5.92,-0.09,-1.5203,2.2959,964264,5581517.63,880516560.0,244860000.0
2005-10-13,'000055,方  大Ａ,5.92,6.25,5.81,5.88,5.69,0.23,4.0422,6.236,2619111,15738820.61,894109440.0,248640000.0
2005-10-12,'000055,方  大Ａ,5.69,5.7,5.55,5.65,5.66,0.03,0.53,1.7171,721201,4064108.11,859372080.0,238980000.0
2005-10-11,'000055,方  大Ａ,5.66,5.67,5.43,5.43,5.47,0.19,3.4735,1.7846,749513,4172817.32,854841120.0,237720000.0
2005-10-10,'000055,方  大Ａ,5.47,5.85,5.41,5.85,5.84,-0.37,-6.3356,1.8451,774940,4305772.8,826145040.0,229740000.0
2005-09-30,'000055,方  大Ａ,5.84,6.07,5.82,6.0,6.0,-0.16,-2.6667,1.9645,825099,4859000.62,882026880.0,245280000.0
2005-09-29,'000055,方  大Ａ,6.0,6.0,5.72,5.75,5.77,0.23,3.9861,3.26,1369190,8085488.67,906192000.0,252000000.0
2005-09-28,'000055,方  大Ａ,5.77,6.08,5.76,5.9,5.91,-0.14,-2.3689,2.4624,1034215,6093635.15,871454640.0,242340000.0
2005-09-27,'000055,方  大Ａ,5.91,6.19,5.89,6.14,6.13,-0.22,-3.5889,1.9694,827146,4972715.24,892599120.0,248220000.0
2005-09-26,'000055,方  大Ａ,6.13,6.17,5.82,5.94,6.04,0.09,1.4901,2.5114,1054798,6305911.58,925826160.0,257460000.0
2005-09-23,'000055,方  大Ａ,6.04,6.27,5.98,6.0,5.85,0.19,3.2479,7.7948,3273801,20150078.37,912233280.0,253680000.0
2005-09-22,'000055,方  大Ａ,5.85,6.13,5.68,6.1,6.14,-0.29,-4.7231,3.3092,1389846,8236104.91,883537200.0,245700000.0
2005-09-21,'000055,方  大Ａ,6.14,6.34,6.03,6.34,6.34,-0.2,-3.1546,4.1055,1724317,10636023.93,927336480.0,257880000.0
2005-09-20,'000055,方  大Ａ,6.34,6.63,6.2,6.45,6.55,-0.21,-3.2061,6.7548,2837001,18182701.14,957542880.0,266280000.0
2005-09-19,'000055,方  大Ａ,6.55,6.66,6.31,6.4,6.44,0.11,1.7081,9.6645,4059072,26307475.83,989259600.0,275100000.0
2005-09-16,'000055,方  大Ａ,6.44,6.48,6.15,6.3,6.26,0.18,2.8754,6.9161,2904774,18378519.74,972646080.0,270480000.0
2005-09-15,'000055,方  大Ａ,6.26,6.39,6.01,6.19,6.18,0.08,1.2945,5.6349,2366668,14761532.99,945460320.0,262920000.0
2005-09-14,'000055,方  大Ａ,6.18,6.22,6.05,6.19,6.13,0.05,0.8157,4.3776,1838593,11324355.58,933377760.0,259560000.0
2005-09-13,'000055,方  大Ａ,6.13,6.15,5.85,5.85,5.85,0.28,4.7863,3.2822,1378521,8324852.56,925826160.0,257460000.0
2005-09-12,'000055,方  大Ａ,5.85,5.98,5.82,5.94,5.94,-0.09,-1.5152,1.5498,650920,3824997.49,883537200.0,245700000.0
2005-09-09,'000055,方  大Ａ,5.94,6.15,5.93,6.08,6.15,-0.21,-3.4146,2.8198,1184317,7125542.29,897130080.0,249480000.0
2005-09-08,'000055,方  大Ａ,6.15,6.24,6.0,6.05,5.98,0.17,2.8428,7.0271,2951389,18105148.3,928846800.0,258300000.0
2005-09-07,'000055,方  大Ａ,5.98,5.98,5.62,5.75,5.78,0.2,3.4602,3.7691,1583009,9243656.79,903171360.0,251160000.0
2005-09-06,'000055,方  大Ａ,5.78,6.18,5.75,5.95,5.94,-0.16,-2.6936,7.2263,3035059,18238887.51,872964960.0,242760000.0
2005-09-05,'000055,方  大Ａ,5.94,6.23,5.82,6.01,5.8,0.14,2.4138,8.7571,3677961,21994488.34,897130080.0,249480000.0
2005-09-02,'000055,方  大Ａ,5.8,5.8,5.55,5.68,5.65,0.15,2.6549,5.4648,2295211,13098123.37,875985600.0,243600000.0
2005-09-01,'000055,方  大Ａ,5.65,5.68,5.41,5.44,5.46,0.19,3.4799,4.2852,1799774,10087146.79,853330800.0,237300000.0
2005-08-31,'000055,方  大Ａ,5.46,5.48,5.27,5.3,5.31,0.15,2.8249,2.2342,938356,5066159.64,824634720.0,229320000.0
2005-08-30,'000055,方  大Ａ,5.31,5.46,5.3,5.4,5.49,-0.18,-3.2787,2.1405,898997,4834790.11,801979920.0,223020000.0
2005-08-29,'000055,方  大Ａ,5.49,5.7,5.36,5.53,5.55,-0.06,-1.0811,2.8411,1193241,6572393.66,829165680.0,230580000.0
2005-08-26,'000055,方  大Ａ,5.55,5.75,5.45,5.66,5.66,-0.11,-1.9435,4.5781,1922812,10660137.11,838227600.0,233100000.0
2005-08-25,'000055,方  大Ａ,5.66,5.7,5.4,5.4,5.47,0.19,3.4735,5.427,2279322,12718443.68,854841120.0,237720000.0
2005-08-24,'000055,方  大Ａ,5.47,5.59,5.22,5.27,5.22,0.25,4.7893,4.8211,2024866,10998389.66,826145040.0,229740000.0
2005-08-23,'000055,方  大Ａ,5.22,5.47,5.13,5.36,5.43,-0.21,-3.8674,2.9498,1238899,6530805.49,788387040.0,219240000.0
2005-08-22,'000055,方  大Ａ,5.43,5.52,5.28,5.4,5.53,-0.1,-1.8083,4.0104,1684363,9095540.44,820103760.0,228060000.0
2005-08-19,'000055,方  大Ａ,5.53,5.88,5.31,5.73,5.8,-0.27,-4.6552,8.498,3569155,19791323.65,835206960.0,232260000.0
2005-08-18,'000055,方  大Ａ,5.8,6.7,5.71,6.2,6.11,-0.31,-5.0736,17.5136,7355705,46797805.72,875985600.0,243600000.0
2005-08-17,'000055,方  大Ａ,6.11,6.11,5.42,5.55,5.55,0.56,10.0901,14.8756,6247761,36993595.05,922805520.0,256620000.0
2005-08-16,'000055,方  大Ａ,5.55,5.66,5.4,5.57,5.55,0.0,0.0,7.5856,3185940,17625123.48,838227600.0,233100000.0
2005-08-15,'000055,方  大Ａ,5.55,5.56,5.2,5.31,5.31,0.24,4.5198,6.8774,2888528,15478083.14,838227600.0,233100000.0
2005-08-12,'000055,方  大Ａ,5.31,5.64,5.09,5.09,5.13,0.18,3.5088,15.0421,6317669,34567563.03,801979920.0,223020000.0
2005-08-11,'000055,方  大Ａ,5.13,5.15,4.92,5.0,5.01,0.12,2.3952,5.4293,2280318,11536119.79,774794160.0,215460000.0
2005-08-10,'000055,方  大Ａ,5.01,5.1,4.86,4.96,4.98,0.03,0.6024,5.095,2139905,10653738.87,756670320.0,210420000.0
2005-08-09,'000055,方  大Ａ,4.98,4.98,4.63,4.81,4.81,0.17,3.5343,4.5698,1919321,9301842.07,752139360.0,209160000.0
2005-08-08,'000055,方  大Ａ,4.81,4.88,4.68,4.72,4.7,0.11,2.3404,4.4046,1849929,8895556.62,726463920.0,202020000.0
2005-08-05,'000055,方  大Ａ,4.7,4.71,4.54,4.55,4.6,0.1,2.1739,3.9853,1673832,7761359.84,709850400.0,197400000.0
2005-08-04,'000055,方  大Ａ,4.6,4.96,4.58,4.65,4.51,0.09,1.9956,7.2074,3027115,14342595.64,694747200.0,193200000.0
2005-08-03,'000055,方  大Ａ,4.51,4.84,4.48,4.6,4.56,-0.05,-1.0965,5.8435,2454286,11463793.43,681154320.0,189420000.0
2005-08-02,'000055,方  大Ａ,4.56,4.58,4.4,4.5,4.48,0.08,1.7857,3.0781,1292807,5831452.07,688705920.0,191520000.0
2005-08-01,'000055,方  大Ａ,4.48,4.5,4.37,4.42,4.44,0.04,0.9009,1.6619,698000,3096597.51,676623360.0,188160000.0
2005-07-29,'000055,方  大Ａ,4.44,4.48,4.34,4.45,4.43,0.01,0.2257,1.9642,824967,3636670.2,670582080.0,186480000.0
2005-07-28,'000055,方  大Ａ,4.43,4.63,4.41,4.49,4.48,-0.05,-1.1161,4.2495,1784783,8032885.38,669071760.0,186060000.0
2005-07-27,'000055,方  大Ａ,4.48,4.49,4.26,4.33,4.32,0.16,3.7037,4.0961,1720375,7555907.63,676623360.0,188160000.0
2005-07-26,'000055,方  大Ａ,4.32,4.38,4.1,4.1,4.12,0.2,4.8544,3.9749,1669446,7144668.7,652458240.0,181440000.0
2005-07-25,'000055,方  大Ａ,4.12,4.23,4.07,4.2,4.24,-0.12,-2.8302,1.5671,658175,2727043.12,622251840.0,173040000.0
2005-07-22,'000055,方  大Ａ,4.24,4.32,4.08,4.08,4.11,0.13,3.163,3.355,1409110,5949343.8,640375680.0,178080000.0
2005-07-21,'000055,方  大Ａ,4.11,4.13,4.0,4.13,4.13,-0.02,-0.4843,1.4688,616889,2498975.2,620741520.0,172620000.0
2005-07-20,'000055,方  大Ａ,4.13,4.24,4.06,4.2,4.2,-0.07,-1.6667,1.5207,638711,2643682.17,623762160.0,173460000.0
2005-07-19,'000055,方  大Ａ,4.2,4.2,3.96,4.0,4.03,0.17,4.2184,1.6154,678469,2762908.47,634334400.0,176400000.0
2005-07-18,'000055,方  大Ａ,4.03,4.1,3.95,3.98,4.02,0.01,0.2488,1.3751,577533,2328400.7,608658960.0,169260000.0
2005-07-15,'000055,方  大Ａ,4.02,4.33,3.95,4.25,4.25,-0.23,-5.4118,2.1134,887632,3656776.52,607148640.0,168840000.0
2005-07-14,'000055,方  大Ａ,4.25,4.39,4.18,4.33,4.36,-0.11,-2.5229,1.7298,726496,3110498.44,641886000.0,178500000.0
2005-07-13,'000055,方  大Ａ,4.36,4.51,4.14,4.19,4.24,0.12,2.8302,3.2689,1372927,5950425.74,658499520.0,183120000.0
2005-07-12,'000055,方  大Ａ,4.24,4.28,3.9,3.98,3.98,0.26,6.5327,3.2157,1350579,5593882.51,640375680.0,178080000.0
2005-07-11,'000055,方  大Ａ,3.98,4.52,3.92,4.13,4.28,-0.3,-7.0093,3.1122,1307137,5398573.97,601107360.0,167160000.0
2005-07-08,'000055,方  大Ａ,4.28,4.78,4.28,4.75,4.76,-0.48,-10.084,1.7536,736500,3281064.01,646416960.0,179760000.0
2005-07-07,'000055,方  大Ａ,4.76,4.83,4.72,4.76,4.76,0.0,0.0,0.6458,271250,1292257.5,718912320.0,199920000.0
2005-07-06,'000055,方  大Ａ,4.76,4.97,4.7,4.94,4.83,-0.07,-1.4493,0.6645,279085,1341458.14,718912320.0,199920000.0
2005-07-05,'000055,方  大Ａ,4.83,4.87,4.75,4.76,4.84,-0.01,-0.2066,0.833,349879,1685073.2,729484560.0,202860000.0
2005-07-04,'000055,方  大Ａ,4.84,5.1,4.61,5.1,5.12,-0.28,-5.4688,1.9136,803705,3819848.72,730994880.0,203280000.0
2005-07-01,'000055,方  大Ａ,5.12,5.48,5.09,5.42,5.46,-0.34,-6.2271,1.6824,706598,3741327.5,773283840.0,215040000.0
2005-06-30,'000055,方  大Ａ,5.46,5.66,5.44,5.66,5.66,-0.2,-3.5336,1.1579,486329,2682906.76,824634720.0,229320000.0
2005-06-29,'000055,方  大Ａ,5.66,5.75,5.64,5.75,5.64,0.02,0.3546,0.7788,327080,1854269.72,854841120.0,237720000.0
2005-06-28,'000055,方  大Ａ,5.64,5.81,5.64,5.81,5.88,-0.24,-4.0816,1.7462,733400,4177326.4,851820480.0,236880000.0
2005-06-27,'000055,方  大Ａ,5.88,6.01,5.85,5.86,5.83,0.05,0.8576,3.3047,1387955,8242212.87,888068160.0,246960000.0
2005-06-24,'000055,方  大Ａ,5.83,5.88,5.71,5.71,5.63,0.2,3.5524,4.0897,1717678,10004351.12,880516560.0,244860000.0
2005-06-23,'000055,方  大Ａ,5.63,5.8,5.56,5.61,5.61,0.02,0.3565,2.7129,1139401,6505809.48,850310160.0,236460000.0
2005-06-22,'000055,方  大Ａ,5.61,5.61,5.47,5.5,5.55,0.06,1.0811,0.8575,360143,1991769.32,847289520.0,235620000.0
2005-06-21,'000055,方  大Ａ,5.55,5.75,5.53,5.68,5.69,-0.14,-2.4605,1.1836,497112,2793758.16,838227600.0,233100000.0
2005-06-20,'000055,方  大Ａ,5.69,5.73,5.32,5.38,5.46,0.23,4.2125,2.0467,859614,4802430.89,859372080.0,238980000.0
2005-06-17,'000055,方  大Ａ,5.46,5.68,5.38,5.6,5.63,-0.17,-3.0195,1.6712,701899,3850277.93,824634720.0,229320000.0
2005-06-16,'000055,方  大Ａ,5.63,5.74,5.55,5.62,5.53,0.1,1.8083,2.1247,892363,5025341.02,850310160.0,236460000.0
2005-06-15,'000055,方  大Ａ,5.53,5.8,5.5,5.74,5.76,-0.23,-3.9931,1.2832,538961,3047394.82,835206960.0,232260000.0
2005-06-14,'000055,方  大Ａ,5.76,6.05,5.74,5.97,5.97,-0.21,-3.5176,1.7775,746560,4381887.58,869944320.0,241920000.0
2005-06-13,'000055,方  大Ａ,5.97,6.12,5.88,5.93,5.97,0.0,0.0,1.4303,600709,3590499.01,901661040.0,250740000.0
2005-06-10,'000055,方  大Ａ,5.97,6.33,5.95,6.14,6.15,-0.18,-2.9268,3.2149,1350270,8231236.94,901661040.0,250740000.0
2005-06-09,'000055,方  大Ａ,6.15,6.3,5.82,5.99,6.08,0.07,1.1513,5.4731,2298721,13947473.34,928846800.0,258300000.0
2005-06-08,'000055,方  大Ａ,6.08,6.1,5.55,5.55,5.56,0.52,9.3525,4.9866,2094358,12310491.2,918274560.0,255360000.0
2005-06-07,'000055,方  大Ａ,5.56,5.78,5.45,5.45,5.49,0.07,1.275,2.4325,1021664,5760057.69,839737920.0,233520000.0
2005-06-06,'000055,方  大Ａ,5.49,5.53,5.25,5.39,5.42,0.07,1.2915,0.8462,355390,1915239.5,829165680.0,230580000.0
2005-06-03,'000055,方  大Ａ,5.42,5.55,5.34,5.46,5.48,-0.06,-1.0949,0.818,343570,1869502.6,818593440.0,227640000.0
2005-06-02,'000055,方  大Ａ,5.48,5.55,5.43,5.53,5.43,0.05,0.9208,1.4826,622710,3425588.43,827655360.0,230160000.0
2005-06-01,'000055,方  大Ａ,5.43,5.55,5.37,5.5,5.57,-0.14,-2.5135,0.7482,314259,1706449.16,820103760.0,228060000.0
2005-05-31,'000055,方  大Ａ,5.57,5.68,5.5,5.65,5.6,-0.03,-0.5357,0.9882,415031,2315998.48,841248240.0,233940000.0
2005-05-30,'000055,方  大Ａ,5.6,5.64,5.38,5.38,5.55,0.05,0.9009,0.7942,333543,1843511.85,845779200.0,235200000.0
2005-05-27,'000055,方  大Ａ,0.0,0.0,0.0,0.0,5.55,None,None,0.0,0,0.0,838227600.0,233100000.0
2005-05-26,'000055,方  大Ａ,5.55,5.72,5.54,5.61,5.68,-0.13,-2.2887,0.9828,412790,2314906.3,838227600.0,233100000.0
2005-05-25,'000055,方  大Ａ,5.68,5.79,5.47,5.5,5.56,0.12,2.1583,1.8065,758718,4288856.52,857861760.0,238560000.0
2005-05-24,'000055,方  大Ａ,5.56,5.59,5.22,5.3,5.36,0.2,3.7313,1.1668,490050,2693897.91,839737920.0,233520000.0
2005-05-23,'000055,方  大Ａ,5.36,5.6,5.34,5.6,5.69,-0.33,-5.7996,1.2474,523889,2834756.07,809531520.0,225120000.0
2005-05-20,'000055,方  大Ａ,5.69,5.93,5.69,5.78,5.69,0.0,0.0,1.5396,646611,3753585.75,859372080.0,238980000.0
2005-05-19,'000055,方  大Ａ,5.69,5.74,5.56,5.72,5.77,-0.08,-1.3865,0.8622,362109,2045973.63,859372080.0,238980000.0
2005-05-18,'000055,方  大Ａ,5.77,5.82,5.63,5.78,5.79,-0.02,-0.3454,1.454,610699,3499565.83,871454640.0,242340000.0
2005-05-17,'000055,方  大Ａ,5.79,5.84,5.63,5.7,5.69,0.1,1.7575,2.0143,846018,4859392.15,874475280.0,243180000.0
2005-05-16,'000055,方  大Ａ,5.69,5.74,5.55,5.7,5.7,-0.01,-0.1754,0.9835,413050,2342907.2,859372080.0,238980000.0
2005-05-13,'000055,方  大Ａ,5.7,5.79,5.52,5.52,5.6,0.1,1.7857,1.8018,756776,4287991.4,860882400.0,239400000.0
2005-05-12,'000055,方  大Ａ,5.6,5.76,5.42,5.75,5.88,-0.28,-4.7619,2.7224,1143422,6412546.17,845779200.0,235200000.0
2005-05-11,'000055,方  大Ａ,5.88,5.93,5.5,5.5,5.39,0.49,9.0909,6.358,2670360,15506083.28,888068160.0,246960000.0
2005-05-10,'000055,方  大Ａ,5.39,5.4,5.03,5.25,5.3,0.09,1.6981,1.3397,562679,2945713.32,814062480.0,226380000.0
2005-05-09,'000055,方  大Ａ,5.3,5.48,5.25,5.25,5.49,-0.19,-3.4608,0.9169,385093,2058114.88,800469600.0,222600000.0
2005-04-29,'000055,方  大Ａ,5.49,5.64,5.47,5.6,5.69,-0.2,-3.5149,1.1752,493572,2734121.66,829165680.0,230580000.0
2005-04-28,'000055,方  大Ａ,5.69,5.76,5.15,5.45,5.47,0.22,4.0219,2.1626,908277,5026393.92,859372080.0,238980000.0
2005-04-27,'000055,方  大Ａ,5.47,5.76,5.4,5.75,5.73,-0.26,-4.5375,1.2132,509550,2840436.72,826145040.0,229740000.0
2005-04-26,'000055,方  大Ａ,5.73,5.75,5.43,5.56,5.58,0.15,2.6882,1.7103,718334,4056710.88,865413360.0,240660000.0
2005-04-25,'000055,方  大Ａ,5.58,5.85,5.26,5.78,5.83,-0.25,-4.2882,1.9727,828516,4539479.71,842758560.0,234360000.0
2005-04-22,'000055,方  大Ａ,5.83,5.99,5.6,5.64,5.64,0.19,3.3688,2.0055,842307,4902403.08,880516560.0,244860000.0
2005-04-21,'000055,方  大Ａ,5.64,6.1,5.61,6.1,6.14,-0.5,-8.1433,2.3539,988646,5656451.95,851820480.0,236880000.0
2005-04-20,'000055,方  大Ａ,6.14,6.33,6.1,6.32,6.38,-0.24,-3.7618,1.9487,818461,5029503.4,927336480.0,257880000.0
2005-04-19,'000055,方  大Ａ,6.38,6.46,6.2,6.33,6.3,0.08,1.2698,1.5046,631943,4002445.47,963584160.0,267960000.0
2005-04-18,'000055,方  大Ａ,6.3,6.32,6.11,6.11,6.53,-0.23,-3.5222,2.7705,1163626,7217825.16,951501600.0,264600000.0
2005-04-15,'000055,方  大Ａ,6.53,6.78,6.45,6.7,6.79,-0.26,-3.8292,3.1304,1314769,8608694.9,986238960.0,274260000.0
2005-04-14,'000055,方  大Ａ,6.79,7.24,6.79,7.2,7.15,-0.36,-5.035,3.9569,1661901,11517191.45,1025507280.0,285180000.0
2005-04-13,'000055,方  大Ａ,7.15,7.3,7.05,7.05,7.02,0.13,1.8519,2.4424,1025821,7351740.82,1079878800.0,300300000.0
2005-04-12,'000055,方  大Ａ,7.02,7.3,7.0,7.29,7.26,-0.24,-3.3058,2.8762,1207995,8611214.47,1060244640.0,294840000.0
2005-04-11,'000055,方  大Ａ,7.26,7.5,7.15,7.39,7.38,-0.12,-1.626,3.6742,1543165,11251296.65,1096492320.0,304920000.0
2005-04-08,'000055,方  大Ａ,7.38,7.39,7.08,7.2,7.25,0.13,1.7931,5.5095,2314007,16779824.93,1114616160.0,309960000.0
2005-04-07,'000055,方  大Ａ,7.25,7.42,6.78,6.88,6.88,0.37,5.3779,8.7393,3670518,26410908.38,1094982000.0,304500000.0
2005-04-06,'000055,方  大Ａ,6.88,7.07,6.51,6.82,6.85,0.03,0.438,3.324,1396059,9447281.0,1039100160.0,288960000.0
2005-04-05,'000055,方  大Ａ,6.85,7.13,6.76,6.8,6.84,0.01,0.1462,2.7441,1152511,8032742.18,1034569200.0,287700000.0
2005-04-04,'000055,方  大Ａ,6.84,7.15,6.82,7.0,7.16,-0.32,-4.4693,3.4935,1467251,10225073.57,1033058880.0,287280000.0
2005-04-01,'000055,方  大Ａ,7.16,7.19,6.75,6.89,6.92,0.24,3.4682,7.467,3136157,21920025.49,1081389120.0,300720000.0
2005-03-31,'000055,方  大Ａ,6.92,6.93,6.38,6.53,6.6,0.32,4.8485,5.666,2379732,16010156.32,1045141440.0,290640000.0
2005-03-30,'000055,方  大Ａ,6.6,6.85,6.1,6.25,6.28,0.32,5.0955,5.0954,2140061,14013753.09,996811200.0,277200000.0
2005-03-29,'000055,方  大Ａ,6.28,6.6,6.25,6.49,6.54,-0.26,-3.9755,1.446,607300,3922530.0,948480960.0,263760000.0
2005-03-28,'000055,方  大Ａ,6.54,6.69,6.1,6.43,6.75,-0.21,-3.1111,2.7035,1135461,7253348.44,987749280.0,274680000.0
2005-03-25,'000055,方  大Ａ,6.75,6.85,6.63,6.8,6.88,-0.13,-1.8895,2.3727,996521,6690928.4,1019466000.0,283500000.0
2005-03-24,'000055,方  大Ａ,6.88,6.89,6.57,6.68,6.67,0.21,3.1484,6.9768,2930264,19732533.7,1039100160.0,288960000.0
2005-03-23,'000055,方  大Ａ,6.67,6.67,6.11,6.11,6.06,0.61,10.066,4.5245,1900305,12414692.87,1007383440.0,280140000.0
2005-03-22,'000055,方  大Ａ,6.06,6.31,5.92,6.31,6.33,-0.27,-4.2654,1.5,630006,3823519.62,915253920.0,254520000.0
2005-03-21,'000055,方  大Ａ,6.33,6.38,6.1,6.21,6.27,0.06,0.9569,0.9843,413391,2601748.78,956032560.0,265860000.0
2005-03-18,'000055,方  大Ａ,6.27,6.59,6.18,6.41,6.41,-0.14,-2.1841,1.4346,602540,3831596.76,946970640.0,263340000.0
2005-03-17,'000055,方  大Ａ,6.41,6.91,6.35,6.9,6.93,-0.52,-7.5036,3.0217,1269102,8332698.27,968115120.0,269220000.0
2005-03-16,'000055,方  大Ａ,6.93,7.15,6.83,7.1,7.12,-0.19,-2.6685,1.242,521622,3650900.42,1046651760.0,291060000.0
2005-03-15,'000055,方  大Ａ,7.12,7.13,6.91,7.0,6.99,0.13,1.8598,1.6932,711133,5001150.7,1075347840.0,299040000.0
2005-03-14,'000055,方  大Ａ,6.99,7.11,6.9,7.03,7.1,-0.11,-1.5493,1.9595,822987,5754028.39,1055713680.0,293580000.0
2005-03-11,'000055,方  大Ａ,7.1,7.16,7.0,7.03,7.1,0.0,0.0,1.9285,809976,5737857.33,1072327200.0,298200000.0
2005-03-10,'000055,方  大Ａ,7.1,7.4,7.0,7.33,7.37,-0.27,-3.6635,2.0874,876720,6291336.6,1072327200.0,298200000.0
2005-03-09,'000055,方  大Ａ,7.37,7.42,7.28,7.36,7.4,-0.03,-0.4054,2.3069,968899,7118471.92,1113105840.0,309540000.0
2005-03-08,'000055,方  大Ａ,7.4,7.54,7.22,7.22,7.02,0.38,5.4131,4.8927,2054913,15189543.61,1117636800.0,310800000.0
2005-03-07,'000055,方  大Ａ,7.02,7.05,6.88,7.01,6.9,0.12,1.7391,1.3817,580323,4031799.72,1060244640.0,294840000.0
2005-03-04,'000055,方  大Ａ,6.9,7.2,6.86,7.18,7.15,-0.25,-3.4965,2.0315,853210,5990309.75,1042120800.0,289800000.0
2005-03-03,'000055,方  大Ａ,7.15,7.23,7.01,7.07,7.08,0.07,0.9887,1.678,704775,5023033.23,1079878800.0,300300000.0
2005-03-02,'000055,方  大Ａ,7.08,7.38,7.0,7.37,7.36,-0.28,-3.8043,3.2705,1373595,9855206.4,1069306560.0,297360000.0
2005-03-01,'000055,方  大Ａ,7.36,7.52,7.32,7.5,7.54,-0.18,-2.3873,2.5118,1054945,7801598.81,1111595520.0,309120000.0
2005-02-28,'000055,方  大Ａ,7.54,7.58,7.25,7.25,7.39,0.15,2.0298,4.5859,1926095,14300761.8,1138781280.0,316680000.0
2005-02-25,'000055,方  大Ａ,7.39,7.49,7.23,7.45,7.4,-0.01,-0.1351,5.8612,2461684,18089027.98,1116126480.0,310380000.0
2005-02-24,'000055,方  大Ａ,7.4,7.9,7.35,7.53,7.22,0.18,2.4931,13.4831,5662899,42775486.3,1117636800.0,310800000.0
2005-02-23,'000055,方  大Ａ,7.22,7.22,6.48,6.58,6.56,0.66,10.061,3.6179,1519505,10594510.37,1090451040.0,303240000.0
2005-02-22,'000055,方  大Ａ,6.56,6.65,6.28,6.34,6.34,0.22,3.47,4.1787,1755072,11441102.66,990769920.0,275520000.0
2005-02-21,'000055,方  大Ａ,6.34,6.35,6.08,6.1,6.12,0.22,3.5948,1.5721,660300,4138693.82,957542880.0,266280000.0
2005-02-18,'000055,方  大Ａ,6.12,6.36,6.12,6.2,6.27,-0.15,-2.3923,1.5555,653291,4069751.95,924315840.0,257040000.0
2005-02-17,'000055,方  大Ａ,6.27,6.33,6.01,6.1,6.11,0.16,2.6187,1.7632,740541,4595055.5,946970640.0,263340000.0
2005-02-16,'000055,方  大Ａ,6.11,6.25,6.0,6.07,5.96,0.15,2.5168,1.8539,778638,4794518.25,922805520.0,256620000.0
2005-02-04,'000055,方  大Ａ,5.96,6.02,5.8,5.8,5.92,0.04,0.6757,1.7312,727114,4317493.28,900150720.0,250320000.0
2005-02-03,'000055,方  大Ａ,5.92,6.17,5.91,6.1,6.14,-0.22,-3.5831,2.8825,1210651,7282126.06,894109440.0,248640000.0
2005-02-02,'000055,方  大Ａ,6.14,6.19,5.61,5.66,5.7,0.44,7.7193,3.9208,1646735,9754484.87,927336480.0,257880000.0
2005-02-01,'000055,方  大Ａ,5.7,6.25,5.59,6.06,6.21,-0.51,-8.2126,4.7426,1991895,11573995.09,860882400.0,239400000.0
2005-01-31,'000055,方  大Ａ,6.21,6.79,6.21,6.79,6.9,-0.69,-10.0,2.2781,956800,6037199.18,937908720.0,260820000.0
2005-01-28,'000055,方  大Ａ,6.9,7.25,6.88,7.01,6.94,-0.04,-0.5764,2.2303,936716,6643885.77,1042120800.0,289800000.0
2005-01-27,'000055,方  大Ａ,6.94,7.05,6.78,7.0,6.96,-0.02,-0.2874,1.5996,671828,4626947.47,1048162080.0,291480000.0
2005-01-26,'000055,方  大Ａ,6.96,7.11,6.92,7.05,7.13,-0.17,-2.3843,1.0482,440239,3076299.44,1051182720.0,292320000.0
2005-01-25,'000055,方  大Ａ,7.13,7.2,7.0,7.2,7.28,-0.15,-2.0604,1.4918,626540,4442041.16,1076858160.0,299460000.0
2005-01-24,'000055,方  大Ａ,7.28,7.38,7.08,7.15,7.05,0.23,3.2624,3.0911,1298246,9359887.53,1099512960.0,305760000.0
2005-01-21,'000055,方  大Ａ,7.05,7.15,6.5,7.1,7.17,-0.12,-1.6736,2.4265,1019110,7049112.65,1064775600.0,296100000.0
2005-01-20,'000055,方  大Ａ,7.17,7.19,6.95,7.05,7.07,0.1,1.4144,2.4137,1013750,7195082.15,1082899440.0,301140000.0
2005-01-19,'000055,方  大Ａ,7.07,7.15,7.0,7.15,7.16,-0.09,-1.257,1.3965,586516,4130219.78,1067796240.0,296940000.0
2005-01-18,'000055,方  大Ａ,7.16,7.18,6.96,6.98,6.98,0.18,2.5788,1.4074,591104,4194047.54,1081389120.0,300720000.0
2005-01-17,'000055,方  大Ａ,6.98,7.06,6.85,7.0,7.15,-0.17,-2.3776,2.23,936593,6504856.3,1054203360.0,293160000.0
2005-01-14,'000055,方  大Ａ,7.15,7.4,7.14,7.4,7.38,-0.23,-3.1165,2.2621,950071,6896101.3,1079878800.0,300300000.0
2005-01-13,'000055,方  大Ａ,7.38,7.44,7.18,7.19,7.18,0.2,2.7855,3.9539,1660621,12169630.78,1114616160.0,309960000.0
2005-01-12,'000055,方  大Ａ,7.18,7.38,7.07,7.23,7.33,-0.15,-2.0464,3.6561,1535576,11013856.8,1084409760.0,301560000.0
2005-01-11,'000055,方  大Ａ,7.33,7.53,7.13,7.23,6.98,0.35,5.0143,7.3422,3083705,22614443.94,1107064560.0,307860000.0
2005-01-10,'000055,方  大Ａ,6.98,7.05,6.84,6.88,6.9,0.08,1.1594,5.1775,2174530,15142477.84,1054203360.0,293160000.0
2005-01-07,'000055,方  大Ａ,6.9,7.1,6.8,6.8,7.55,-0.65,-8.6093,9.9006,4158247,28651048.62,1042120800.0,289800000.0
2005-01-06,'000055,方  大Ａ,7.55,7.55,7.55,7.55,8.39,-0.84,-10.0119,0.761,319600,2412980.0,1140291600.0,317100000.0
2005-01-05,'000055,方  大Ａ,8.39,8.5,8.08,8.27,8.14,0.25,3.0713,0.9068,380844,3178055.57,1267158480.0,352380000.0
2005-01-04,'000055,方  大Ａ,8.14,8.6,8.12,8.6,8.42,-0.28,-3.3254,0.9162,384805,3174319.75,1229400480.0,341880000.0
2004-12-31,'000055,方  大Ａ,8.42,8.8,8.39,8.8,8.62,-0.2,-2.3202,0.5587,234647,2011970.49,1271689440.0,353640000.0
2004-12-30,'000055,方  大Ａ,8.62,8.76,8.52,8.61,8.69,-0.07,-0.8055,0.7667,322025,2765943.08,1301895840.0,362040000.0
2004-12-29,'000055,方  大Ａ,8.69,8.87,8.66,8.85,8.71,-0.02,-0.2296,0.7749,325445,2853688.25,1312468080.0,364980000.0
2004-12-28,'000055,方  大Ａ,8.71,8.78,8.54,8.62,8.68,0.03,0.3456,0.6921,290700,2518285.0,1315488720.0,365820000.0
2004-12-27,'000055,方  大Ａ,8.68,8.79,8.52,8.52,8.76,-0.08,-0.9132,0.34,142785,1238889.55,1310957760.0,364560000.0
2004-12-24,'000055,方  大Ａ,8.76,8.88,8.62,8.65,8.66,0.1,1.1547,0.604,253666,2226330.02,1323040320.0,367920000.0
2004-12-23,'000055,方  大Ａ,8.66,9.01,8.66,9.01,9.02,-0.36,-3.9911,1.1395,478572,4198063.48,1307937120.0,363720000.0
2004-12-22,'000055,方  大Ａ,9.02,9.1,8.43,8.58,8.43,0.59,6.9988,2.0466,859572,7565410.39,1362308640.0,378840000.0
2004-12-21,'000055,方  大Ａ,8.43,8.59,8.34,8.41,8.4,0.03,0.3571,0.8281,347811,2944730.64,1273199760.0,354060000.0
2004-12-20,'000055,方  大Ａ,8.4,8.63,8.38,8.58,8.61,-0.21,-2.439,1.5433,648177,5488851.88,1268668800.0,352800000.0
2004-12-17,'000055,方  大Ａ,8.61,8.91,8.6,8.78,8.78,-0.17,-1.9362,1.2384,520138,4527917.38,1300385520.0,361620000.0
2004-12-16,'000055,方  大Ａ,8.78,9.16,8.64,8.89,9.02,-0.24,-2.6608,1.9703,827522,7336902.3,1326060960.0,368760000.0
2004-12-15,'000055,方  大Ａ,9.02,9.28,8.98,9.13,9.13,-0.11,-1.2048,3.2795,1377379,12577344.78,1362308640.0,378840000.0
2004-12-14,'000055,方  大Ａ,9.13,9.16,8.91,9.15,9.06,0.07,0.7726,1.588,666968,6013759.44,1378922160.0,383460000.0
2004-12-13,'000055,方  大Ａ,9.06,9.12,8.5,8.59,8.7,0.36,4.1379,3.5041,1471729,13202134.55,1368349920.0,380520000.0
2004-12-10,'000055,方  大Ａ,8.7,9.03,8.67,8.95,9.0,-0.3,-3.3333,2.2469,943715,8307133.51,1313978400.0,365400000.0
2004-12-09,'000055,方  大Ａ,9.0,9.17,8.83,9.02,9.06,-0.06,-0.6623,1.818,763544,6888699.52,1359288000.0,378000000.0
2004-12-08,'000055,方  大Ａ,9.06,9.22,8.98,9.1,9.03,0.03,0.3322,1.4947,627755,5692727.96,1368349920.0,380520000.0
2004-12-07,'000055,方  大Ａ,9.03,9.18,8.97,9.04,9.05,-0.02,-0.221,2.4144,1014040,9186301.67,1363818960.0,379260000.0
2004-12-06,'000055,方  大Ａ,9.05,9.46,9.0,9.31,9.35,-0.3,-3.2086,5.0476,2119984,19360975.12,1366839600.0,380100000.0
2004-12-03,'000055,方  大Ａ,9.35,9.84,9.34,9.75,9.68,-0.33,-3.4091,4.3695,1835194,17599220.37,1412149200.0,392700000.0
2004-12-02,'000055,方  大Ａ,9.68,9.91,9.58,9.7,9.67,0.01,0.1034,3.9014,1638569,15992902.37,1461989760.0,406560000.0
2004-12-01,'000055,方  大Ａ,9.67,10.05,9.47,9.5,9.58,0.09,0.9395,4.9122,2063139,20188086.91,1460479440.0,406140000.0
2004-11-30,'000055,方  大Ａ,9.58,9.7,9.36,9.59,9.56,0.02,0.2092,2.3887,1003245,9552218.48,1446886560.0,402360000.0
2004-11-29,'000055,方  大Ａ,9.56,9.74,9.23,9.35,9.28,0.28,3.0172,4.7374,1989724,18993644.59,1443865920.0,401520000.0
2004-11-26,'000055,方  大Ａ,9.28,9.5,9.26,9.35,9.32,-0.04,-0.4292,1.9958,838220,7839254.41,1401576960.0,389760000.0
2004-11-25,'000055,方  大Ａ,9.32,9.62,9.25,9.26,9.32,0.0,0.0,3.3018,1386757,13056063.39,1407618240.0,391440000.0
2004-11-24,'000055,方  大Ａ,9.32,9.83,9.27,9.68,9.77,-0.45,-4.6059,5.6064,2354669,22339546.18,1407618240.0,391440000.0
2004-11-23,'000055,方  大Ａ,9.77,10.29,9.59,9.79,9.8,-0.03,-0.3061,13.9626,5864288,57932196.65,1475582640.0,410340000.0
2004-11-22,'000055,方  大Ａ,9.8,9.8,8.8,8.92,8.91,0.89,9.9888,10.5336,4424129,42273329.06,1480113600.0,411600000.0
2004-11-19,'000055,方  大Ａ,8.91,9.01,8.74,8.97,8.94,-0.03,-0.3356,1.1917,500515,4433348.7,1345695120.0,374220000.0
2004-11-18,'000055,方  大Ａ,8.94,8.95,8.81,8.83,8.83,0.11,1.2457,0.8185,343762,3051725.18,1350226080.0,375480000.0
2004-11-17,'000055,方  大Ａ,8.83,8.99,8.77,8.97,8.95,-0.12,-1.3408,1.17,491418,4341002.86,1333612560.0,370860000.0
2004-11-16,'000055,方  大Ａ,8.95,9.18,8.9,9.13,9.12,-0.17,-1.864,1.5129,635427,5738085.38,1351736400.0,375900000.0
2004-11-15,'000055,方  大Ａ,9.12,9.14,8.9,9.05,8.99,0.13,1.4461,1.7421,731694,6576941.84,1377411840.0,383040000.0
2004-11-12,'000055,方  大Ａ,8.99,9.1,8.82,8.89,8.91,0.08,0.8979,2.2363,939245,8411432.37,1357777680.0,377580000.0
2004-11-11,'000055,方  大Ａ,8.91,9.49,8.91,9.1,9.04,-0.13,-1.4381,6.1388,2578311,23636721.84,1345695120.0,374220000.0
2004-11-10,'000055,方  大Ａ,9.04,9.08,8.48,8.56,8.59,0.45,5.2386,4.7159,1980658,17524188.99,1365329280.0,379680000.0
2004-11-09,'000055,方  大Ａ,8.59,8.6,8.38,8.5,8.47,0.12,1.4168,1.2374,519723,4416668.47,1297364880.0,360780000.0
2004-11-08,'000055,方  大Ａ,8.47,8.59,8.2,8.2,8.32,0.15,1.8029,0.9691,407016,3439039.24,1279241040.0,355740000.0
2004-11-05,'000055,方  大Ａ,8.32,8.42,8.23,8.35,8.29,0.03,0.3619,0.8674,364322,3025204.07,1256586240.0,349440000.0
2004-11-04,'000055,方  大Ａ,8.29,8.74,8.21,8.38,8.39,-0.1,-1.1919,2.6346,1106512,9429376.31,1252055280.0,348180000.0
2004-11-03,'000055,方  大Ａ,8.39,8.45,8.2,8.21,8.21,0.18,2.1924,1.1189,469939,3924959.63,1267158480.0,352380000.0
2004-11-02,'000055,方  大Ａ,8.21,8.25,8.02,8.02,8.13,0.08,0.984,0.8886,373200,3031928.68,1239972720.0,344820000.0
2004-11-01,'000055,方  大Ａ,8.13,8.3,8.05,8.18,8.25,-0.12,-1.4545,1.0521,441869,3599512.48,1227890160.0,341460000.0
2004-10-29,'000055,方  大Ａ,8.25,8.5,8.0,8.3,8.6,-0.35,-4.0698,2.1813,916140,7614767.74,1246014000.0,346500000.0
2004-10-28,'000055,方  大Ａ,8.6,8.88,8.25,8.33,8.33,0.27,3.2413,4.5078,1893289,16319864.52,1298875200.0,361200000.0
2004-10-27,'000055,方  大Ａ,8.33,8.34,7.98,8.21,8.2,0.13,1.5854,1.8085,759578,6174362.86,1258096560.0,349860000.0
2004-10-26,'000055,方  大Ａ,8.2,8.25,7.9,8.05,8.1,0.1,1.2346,1.1495,482798,3876574.0,1238462400.0,344400000.0
2004-10-25,'000055,方  大Ａ,8.1,8.33,8.06,8.08,8.08,0.02,0.2475,1.4344,602446,4933093.55,1223359200.0,340200000.0
2004-10-22,'000055,方  大Ａ,8.08,8.38,7.86,8.35,8.28,-0.2,-2.4155,2.1946,921715,7438180.26,1220338560.0,339360000.0
2004-10-21,'000055,方  大Ａ,8.28,8.66,8.2,8.45,8.54,-0.26,-3.0445,1.9807,831895,6962892.57,1250544960.0,347760000.0
2004-10-20,'000055,方  大Ａ,8.54,8.68,7.95,8.6,8.7,-0.16,-1.8391,1.9464,817499,6777946.66,1289813280.0,358680000.0
2004-10-19,'000055,方  大Ａ,8.7,9.06,8.61,8.61,8.72,-0.02,-0.2294,1.7812,748096,6603893.81,1313978400.0,365400000.0
2004-10-18,'000055,方  大Ａ,8.72,8.8,8.4,8.61,8.55,0.17,1.9883,1.3011,546458,4727944.6,1316999040.0,366240000.0
2004-10-15,'000055,方  大Ａ,8.55,8.65,8.25,8.48,8.47,0.08,0.9445,2.3039,967626,8200296.93,1291323600.0,359100000.0
2004-10-14,'000055,方  大Ａ,8.47,9.44,8.43,9.4,9.37,-0.9,-9.6051,3.2519,1365787,12020799.98,1279241040.0,355740000.0
2004-10-13,'000055,方  大Ａ,9.37,9.48,9.09,9.13,9.11,0.26,2.854,2.8891,1213432,11229150.39,1415169840.0,393540000.0
2004-10-12,'000055,方  大Ａ,9.11,9.37,9.03,9.18,9.22,-0.11,-1.1931,3.1443,1320607,12126270.89,1375901520.0,382620000.0
2004-10-11,'000055,方  大Ａ,9.22,9.53,8.55,8.55,8.66,0.56,6.4665,7.5466,3169585,29405437.23,1392515040.0,387240000.0
2004-10-08,'000055,方  大Ａ,8.66,8.68,8.18,8.24,8.24,0.42,5.0971,1.5196,638221,5378457.97,1307937120.0,363720000.0
2004-09-30,'000055,方  大Ａ,8.24,8.69,8.1,8.65,8.71,-0.47,-5.3961,2.7205,1142629,9614335.07,1244503680.0,346080000.0
2004-09-29,'000055,方  大Ａ,8.71,8.88,8.68,8.8,8.8,-0.09,-1.0227,0.9485,398353,3484555.74,1315488720.0,365820000.0
2004-09-28,'000055,方  大Ａ,8.8,9.02,8.47,8.9,8.86,-0.06,-0.6772,2.2299,936567,8159638.97,1329081600.0,369600000.0
2004-09-27,'000055,方  大Ａ,8.86,9.4,8.83,9.1,9.08,-0.22,-2.4229,2.9916,1256484,11316803.49,1338143520.0,372120000.0
2004-09-24,'000055,方  大Ａ,9.08,9.73,9.05,9.18,9.13,-0.05,-0.5476,7.1641,3008920,28470730.06,1371370560.0,381360000.0
2004-09-23,'000055,方  大Ａ,9.13,9.14,8.72,8.85,8.85,0.28,3.1638,2.5941,1089508,9740873.02,1378922160.0,383460000.0
2004-09-22,'000055,方  大Ａ,8.85,9.15,8.85,9.08,9.08,-0.23,-2.533,3.7397,1570668,14058270.38,1336633200.0,371700000.0
2004-09-21,'000055,方  大Ａ,9.08,9.56,8.75,9.09,9.12,-0.04,-0.4386,6.0137,2525764,23040797.72,1371370560.0,381360000.0
2004-09-20,'000055,方  大Ａ,9.12,9.18,8.66,8.78,8.78,0.34,3.8724,6.6924,2810828,25200103.2,1377411840.0,383040000.0
2004-09-17,'000055,方  大Ａ,8.78,8.8,8.32,8.5,8.6,0.18,2.093,6.2567,2627810,22666853.22,1326060960.0,368760000.0
2004-09-16,'000055,方  大Ａ,8.6,8.8,7.98,8.0,8.08,0.52,6.4356,6.0455,2539101,21245132.96,1298875200.0,361200000.0
2004-09-15,'000055,方  大Ａ,8.08,8.22,7.31,7.49,7.56,0.52,6.8783,4.1282,1733854,13878004.14,1220338560.0,339360000.0
2004-09-14,'000055,方  大Ａ,7.56,7.67,7.19,7.19,7.12,0.44,6.1798,1.9054,800280,6010863.41,1141801920.0,317520000.0
2004-09-13,'000055,方  大Ａ,7.12,7.6,7.1,7.6,7.65,-0.53,-6.9281,1.384,581300,4246901.81,1075347840.0,299040000.0
2004-09-10,'000055,方  大Ａ,7.65,7.69,7.48,7.51,7.68,-0.03,-0.3906,0.7877,330844,2505464.11,1155394800.0,321300000.0
2004-09-09,'000055,方  大Ａ,7.68,7.9,7.65,7.82,7.97,-0.29,-3.6386,1.2216,513052,3971138.67,1159925760.0,322560000.0
2004-09-08,'000055,方  大Ａ,7.97,8.12,7.91,8.08,8.07,-0.1,-1.2392,0.7645,321096,2564759.73,1203725040.0,334740000.0
2004-09-07,'000055,方  大Ａ,8.07,8.15,7.96,8.11,8.16,-0.09,-1.1029,0.6835,287071,2305846.42,1218828240.0,338940000.0
2004-09-06,'000055,方  大Ａ,8.16,8.16,8.0,8.05,8.04,0.12,1.4925,1.3153,552428,4465422.42,1232421120.0,342720000.0
2004-09-03,'000055,方  大Ａ,8.04,8.15,8.0,8.11,8.06,-0.02,-0.2481,1.9302,810702,6539440.67,1214297280.0,337680000.0
2004-09-02,'000055,方  大Ａ,8.06,8.07,7.73,7.75,7.75,0.31,4.0,1.3898,583728,4630429.47,1217317920.0,338520000.0
2004-09-01,'000055,方  大Ａ,7.75,7.97,7.71,7.94,8.0,-0.25,-3.125,1.1196,470224,3663428.53,1170498000.0,325500000.0
2004-08-31,'000055,方  大Ａ,8.0,8.28,7.8,8.0,7.69,0.31,4.0312,4.037,1695558,13668673.13,1208256000.0,336000000.0
2004-08-30,'000055,方  大Ａ,7.69,7.7,7.45,7.54,7.52,0.17,2.2606,0.8415,353440,2687000.03,1161436080.0,322980000.0
2004-08-27,'000055,方  大Ａ,7.52,7.74,7.41,7.58,7.58,-0.06,-0.7916,1.141,479211,3616366.14,1135760640.0,315840000.0
2004-08-26,'000055,方  大Ａ,7.58,7.96,7.53,7.82,7.94,-0.36,-4.534,1.1075,465150,3587295.7,1144822560.0,318360000.0
2004-08-25,'000055,方  大Ａ,7.94,8.08,7.81,8.0,7.95,-0.01,-0.1258,1.3748,577400,4590298.13,1199194080.0,333480000.0
2004-08-24,'000055,方  大Ａ,7.95,8.0,7.73,7.75,7.75,0.2,2.5806,1.8046,757939,6005440.4,1200704400.0,333900000.0
2004-08-23,'000055,方  大Ａ,7.75,7.87,7.55,7.63,7.67,0.08,1.043,1.5322,643536,4975523.32,1170498000.0,325500000.0
2004-08-20,'000055,方  大Ａ,7.67,7.8,7.32,7.76,7.77,-0.1,-1.287,2.6974,1132917,8548449.99,1158415440.0,322140000.0
2004-08-19,'000055,方  大Ａ,7.77,8.21,7.73,8.2,8.2,-0.43,-5.2439,2.6422,1109710,8767200.59,1173518640.0,326340000.0
2004-08-18,'000055,方  大Ａ,8.2,8.39,8.15,8.21,8.19,0.01,0.1221,1.6832,706942,5850238.51,1238462400.0,344400000.0
2004-08-17,'000055,方  大Ａ,8.19,8.38,7.92,8.0,8.28,-0.09,-1.087,2.1399,898763,7397746.8,1236952080.0,343980000.0
2004-08-16,'000055,方  大Ａ,8.28,9.0,8.18,9.0,9.09,-0.81,-8.9109,4.8951,2055933,17238697.59,1250544960.0,347760000.0
2004-08-13,'000055,方  大Ａ,9.09,9.77,9.01,9.55,9.65,-0.56,-5.8031,2.1031,883307,8364774.95,1372880880.0,381780000.0
2004-08-12,'000055,方  大Ａ,9.65,9.7,9.41,9.65,9.67,-0.02,-0.2068,1.8072,759024,7261866.74,1457458800.0,405300000.0
2004-08-11,'000055,方  大Ａ,9.67,10.4,9.43,10.4,10.41,-0.74,-7.1085,5.3404,2242973,21907035.11,1460479440.0,406140000.0
2004-08-10,'000055,方  大Ａ,10.41,10.56,10.28,10.36,10.39,0.02,0.1925,0.92,386385,4012268.83,1572243120.0,437220000.0
2004-08-09,'000055,方  大Ａ,10.39,10.55,10.29,10.29,10.46,-0.07,-0.6692,1.6529,694222,7220942.65,1569222480.0,436380000.0
2004-08-06,'000055,方  大Ａ,10.46,10.82,10.35,10.75,10.75,-0.29,-2.6977,2.7987,1175438,12385840.9,1579794720.0,439320000.0
2004-08-05,'000055,方  大Ａ,10.75,11.15,10.73,10.92,10.92,-0.17,-1.5568,1.936,813100,8861637.02,1623594000.0,451500000.0
2004-08-04,'000055,方  大Ａ,10.92,11.15,10.61,10.69,10.65,0.27,2.5352,2.732,1147422,12554416.93,1649269440.0,458640000.0
2004-08-03,'000055,方  大Ａ,10.65,10.76,10.36,10.45,10.51,0.14,1.3321,1.4163,594836,6308857.48,1608490800.0,447300000.0
2004-08-02,'000055,方  大Ａ,10.51,10.69,10.25,10.69,10.72,-0.21,-1.959,2.6797,1125489,11788013.11,1587346320.0,441420000.0
2004-07-30,'000055,方  大Ａ,10.72,11.38,10.7,11.33,11.33,-0.61,-5.3839,3.374,1417100,15653114.59,1619063040.0,450240000.0
2004-07-29,'000055,方  大Ａ,11.33,11.34,11.0,11.2,11.2,0.13,1.1607,3.6636,1538717,17219860.25,1711192560.0,475860000.0
2004-07-28,'000055,方  大Ａ,11.2,11.25,10.68,10.7,10.73,0.47,4.3802,4.4926,1886903,20803393.17,1691558400.0,470400000.0
2004-07-27,'000055,方  大Ａ,10.73,10.88,10.45,10.67,10.69,0.04,0.3742,1.6353,686846,7335152.68,1620573360.0,450660000.0
2004-07-26,'000055,方  大Ａ,10.69,10.89,10.6,10.89,10.97,-0.28,-2.5524,1.2615,529821,5680670.58,1614532080.0,448980000.0
2004-07-23,'000055,方  大Ａ,10.97,11.0,10.58,10.65,10.7,0.27,2.5234,2.5174,1057317,11377284.68,1656821040.0,460740000.0
2004-07-22,'000055,方  大Ａ,10.7,11.35,10.6,11.23,11.23,-0.53,-4.7195,4.6558,1955446,21575271.36,1616042400.0,449400000.0
2004-07-21,'000055,方  大Ａ,11.23,11.36,10.52,10.56,10.54,0.69,6.5465,4.9472,2077811,22945545.6,1696089360.0,471660000.0
2004-07-20,'000055,方  大Ａ,10.54,10.7,10.48,10.7,10.72,-0.18,-1.6791,1.6092,675850,7140538.35,1591877280.0,442680000.0
2004-07-19,'000055,方  大Ａ,10.72,10.88,10.59,10.67,10.67,0.05,0.4686,2.5495,1070794,11493839.71,1619063040.0,450240000.0
2004-07-16,'000055,方  大Ａ,10.67,10.76,10.24,10.31,10.24,0.43,4.1992,3.6587,1536645,16309873.83,1611511440.0,448140000.0
2004-07-15,'000055,方  大Ａ,10.24,10.3,9.96,10.18,10.16,0.08,0.7874,1.2251,514530,5236028.5,1546567680.0,430080000.0
2004-07-14,'000055,方  大Ａ,10.16,10.2,9.61,10.07,10.07,0.09,0.8937,1.1716,492071,4909149.46,1534485120.0,426720000.0
2004-07-13,'000055,方  大Ａ,10.07,10.19,9.9,9.95,9.94,0.13,1.3078,1.0155,426502,4296721.06,1520892240.0,422940000.0
2004-07-12,'000055,方  大Ａ,9.94,10.3,9.9,10.3,10.4,-0.46,-4.4231,1.7135,719656,7213990.8,1501258080.0,417480000.0
2004-07-09,'000055,方  大Ａ,10.4,10.79,10.38,10.72,10.72,-0.32,-2.9851,1.3028,547181,5762585.31,1570732800.0,436800000.0
2004-07-08,'000055,方  大Ａ,10.72,10.77,10.4,10.4,10.55,0.17,1.6114,1.525,640484,6773648.33,1619063040.0,450240000.0
2004-07-07,'000055,方  大Ａ,10.55,10.75,10.42,10.7,10.77,-0.22,-2.0427,1.6698,701311,7371201.39,1593387600.0,443100000.0
2004-07-06,'000055,方  大Ａ,10.77,11.09,10.7,10.7,10.67,0.1,0.9372,3.2321,1357497,14788006.87,1626614640.0,452340000.0
2004-07-05,'000055,方  大Ａ,10.67,11.34,10.47,11.34,10.31,0.36,3.4918,4.048,1700167,18235718.89,1611511440.0,448140000.0
2004-07-02,'000055,方  大Ａ,10.31,10.49,10.1,10.35,10.39,-0.08,-0.77,2.4555,1031315,10638571.37,1557139920.0,433020000.0
2004-07-01,'000055,方  大Ａ,10.39,10.48,9.79,9.82,9.83,0.56,5.6968,2.8411,1193279,12199058.36,1569222480.0,436380000.0
2004-06-30,'000055,方  大Ａ,9.83,10.25,9.7,10.2,10.26,-0.43,-4.191,2.0854,875871,8738024.94,1484644560.0,412860000.0
2004-06-29,'000055,方  大Ａ,10.26,10.42,9.76,9.95,9.53,0.73,7.66,4.0607,1705505,17232757.08,1549588320.0,430920000.0
2004-06-28,'000055,方  大Ａ,9.53,9.98,9.31,9.98,10.01,-0.48,-4.7952,2.021,848833,8052499.11,1439334960.0,400260000.0
2004-06-25,'000055,方  大Ａ,10.01,10.7,9.92,10.69,10.69,-0.68,-6.3611,2.256,947534,9622064.6,1511830320.0,420420000.0
2004-06-24,'000055,方  大Ａ,10.69,10.85,10.56,10.85,10.66,0.03,0.2814,1.6003,672134,7192661.55,1614532080.0,448980000.0
2004-06-23,'000055,方  大Ａ,10.66,10.81,10.39,10.76,10.88,-0.22,-2.0221,1.8509,777360,8188619.52,1610001120.0,447720000.0
2004-06-22,'000055,方  大Ａ,10.88,11.07,10.5,10.5,10.54,0.34,3.2258,4.0468,1699642,18467319.28,1643228160.0,456960000.0
2004-06-21,'000055,方  大Ａ,10.54,10.56,10.0,10.1,10.16,0.38,3.7402,1.6696,701236,7237697.03,1591877280.0,442680000.0
2004-06-18,'000055,方  大Ａ,10.16,10.28,9.92,9.95,10.01,0.15,1.4985,1.0898,457722,4632183.65,1534485120.0,426720000.0
2004-06-17,'000055,方  大Ａ,10.01,10.4,10.0,10.15,10.2,-0.19,-1.8627,1.6198,680320,6920178.55,1511830320.0,420420000.0
2004-06-16,'000055,方  大Ａ,10.2,10.3,10.0,10.2,10.27,-0.07,-0.6816,1.5161,636750,6484081.6,1540526400.0,428400000.0
2004-06-15,'000055,方  大Ａ,10.27,10.29,9.88,10.0,10.01,0.26,2.5974,1.5651,657328,6623509.71,1551098640.0,431340000.0
2004-06-14,'000055,方  大Ａ,10.01,10.6,9.81,10.6,10.66,-0.65,-6.0976,3.4337,1442156,14559762.66,1511830320.0,420420000.0
2004-06-11,'000055,方  大Ａ,10.66,11.19,10.64,10.8,10.74,-0.08,-0.7449,2.2182,931650,10159297.52,1610001120.0,447720000.0
2004-06-10,'000055,方  大Ａ,10.74,10.88,10.58,10.69,10.7,0.04,0.3738,1.8486,776422,8339512.48,1622083680.0,451080000.0
2004-06-09,'000055,方  大Ａ,10.7,11.63,10.63,11.51,11.63,-0.93,-7.9966,4.3729,1836624,20283746.39,1616042400.0,449400000.0
2004-06-08,'000055,方  大Ａ,11.63,11.9,11.56,11.77,11.78,-0.15,-1.2733,1.7659,741694,8677528.28,1756502160.0,488460000.0
2004-06-07,'000055,方  大Ａ,11.78,11.86,11.56,11.78,11.9,-0.12,-1.0084,1.6356,686941,8022457.87,1779156960.0,494760000.0
2004-06-04,'000055,方  大Ａ,11.9,12.2,11.51,11.51,11.63,0.27,2.3216,3.502,1470838,17509395.95,1797280800.0,499800000.0
2004-06-03,'000055,方  大Ａ,11.63,12.31,11.6,12.31,12.31,-0.68,-5.524,4.8875,2052745,24237916.57,1756502160.0,488460000.0
2004-06-02,'000055,方  大Ａ,12.31,12.5,11.81,12.02,12.02,0.29,2.4126,6.5071,2733001,33224461.76,1859203920.0,517020000.0
2004-06-01,'000055,方  大Ａ,12.02,12.08,11.63,11.74,11.72,0.3,2.5597,6.3665,2673931,31931185.8,1815404640.0,504840000.0
2004-05-31,'000055,方  大Ａ,11.72,11.84,11.5,11.64,11.63,0.09,0.7739,2.4057,1010399,11781952.31,1770095040.0,492240000.0
2004-05-28,'000055,方  大Ａ,11.66,12.08,11.39,11.39,11.34,0.32,2.8219,8.0173,3367274,39729235.74,1761033120.0,489720000.0
2004-05-27,'000055,方  大Ａ,11.34,11.4,10.7,10.8,10.95,0.39,3.5616,3.5299,1482571,16607320.79,1712702880.0,476280000.0
2004-05-26,'000055,方  大Ａ,10.95,10.97,10.5,10.67,10.74,0.21,1.9553,1.9527,820119,8839112.4,1653800400.0,459900000.0
2004-05-25,'000055,方  大Ａ,10.74,11.43,10.7,11.3,11.38,-0.64,-5.6239,2.8076,1179174,12916661.17,1622083680.0,451080000.0
2004-05-24,'000055,方  大Ａ,11.38,11.75,11.3,11.5,11.5,-0.12,-1.0435,1.8764,788067,9051787.75,1718744160.0,477960000.0
2004-05-21,'000055,方  大Ａ,11.5,11.55,11.16,11.4,11.45,0.05,0.4367,1.8932,795160,9027190.65,1736868000.0,483000000.0
2004-05-20,'000055,方  大Ａ,11.45,11.65,11.3,11.63,11.64,-0.19,-1.6323,2.1379,897921,10272062.4,1729316400.0,480900000.0
2004-05-19,'000055,方  大Ａ,11.64,11.94,11.6,11.78,11.8,-0.16,-1.3559,4.7182,1981645,23337897.19,1758012480.0,488880000.0
2004-05-18,'000055,方  大Ａ,11.8,11.86,11.22,11.22,11.04,0.76,6.8841,6.2117,2608905,30317898.14,1782177600.0,495600000.0
2004-05-17,'000055,方  大Ａ,11.04,11.2,10.81,10.88,10.96,0.08,0.7299,1.9284,809935,8934923.98,1667393280.0,463680000.0
2004-05-14,'000055,方  大Ａ,10.96,11.6,10.83,11.6,11.67,-0.71,-6.084,3.9397,1654659,18418648.9,1655310720.0,460320000.0
2004-05-13,'000055,方  大Ａ,11.67,11.7,11.25,11.7,11.69,-0.02,-0.1711,4.3748,1837429,21014126.19,1762543440.0,490140000.0
2004-05-12,'000055,方  大Ａ,11.69,11.78,11.31,11.47,11.5,0.19,1.6522,6.7833,2848974,33038998.28,1765564080.0,490980000.0
2004-05-11,'000055,方  大Ａ,11.5,11.65,10.74,10.95,10.8,0.7,6.4815,7.4913,3146325,35581733.96,1736868000.0,483000000.0
2004-05-10,'000055,方  大Ａ,10.8,11.0,10.62,10.74,10.74,0.06,0.5587,2.5345,1064489,11492767.99,1631145600.0,453600000.0
2004-04-30,'000055,方  大Ａ,10.74,11.38,10.3,11.16,11.03,-0.29,-2.6292,5.5803,2343742,25063863.84,1622083680.0,451080000.0
2004-04-29,'000055,方  大Ａ,11.03,11.2,10.79,11.02,11.03,0.0,0.0,3.8379,1611909,17698176.99,1665882960.0,463260000.0
2004-04-28,'000055,方  大Ａ,11.03,11.38,10.93,11.02,10.93,0.1,0.9149,4.5726,1920510,21542365.58,1665882960.0,463260000.0
2004-04-27,'000055,方  大Ａ,10.93,11.17,10.7,10.98,11.04,-0.11,-0.9964,3.8468,1615637,17691878.81,1650779760.0,459060000.0
2004-04-26,'000055,方  大Ａ,11.04,11.19,10.71,10.8,11.0,0.04,0.3636,4.6073,1935058,21204777.82,1667393280.0,463680000.0
2004-04-23,'000055,方  大Ａ,11.0,12.18,11.0,12.18,12.22,-1.22,-9.9836,8.5539,3592629,40882996.19,1661352000.0,462000000.0
2004-04-22,'000055,方  大Ａ,12.22,12.35,11.8,11.95,11.99,0.23,1.9183,5.1315,2155214,26208756.28,1845611040.0,513240000.0
2004-04-21,'000055,方  大Ａ,11.99,12.3,11.53,11.84,11.84,0.15,1.2669,5.4289,2280131,27227702.46,1810873680.0,503580000.0
2004-04-20,'000055,方  大Ａ,11.84,12.09,11.41,11.5,11.64,0.2,1.7182,4.667,1960134,23200785.14,1788218880.0,497280000.0
2004-04-19,'000055,方  大Ａ,11.64,12.48,11.6,12.48,12.56,-0.92,-7.3248,6.8029,2857198,34117957.34,1758012480.0,488880000.0
2004-04-16,'000055,方  大Ａ,12.56,12.59,11.88,12.1,12.15,0.41,3.3745,9.186,3858110,47233027.17,1896961920.0,527520000.0
2004-04-15,'000055,方  大Ａ,12.15,13.29,12.13,12.85,12.85,-0.7,-5.4475,6.2104,2608384,33004552.48,1835038800.0,510300000.0
2004-04-14,'000055,方  大Ａ,12.85,13.28,12.52,12.9,13.02,-0.17,-1.3057,5.8429,2454019,31835553.51,1940761200.0,539700000.0
2004-04-13,'000055,方  大Ａ,13.02,13.6,12.74,13.55,13.67,-0.65,-4.7549,10.9663,4605846,60237524.68,1966436640.0,546840000.0
2004-04-12,'000055,方  大Ａ,13.67,14.14,13.42,13.9,13.98,-0.31,-2.2175,9.0918,3818566,52268155.47,2064607440.0,574140000.0
2004-04-09,'000055,方  大Ａ,13.98,14.96,13.6,13.7,13.7,0.28,2.0438,21.5323,9043551,130086744.91,2111427360.0,587160000.0
2004-04-08,'000055,方  大Ａ,13.7,13.91,13.33,13.65,13.7,0.0,0.0,8.4787,3561063,48228034.3,2069138400.0,575400000.0
2004-04-07,'000055,方  大Ａ,13.7,14.05,13.33,13.48,13.53,0.17,1.2565,11.7772,4946412,67676253.9,2069138400.0,575400000.0
2004-04-06,'000055,方  大Ａ,13.53,13.72,13.12,13.7,13.71,-0.18,-1.3129,10.3316,4339282,58129990.73,2043462960.0,568260000.0
2004-04-05,'000055,方  大Ａ,13.71,14.15,13.05,13.41,13.41,0.3,2.2371,14.827,6227360,84737437.62,2070648720.0,575820000.0
2004-04-02,'000055,方  大Ａ,13.41,13.86,13.15,13.3,13.3,0.11,0.8271,16.9691,7127034,96485029.56,2025339120.0,563220000.0
2004-04-01,'000055,方  大Ａ,13.3,14.07,12.87,13.5,12.9,0.4,3.1008,25.3301,10638626,141810057.19,2008725600.0,558600000.0
2004-03-31,'000055,方  大Ａ,12.9,12.9,11.87,11.87,11.73,1.17,9.9744,18.4291,7740210,96815134.52,1948312800.0,541800000.0
2004-03-30,'000055,方  大Ａ,11.73,11.73,10.53,10.7,10.66,1.07,10.0375,27.8456,11695143,132744317.98,1771605360.0,492660000.0
2004-03-29,'000055,方  大Ａ,0.0,0.0,0.0,0.0,10.66,None,None,0.0,0,0.0,1610001120.0,447720000.0
2004-03-26,'000055,方  大Ａ,0.0,0.0,0.0,0.0,10.66,None,None,0.0,0,0.0,1610001120.0,447720000.0
2004-03-25,'000055,方  大Ａ,10.66,10.66,10.38,10.66,9.69,0.97,10.0103,21.459,9012798,95904922.73,1610001120.0,447720000.0
2004-03-24,'000055,方  大Ａ,9.69,9.69,9.1,9.1,8.81,0.88,9.9886,3.9103,1642311,15737102.1,1463500080.0,406980000.0
2004-03-23,'000055,方  大Ａ,8.81,9.0,8.78,9.0,8.92,-0.11,-1.2332,0.5981,251222,2220718.97,1330591920.0,370020000.0
2004-03-22,'000055,方  大Ａ,8.92,8.94,8.66,8.74,8.75,0.17,1.9429,1.0268,431256,3819673.86,1347205440.0,374640000.0
2004-03-19,'000055,方  大Ａ,8.75,8.85,8.52,8.54,8.59,0.16,1.8626,0.7159,300668,2602287.74,1321530000.0,367500000.0
2004-03-18,'000055,方  大Ａ,8.59,8.93,8.53,8.88,8.88,-0.29,-3.2658,0.9455,397100,3468830.25,1297364880.0,360780000.0
2004-03-17,'000055,方  大Ａ,8.88,9.07,8.75,8.83,8.81,0.07,0.7946,1.1791,495218,4392850.25,1341164160.0,372960000.0
2004-03-16,'000055,方  大Ａ,8.81,8.94,8.75,8.92,8.9,-0.09,-1.0112,0.8524,358017,3154145.58,1330591920.0,370020000.0
2004-03-15,'000055,方  大Ａ,8.9,8.95,8.52,8.71,8.74,0.16,1.8307,1.9465,817536,7236805.38,1344184800.0,373800000.0
2004-03-12,'000055,方  大Ａ,8.74,8.84,8.62,8.82,8.84,-0.1,-1.1312,0.7178,301494,2620016.09,1320019680.0,367080000.0
2004-03-11,'000055,方  大Ａ,8.84,8.9,8.54,8.63,8.64,0.2,2.3148,1.1972,502813,4389413.81,1335122880.0,371280000.0
2004-03-10,'000055,方  大Ａ,8.64,8.65,8.4,8.5,8.49,0.15,1.7668,0.6716,282071,2405146.36,1304916480.0,362880000.0
2004-03-09,'000055,方  大Ａ,8.49,8.7,8.4,8.46,8.45,0.04,0.4734,0.581,244000,2088783.29,1282261680.0,356580000.0
2004-03-08,'000055,方  大Ａ,8.45,8.8,8.45,8.8,8.8,-0.35,-3.9773,0.9374,393710,3371826.5,1276220400.0,354900000.0
2004-03-05,'000055,方  大Ａ,8.8,8.85,8.68,8.7,8.86,-0.06,-0.6772,0.8223,345365,3022834.91,1329081600.0,369600000.0
2004-03-04,'000055,方  大Ａ,8.86,8.9,8.62,8.84,8.83,0.03,0.3398,1.1373,477645,4179760.95,1338143520.0,372120000.0
2004-03-03,'000055,方  大Ａ,8.83,9.13,8.7,9.1,9.06,-0.23,-2.5386,1.3668,574072,5118247.75,1333612560.0,370860000.0
2004-03-02,'000055,方  大Ａ,9.06,9.29,8.61,9.1,8.9,0.16,1.7978,2.4593,1032922,9381156.93,1368349920.0,380520000.0
2004-03-01,'000055,方  大Ａ,8.9,8.95,8.52,8.78,8.78,0.12,1.3667,1.8415,773423,6740365.83,1344184800.0,373800000.0
2004-02-27,'000055,方  大Ａ,8.78,8.79,8.55,8.6,8.64,0.14,1.6204,1.2601,529257,4586331.7,1326060960.0,368760000.0
2004-02-26,'000055,方  大Ａ,8.64,8.99,8.44,8.9,8.95,-0.31,-3.4637,2.4576,1032211,8946297.06,1304916480.0,362880000.0
2004-02-25,'000055,方  大Ａ,8.95,9.65,8.8,9.5,9.57,-0.62,-6.4786,3.3427,1403931,13014669.22,1351736400.0,375900000.0
2004-02-24,'000055,方  大Ａ,9.57,9.84,9.17,9.3,9.29,0.28,3.014,7.0528,2962187,28401856.05,1445376240.0,401940000.0
2004-02-23,'000055,方  大Ａ,9.29,9.5,8.98,9.18,9.2,0.09,0.9783,3.7357,1568989,14519012.63,1403087280.0,390180000.0
2004-02-20,'000055,方  大Ａ,9.2,9.23,8.97,9.13,9.04,0.16,1.7699,1.7625,740233,6751573.26,1389494400.0,386400000.0
2004-02-19,'000055,方  大Ａ,9.04,9.31,8.96,9.23,9.27,-0.23,-2.4811,1.8583,780486,7088912.18,1365329280.0,379680000.0
2004-02-18,'000055,方  大Ａ,9.27,9.39,9.18,9.2,9.2,0.07,0.7609,2.6123,1097183,10206436.29,1400066640.0,389340000.0
2004-02-17,'000055,方  大Ａ,9.2,9.3,8.91,9.02,9.0,0.2,2.2222,2.1473,901865,8287093.25,1389494400.0,386400000.0
2004-02-16,'000055,方  大Ａ,9.0,9.04,8.78,8.79,8.8,0.2,2.2727,0.9989,419539,3751448.44,1359288000.0,378000000.0
2004-02-13,'000055,方  大Ａ,8.8,9.04,8.75,8.95,8.89,-0.09,-1.0124,1.1421,479700,4277447.76,1329081600.0,369600000.0
2004-02-12,'000055,方  大Ａ,8.89,9.28,8.88,9.15,9.1,-0.21,-2.3077,2.141,899231,8108159.44,1342674480.0,373380000.0
2004-02-11,'000055,方  大Ａ,9.1,9.33,8.9,9.32,9.31,-0.21,-2.2556,2.2462,943407,8520639.12,1374391200.0,382200000.0
2004-02-10,'000055,方  大Ａ,9.31,9.6,8.9,9.15,9.03,0.28,3.1008,4.3186,1813825,16844820.86,1406107920.0,391020000.0
2004-02-09,'000055,方  大Ａ,9.03,9.09,8.6,8.6,8.59,0.44,5.1222,2.7577,1158232,10339810.87,1363818960.0,379260000.0
2004-02-06,'000055,方  大Ａ,8.59,8.97,8.56,8.97,8.99,-0.4,-4.4494,3.2627,1370328,11996092.46,1297364880.0,360780000.0
2004-02-05,'000055,方  大Ａ,8.99,9.1,8.78,9.0,8.81,0.18,2.0431,3.3089,1389742,12443864.46,1357777680.0,377580000.0
2004-02-04,'000055,方  大Ａ,8.81,8.98,8.5,8.5,8.5,0.31,3.6471,4.1027,1723123,15149421.66,1330591920.0,370020000.0
2004-02-03,'000055,方  大Ａ,8.5,8.74,8.39,8.39,8.28,0.22,2.657,4.3301,1818652,15574424.55,1283772000.0,357000000.0
2004-02-02,'000055,方  大Ａ,8.28,8.55,8.1,8.5,7.96,0.32,4.0201,3.1585,1326566,10967604.17,1250544960.0,347760000.0
2004-01-30,'000055,方  大Ａ,7.96,8.34,7.9,7.92,7.85,0.11,1.4013,3.6968,1552660,12592731.83,1202214720.0,334320000.0
2004-01-29,'000055,方  大Ａ,7.85,8.03,7.48,7.57,7.45,0.4,5.3691,3.0832,1294935,10165847.06,1185601200.0,329700000.0
2004-01-16,'000055,方  大Ａ,7.45,7.55,7.2,7.3,7.29,0.16,2.1948,1.4233,597792,4425079.32,1125188400.0,312900000.0
2004-01-15,'000055,方  大Ａ,7.29,7.63,7.25,7.57,7.58,-0.29,-3.8259,1.6231,681700,5047622.22,1101023280.0,306180000.0
2004-01-14,'000055,方  大Ａ,7.58,8.02,7.43,7.95,7.58,0.0,0.0,2.826,1186923,9142577.11,1144822560.0,318360000.0
2004-01-13,'000055,方  大Ａ,7.58,7.68,7.33,7.4,7.37,0.21,2.8494,1.8287,768063,5747790.74,1144822560.0,318360000.0
2004-01-12,'000055,方  大Ａ,7.37,7.42,7.23,7.24,7.3,0.07,0.9589,0.8635,362670,2654796.8,1113105840.0,309540000.0
2004-01-09,'000055,方  大Ａ,7.3,7.44,7.18,7.38,7.32,-0.02,-0.2732,1.5599,655161,4797676.77,1102533600.0,306600000.0
2004-01-08,'000055,方  大Ａ,7.32,7.35,7.1,7.1,7.1,0.22,3.0986,1.3712,575920,4182905.32,1105554240.0,307440000.0
2004-01-07,'000055,方  大Ａ,7.1,7.22,7.01,7.1,7.0,0.1,1.4286,0.9075,381158,2714917.3,1072327200.0,298200000.0
2004-01-06,'000055,方  大Ａ,7.0,7.18,6.93,7.18,7.18,-0.18,-2.507,1.4187,595852,4175428.61,1057224000.0,294000000.0
2004-01-05,'000055,方  大Ａ,7.18,7.24,6.98,7.12,7.12,0.06,0.8427,0.9894,415563,2942807.6,1084409760.0,301560000.0
2004-01-02,'000055,方  大Ａ,7.12,7.17,6.9,7.0,7.09,0.03,0.4231,0.3445,144688,1026055.53,1075347840.0,299040000.0
2003-12-31,'000055,方  大Ａ,7.09,7.25,7.01,7.13,7.13,-0.04,-0.561,0.2938,123399,878304.92,1070816880.0,297780000.0
2003-12-30,'000055,方  大Ａ,7.13,7.27,7.1,7.21,7.2,-0.07,-0.9722,0.4746,199344,1423010.4,1076858160.0,299460000.0
2003-12-29,'000055,方  大Ａ,7.2,7.3,7.18,7.3,7.33,-0.13,-1.7735,0.3099,130142,937383.58,1087430400.0,302400000.0
2003-12-26,'000055,方  大Ａ,7.33,7.35,7.17,7.34,7.34,-0.01,-0.1362,0.615,258293,1875571.52,1107064560.0,307860000.0
2003-12-25,'000055,方  大Ａ,7.34,7.5,7.3,7.5,7.36,-0.02,-0.2717,0.5489,230520,1700439.01,1108574880.0,308280000.0
2003-12-24,'000055,方  大Ａ,7.36,7.5,7.31,7.5,7.43,-0.07,-0.9421,0.6356,266951,1966251.05,1111595520.0,309120000.0
2003-12-23,'000055,方  大Ａ,7.43,7.6,7.1,7.28,7.33,0.1,1.3643,0.7344,308465,2282115.56,1122167760.0,312060000.0
2003-12-22,'000055,方  大Ａ,7.33,7.42,6.9,7.25,7.17,0.16,2.2315,1.2125,509229,3610335.91,1107064560.0,307860000.0
2003-12-19,'000055,方  大Ａ,7.17,7.78,6.98,7.78,7.75,-0.58,-7.4839,1.7708,743722,5404382.88,1082899440.0,301140000.0
2003-12-18,'000055,方  大Ａ,7.75,7.92,7.62,7.7,7.69,0.06,0.7802,0.8107,340485,2633083.45,1170498000.0,325500000.0
2003-12-17,'000055,方  大Ａ,7.69,8.05,7.65,7.88,7.89,-0.2,-2.5349,1.3016,546651,4340756.55,1161436080.0,322980000.0
2003-12-16,'000055,方  大Ａ,7.89,8.05,7.62,7.8,7.87,0.02,0.2541,1.0391,436424,3402110.97,1191642480.0,331380000.0
2003-12-15,'000055,方  大Ａ,7.87,8.08,7.81,7.9,7.88,-0.01,-0.1269,0.6602,277304,2199136.6,1188621840.0,330540000.0
2003-12-12,'000055,方  大Ａ,7.88,8.0,7.83,8.0,8.04,-0.16,-1.99,1.1082,465450,3680305.5,1190132160.0,330960000.0
2003-12-11,'000055,方  大Ａ,8.04,8.34,7.39,7.39,7.7,0.34,4.4156,3.5357,1485005,11910615.19,1214297280.0,337680000.0
2003-12-10,'000055,方  大Ａ,7.7,7.72,7.58,7.58,7.58,0.12,1.5831,0.5585,234585,1796224.68,1162946400.0,323400000.0
2003-12-09,'000055,方  大Ａ,7.58,7.68,7.5,7.52,7.52,0.06,0.7979,0.4145,174097,1319254.44,1144822560.0,318360000.0
2003-12-08,'000055,方  大Ａ,7.52,7.7,7.51,7.7,7.74,-0.22,-2.8424,0.5783,242900,1838411.19,1135760640.0,315840000.0
2003-12-05,'000055,方  大Ａ,7.74,7.79,7.68,7.75,7.77,-0.03,-0.3861,0.6686,280811,2166624.28,1168987680.0,325080000.0
2003-12-04,'000055,方  大Ａ,7.77,7.9,7.61,7.75,7.76,0.01,0.1289,0.8033,337396,2600259.13,1173518640.0,326340000.0
2003-12-03,'000055,方  大Ａ,7.76,7.84,7.7,7.79,7.79,-0.03,-0.3851,0.7571,317978,2471278.85,1172008320.0,325920000.0
2003-12-02,'000055,方  大Ａ,7.79,7.94,7.71,7.82,7.8,-0.01,-0.1282,1.2017,504726,3955213.78,1176539280.0,327180000.0
2003-12-01,'000055,方  大Ａ,7.8,7.8,7.55,7.6,7.64,0.16,2.0942,1.0865,456332,3518294.5,1178049600.0,327600000.0
2003-11-28,'000055,方  大Ａ,7.64,8.03,7.46,7.5,7.44,0.2,2.6882,1.54,646790,5027061.7,1153884480.0,320880000.0
2003-11-27,'000055,方  大Ａ,7.44,7.8,7.41,7.8,7.71,-0.27,-3.5019,0.6189,259944,1963764.5,1123678080.0,312480000.0
2003-11-26,'000055,方  大Ａ,7.71,7.83,7.51,7.74,7.72,-0.01,-0.1295,1.239,520371,3994634.36,1164456720.0,323820000.0
2003-11-25,'000055,方  大Ａ,7.72,8.05,7.45,7.54,7.46,0.26,3.4853,2.3958,1006256,7746741.34,1165967040.0,324240000.0
2003-11-24,'000055,方  大Ａ,7.46,7.47,7.13,7.15,7.15,0.31,4.3357,0.9053,380234,2803893.02,1126698720.0,313320000.0
2003-11-21,'000055,方  大Ａ,7.15,7.57,7.1,7.45,7.47,-0.32,-4.2838,0.9808,411920,3010257.37,1079878800.0,300300000.0
2003-11-20,'000055,方  大Ａ,7.47,7.48,7.14,7.14,7.14,0.33,4.6218,1.3466,565592,4160649.04,1128209040.0,313740000.0
2003-11-19,'000055,方  大Ａ,7.14,7.28,6.86,6.86,6.86,0.28,4.0816,0.9003,378139,2691526.31,1078368480.0,299880000.0
2003-11-18,'000055,方  大Ａ,6.86,6.93,6.8,6.92,6.92,-0.06,-0.8671,0.1957,82176,563107.94,1036079520.0,288120000.0
2003-11-17,'000055,方  大Ａ,6.92,6.99,6.81,6.99,6.97,-0.05,-0.7174,0.3011,126479,874657.82,1045141440.0,290640000.0
2003-11-14,'000055,方  大Ａ,6.97,7.0,6.75,6.92,6.9,0.07,1.0145,0.5225,219466,1511900.41,1052693040.0,292740000.0
2003-11-13,'000055,方  大Ａ,6.9,6.95,6.68,6.91,6.95,-0.05,-0.7194,0.7782,326834,2224809.41,1042120800.0,289800000.0
2003-11-12,'000055,方  大Ａ,6.95,7.15,6.9,7.08,7.0,-0.05,-0.7143,0.609,255764,1789886.62,1049672400.0,291900000.0
2003-11-11,'000055,方  大Ａ,7.0,7.26,6.8,7.15,7.22,-0.22,-3.0471,0.9593,402899,2814365.3,1057224000.0,294000000.0
2003-11-10,'000055,方  大Ａ,7.22,7.39,7.2,7.3,7.4,-0.18,-2.4324,0.2646,111128,807510.7,1090451040.0,303240000.0
2003-11-07,'000055,方  大Ａ,7.4,7.45,7.11,7.35,7.3,0.1,1.3699,0.6508,273335,1999660.69,1117636800.0,310800000.0
2003-11-06,'000055,方  大Ａ,7.3,7.92,7.3,7.62,7.72,-0.42,-5.4404,0.963,404455,3014123.16,1102533600.0,306600000.0
2003-11-05,'000055,方  大Ａ,7.72,7.92,7.64,7.78,7.8,-0.08,-1.0256,0.4125,173256,1349727.48,1165967040.0,324240000.0
2003-11-04,'000055,方  大Ａ,7.8,8.0,7.72,7.72,7.71,0.09,1.1673,0.8104,340358,2670227.14,1178049600.0,327600000.0
2003-11-03,'000055,方  大Ａ,7.71,7.75,7.6,7.6,7.65,0.06,0.7843,0.3793,159299,1227857.22,1164456720.0,323820000.0
2003-10-31,'000055,方  大Ａ,7.65,7.83,7.52,7.59,7.59,0.06,0.7905,0.4507,189309,1452489.28,1155394800.0,321300000.0
2003-10-30,'000055,方  大Ａ,7.59,7.84,7.55,7.7,7.71,-0.12,-1.5564,0.5408,227127,1741106.2,1146332880.0,318780000.0
2003-10-29,'000055,方  大Ａ,7.71,8.09,7.4,8.09,7.94,-0.23,-2.8967,0.7187,301873,2321316.86,1164456720.0,323820000.0
2003-10-28,'000055,方  大Ａ,7.94,8.16,7.8,8.11,8.11,-0.17,-2.0962,0.7225,303467,2415107.09,1199194080.0,333480000.0
2003-10-27,'000055,方  大Ａ,8.11,8.3,8.06,8.3,8.3,-0.19,-2.2892,0.595,249908,2026485.96,1224869520.0,340620000.0
2003-10-24,'000055,方  大Ａ,8.3,8.48,8.25,8.35,8.3,0.0,0.0,0.3805,159790,1331963.32,1253565600.0,348600000.0
2003-10-23,'000055,方  大Ａ,8.3,8.64,8.28,8.54,8.49,-0.19,-2.2379,0.5387,226238,1909510.24,1253565600.0,348600000.0
2003-10-22,'000055,方  大Ａ,8.49,8.53,8.29,8.38,8.3,0.19,2.2892,0.6073,255082,2143843.95,1282261680.0,356580000.0
2003-10-21,'000055,方  大Ａ,8.3,8.39,8.15,8.15,8.18,0.12,1.467,0.3109,130577,1083835.54,1253565600.0,348600000.0
2003-10-20,'000055,方  大Ａ,8.18,8.33,8.08,8.33,8.33,-0.15,-1.8007,0.4729,198629,1624570.38,1235441760.0,343560000.0
2003-10-17,'000055,方  大Ａ,8.33,8.67,8.3,8.61,8.6,-0.27,-3.1395,0.6882,289046,2450892.57,1258096560.0,349860000.0
2003-10-16,'000055,方  大Ａ,8.6,8.67,8.52,8.65,8.6,0.0,0.0,0.5744,241256,2071287.8,1298875200.0,361200000.0
2003-10-15,'000055,方  大Ａ,8.6,8.99,8.5,8.5,8.55,0.05,0.5848,1.3406,563043,4932057.71,1298875200.0,361200000.0
2003-10-14,'000055,方  大Ａ,8.55,8.74,8.39,8.43,8.39,0.16,1.907,0.7417,311520,2665169.07,1291323600.0,359100000.0
2003-10-13,'000055,方  大Ａ,8.39,8.68,8.38,8.4,8.48,-0.09,-1.0613,0.6369,267514,2274716.76,1267158480.0,352380000.0
2003-10-10,'000055,方  大Ａ,8.48,8.65,8.2,8.23,8.23,0.25,3.0377,0.8318,349375,2950759.52,1280751360.0,356160000.0
2003-10-09,'000055,方  大Ａ,8.23,8.32,8.19,8.19,8.21,0.02,0.2436,0.2644,111028,917536.75,1242993360.0,345660000.0
2003-10-08,'000055,方  大Ａ,8.21,8.29,8.08,8.25,8.27,-0.06,-0.7255,0.2531,106306,874262.2,1239972720.0,344820000.0
2003-09-30,'000055,方  大Ａ,8.27,8.34,7.91,8.18,8.18,0.09,1.1002,0.9086,381630,3113091.86,1249034640.0,347340000.0
2003-09-29,'000055,方  大Ａ,8.18,8.58,8.18,8.5,8.56,-0.38,-4.4393,0.844,354491,2950157.54,1235441760.0,343560000.0
2003-09-26,'000055,方  大Ａ,8.56,8.78,8.53,8.71,8.79,-0.23,-2.6166,0.7614,319795,2750886.85,1292833920.0,359520000.0
2003-09-25,'000055,方  大Ａ,8.79,9.08,8.73,9.08,9.0,-0.21,-2.3333,0.4926,206900,1828037.39,1327571280.0,369180000.0
2003-09-24,'000055,方  大Ａ,9.0,9.03,8.81,8.95,8.93,0.07,0.7839,0.6872,288628,2573022.8,1359288000.0,378000000.0
2003-09-23,'000055,方  大Ａ,8.93,8.99,8.87,8.88,8.93,0.0,0.0,0.411,172627,1538076.96,1348715760.0,375060000.0
2003-09-22,'000055,方  大Ａ,8.93,8.94,8.78,8.89,8.86,0.07,0.7901,0.3775,158533,1404709.92,1348715760.0,375060000.0
2003-09-19,'000055,方  大Ａ,8.86,8.88,8.74,8.8,8.76,0.1,1.1416,0.5426,227884,2005102.49,1338143520.0,372120000.0
2003-09-18,'000055,方  大Ａ,8.76,8.98,8.71,8.98,8.86,-0.1,-1.1287,0.8504,357150,3158768.0,1323040320.0,367920000.0
2003-09-17,'000055,方  大Ａ,8.86,9.18,8.78,9.06,9.06,-0.2,-2.2075,1.0487,440452,3934982.98,1338143520.0,372120000.0
2003-09-16,'000055,方  大Ａ,9.06,9.15,8.7,9.12,9.05,0.01,0.1105,1.3154,552456,4908250.84,1368349920.0,380520000.0
2003-09-15,'000055,方  大Ａ,9.05,9.4,9.02,9.3,9.09,-0.04,-0.44,1.6163,678860,6228680.69,1366839600.0,380100000.0
2003-09-12,'000055,方  大Ａ,9.09,9.55,9.07,9.5,9.47,-0.38,-4.0127,1.375,577480,5357704.18,1372880880.0,381780000.0
2003-09-11,'000055,方  大Ａ,9.47,9.67,9.38,9.45,9.43,0.04,0.4242,1.1273,473456,4515709.21,1430273040.0,397740000.0
2003-09-10,'000055,方  大Ａ,9.43,9.65,9.36,9.55,9.64,-0.21,-2.1784,1.2642,530984,5006989.98,1424231760.0,396060000.0
2003-09-09,'000055,方  大Ａ,9.64,9.83,9.51,9.74,9.76,-0.12,-1.2295,1.5046,631921,6119048.92,1455948480.0,404880000.0
2003-09-08,'000055,方  大Ａ,9.76,9.8,9.41,9.41,9.36,0.4,4.2735,3.7237,1563936,15148977.14,1474072320.0,409920000.0
2003-09-05,'000055,方  大Ａ,9.36,9.65,9.31,9.4,9.41,-0.05,-0.5313,1.9765,830112,7865617.87,1413659520.0,393120000.0
2003-09-04,'000055,方  大Ａ,9.41,9.7,9.4,9.6,9.67,-0.26,-2.6887,1.927,809345,7686905.9,1421211120.0,395220000.0
2003-09-03,'000055,方  大Ａ,9.67,9.8,9.58,9.8,9.74,-0.07,-0.7187,1.5317,643320,6222949.91,1460479440.0,406140000.0
2003-09-02,'000055,方  大Ａ,9.74,9.86,9.46,9.65,9.65,0.09,0.9326,3.9033,1639395,15945647.74,1471051680.0,409080000.0
2003-09-01,'000055,方  大Ａ,9.65,9.72,9.4,9.43,9.43,0.22,2.333,2.1929,921017,8832213.74,1457458800.0,405300000.0
2003-08-29,'000055,方  大Ａ,9.43,9.6,9.2,9.42,9.4,0.03,0.3191,1.9129,803408,7517157.98,1424231760.0,396060000.0
2003-08-28,'000055,方  大Ａ,9.4,9.65,9.39,9.58,9.58,-0.18,-1.8789,1.7119,718999,6807983.31,1419700800.0,394800000.0
2003-08-27,'000055,方  大Ａ,9.58,9.84,9.4,9.6,9.56,0.02,0.2092,2.8054,1178253,11344252.74,1446886560.0,402360000.0
2003-08-26,'000055,方  大Ａ,9.56,9.77,9.1,9.1,9.13,0.43,4.7097,4.6846,1967543,18744307.84,1443865920.0,401520000.0
2003-08-25,'000055,方  大Ａ,9.13,9.35,9.03,9.35,9.29,-0.16,-1.7223,2.2356,938956,8617165.29,1378922160.0,383460000.0
2003-08-22,'000055,方  大Ａ,9.29,9.9,9.06,9.08,9.02,0.27,2.9933,6.0622,2546123,23861392.22,1403087280.0,390180000.0
2003-08-21,'000055,方  大Ａ,9.02,9.03,8.67,8.7,8.67,0.35,4.0369,1.1119,466989,4144315.44,1362308640.0,378840000.0
2003-08-20,'000055,方  大Ａ,8.67,8.8,8.57,8.76,8.78,-0.11,-1.2528,0.37,155399,1345906.85,1309447440.0,364140000.0
2003-08-19,'000055,方  大Ａ,8.78,8.86,8.66,8.8,8.78,0.0,0.0,0.2705,113620,994403.84,1326060960.0,368760000.0
2003-08-18,'000055,方  大Ａ,8.78,8.88,8.68,8.7,8.73,0.05,0.5727,0.4674,196321,1714144.51,1326060960.0,368760000.0
2003-08-15,'000055,方  大Ａ,8.73,8.82,8.7,8.7,8.77,-0.04,-0.4561,0.3232,135753,1185977.63,1318509360.0,366660000.0
2003-08-14,'000055,方  大Ａ,8.77,8.9,8.66,8.71,8.75,0.02,0.2286,0.5596,235033,2063684.36,1324550640.0,368340000.0
2003-08-13,'000055,方  大Ａ,8.75,8.99,8.71,8.99,8.92,-0.17,-1.9058,0.3685,154786,1363681.72,1321530000.0,367500000.0
2003-08-12,'000055,方  大Ａ,8.92,9.05,8.88,8.89,8.87,0.05,0.5637,0.4352,182778,1639314.78,1347205440.0,374640000.0
2003-08-11,'000055,方  大Ａ,8.87,8.92,8.65,8.78,8.82,0.05,0.5669,0.4648,195214,1712304.19,1339653840.0,372540000.0
2003-08-08,'000055,方  大Ａ,8.82,9.1,8.8,8.96,8.99,-0.17,-1.891,0.6915,290425,2596076.38,1332102240.0,370440000.0
2003-08-07,'000055,方  大Ａ,8.99,9.26,8.95,9.06,9.13,-0.14,-1.5334,1.1204,470578,4284414.36,1357777680.0,377580000.0
2003-08-06,'000055,方  大Ａ,9.13,9.19,8.86,8.98,8.99,0.14,1.5573,1.1119,466980,4228626.84,1378922160.0,383460000.0
2003-08-05,'000055,方  大Ａ,8.99,9.13,8.9,9.0,9.0,-0.01,-0.1111,0.7055,296329,2673343.75,1357777680.0,377580000.0
2003-08-04,'000055,方  大Ａ,9.0,9.13,8.68,8.8,8.76,0.24,2.7397,1.3552,569193,5101960.52,1359288000.0,378000000.0
2003-08-01,'000055,方  大Ａ,8.76,8.78,8.42,8.56,8.58,0.18,2.0979,0.5968,250675,2148800.64,1323040320.0,367920000.0
2003-07-31,'000055,方  大Ａ,8.58,8.7,8.56,8.58,8.6,-0.02,-0.2326,0.243,102046,878985.67,1295854560.0,360360000.0
2003-07-30,'000055,方  大Ａ,8.6,8.74,8.51,8.7,8.7,-0.1,-1.1494,0.5186,217800,1869666.0,1298875200.0,361200000.0
2003-07-29,'000055,方  大Ａ,8.7,8.76,8.6,8.64,8.64,0.06,0.6944,0.3415,143418,1245894.85,1313978400.0,365400000.0
2003-07-28,'000055,方  大Ａ,8.64,8.77,8.6,8.62,8.77,-0.13,-1.4823,0.3579,150310,1303659.02,1304916480.0,362880000.0
2003-07-25,'000055,方  大Ａ,8.77,8.97,8.7,8.95,8.97,-0.2,-2.2297,0.9104,382388,3376670.94,1324550640.0,368340000.0
2003-07-24,'000055,方  大Ａ,8.97,9.15,8.91,9.09,9.11,-0.14,-1.5368,0.763,320457,2884889.47,1354757040.0,376740000.0
2003-07-23,'000055,方  大Ａ,9.11,9.28,8.88,8.99,8.83,0.28,3.171,3.0182,1267659,11631314.1,1375901520.0,382620000.0
2003-07-22,'000055,方  大Ａ,8.83,8.84,8.41,8.5,8.49,0.34,4.0047,0.5821,244470,2112663.7,1333612560.0,370860000.0
2003-07-21,'000055,方  大Ａ,8.49,8.78,8.48,8.67,8.71,-0.22,-2.5258,0.8088,339700,2905546.73,1282261680.0,356580000.0
2003-07-18,'000055,方  大Ａ,8.71,9.03,8.7,9.03,9.03,-0.32,-3.5437,0.8217,345124,3057661.18,1315488720.0,365820000.0
2003-07-17,'000055,方  大Ａ,9.03,9.05,8.76,8.89,8.89,0.14,1.5748,0.9308,390944,3489620.48,1363818960.0,379260000.0
2003-07-16,'000055,方  大Ａ,8.89,8.95,8.8,8.8,8.82,0.07,0.7937,0.37,155409,1380466.24,1342674480.0,373380000.0
2003-07-15,'000055,方  大Ａ,8.82,8.91,8.7,8.83,8.88,-0.06,-0.6757,0.6466,271555,2387487.16,1332102240.0,370440000.0
2003-07-14,'000055,方  大Ａ,8.88,9.04,8.81,9.04,9.07,-0.19,-2.0948,0.5475,229931,2046343.24,1341164160.0,372960000.0
2003-07-11,'000055,方  大Ａ,9.07,9.19,9.0,9.19,9.19,-0.12,-1.3058,0.542,227658,2065995.29,1369860240.0,380940000.0
2003-07-10,'000055,方  大Ａ,9.19,9.2,8.91,8.99,8.99,0.2,2.2247,0.8886,373226,3388382.45,1387984080.0,385980000.0
2003-07-09,'000055,方  大Ａ,8.99,9.23,8.9,9.15,9.13,-0.14,-1.5334,0.6351,266734,2412490.94,1357777680.0,377580000.0
2003-07-08,'000055,方  大Ａ,9.13,9.25,9.06,9.08,9.06,0.07,0.7726,0.8847,371575,3397413.99,1378922160.0,383460000.0
2003-07-07,'000055,方  大Ａ,9.06,9.2,9.01,9.16,9.09,-0.03,-0.33,0.7011,294447,2676269.09,1368349920.0,380520000.0
2003-07-04,'000055,方  大Ａ,9.09,9.3,8.81,8.83,8.83,0.26,2.9445,1.9712,827896,7573485.3,1372880880.0,381780000.0
2003-07-03,'000055,方  大Ａ,8.9,9.05,8.78,8.8,8.7,0.2,2.2989,1.4651,615328,5499921.76,1344184800.0,373800000.0
2003-07-02,'000055,方  大Ａ,8.7,8.81,8.49,8.71,8.77,-0.07,-0.7982,1.0347,434560,3738823.3,1313978400.0,365400000.0
2003-07-01,'000055,方  大Ａ,8.77,8.94,8.75,8.84,8.83,-0.06,-0.6795,0.3363,141260,1252424.5,1324550640.0,368340000.0
2003-06-30,'000055,方  大Ａ,8.83,9.1,8.67,8.69,8.8,0.03,0.3409,0.8964,376507,3336569.45,1333612560.0,370860000.0
2003-06-27,'000055,方  大Ａ,8.8,9.33,8.8,9.2,9.18,-0.38,-4.1394,0.881,370040,3317556.4,1329081600.0,369600000.0
2003-06-26,'000055,方  大Ａ,9.18,9.3,8.68,9.13,9.11,0.07,0.7684,1.3337,560152,5059369.93,1386473760.0,385560000.0
2003-06-25,'000055,方  大Ａ,9.11,9.38,9.04,9.04,9.04,0.07,0.7743,1.2199,512359,4726773.94,1375901520.0,382620000.0
2003-06-24,'000055,方  大Ａ,9.04,9.16,8.9,9.1,9.1,-0.06,-0.6593,0.7927,332929,2998913.77,1365329280.0,379680000.0
2003-06-23,'000055,方  大Ａ,9.1,9.33,9.08,9.33,9.36,-0.26,-2.7778,0.9681,406593,3733767.12,1374391200.0,382200000.0
2003-06-20,'000055,方  大Ａ,9.36,9.52,9.33,9.45,9.42,-0.06,-0.6369,0.8195,344186,3238467.45,1413659520.0,393120000.0
2003-06-19,'000055,方  大Ａ,9.42,9.72,9.31,9.71,9.72,-0.3,-3.0864,1.6983,713266,6727919.73,1422721440.0,395640000.0
2003-06-18,'000055,方  大Ａ,9.72,9.95,9.6,9.83,9.79,-0.07,-0.715,1.1748,493423,4813268.59,1468031040.0,408240000.0
2003-06-17,'000055,方  大Ａ,9.79,9.94,9.58,9.7,9.65,0.14,1.4508,1.2443,522597,5097766.29,1478603280.0,411180000.0
2003-06-16,'000055,方  大Ａ,9.65,9.81,9.56,9.79,9.83,-0.18,-1.8311,1.4738,618990,5956072.64,1457458800.0,405300000.0
2003-06-13,'000055,方  大Ａ,9.83,10.19,9.7,9.86,9.79,0.04,0.4086,2.4563,1031638,10233347.87,1484644560.0,412860000.0
2003-06-12,'000055,方  大Ａ,9.79,9.9,9.4,9.56,9.53,0.26,2.7282,2.6076,1095171,10624006.57,1478603280.0,411180000.0
2003-06-11,'000055,方  大Ａ,9.53,9.6,9.3,9.39,9.41,0.12,1.2752,2.9434,1236213,11727415.09,1439334960.0,400260000.0
2003-06-10,'000055,方  大Ａ,9.41,9.9,9.31,9.75,9.8,-0.39,-3.9796,3.6245,1522284,14516477.32,1421211120.0,395220000.0
2003-06-09,'000055,方  大Ａ,9.8,10.49,9.7,10.15,10.11,-0.31,-3.0663,4.3215,1815046,18377189.6,1480113600.0,411600000.0
2003-06-06,'000055,方  大Ａ,10.11,10.55,10.0,10.16,10.04,0.07,0.6972,4.8178,2023493,20728446.28,1526933520.0,424620000.0
2003-06-05,'000055,方  大Ａ,10.04,10.6,9.6,9.7,9.74,0.3,3.0801,6.7225,2823447,28695781.64,1516361280.0,421680000.0
2003-06-04,'000055,方  大Ａ,9.74,10.29,9.58,10.0,9.9,-0.16,-1.6162,6.1069,2564910,25464826.79,1471051680.0,409080000.0
2003-06-03,'000055,方  大Ａ,9.9,9.9,9.28,9.28,9.0,0.9,10.0,4.5202,1898501,18616173.18,1495216800.0,415800000.0
2003-06-02,'000055,方  大Ａ,9.0,9.39,8.9,9.18,9.12,-0.12,-1.3158,1.9237,807959,7422806.9,1359288000.0,378000000.0
2003-05-30,'000055,方  大Ａ,9.12,9.55,9.11,9.2,9.1,0.02,0.2198,2.0665,867943,8048323.47,1377411840.0,383040000.0
2003-05-29,'000055,方  大Ａ,0.0,0.0,0.0,0.0,9.1,None,None,0.0,0,0.0,1374391200.0,382200000.0
2003-05-28,'000055,方  大Ａ,0.0,0.0,0.0,0.0,9.1,None,None,0.0,0,0.0,1374391200.0,382200000.0
2003-05-27,'000055,方  大Ａ,9.1,9.1,8.61,8.88,8.91,0.19,2.1324,2.1818,916367,8169434.79,1374391200.0,382200000.0
2003-05-26,'000055,方  大Ａ,8.91,9.14,8.85,9.0,9.08,-0.17,-1.8722,1.216,510714,4563879.81,1345695120.0,374220000.0
2003-05-23,'000055,方  大Ａ,9.08,9.28,8.76,8.88,8.88,0.2,2.2523,1.7489,734534,6650426.83,1371370560.0,381360000.0
2003-05-22,'000055,方  大Ａ,8.88,9.1,8.8,9.01,9.08,-0.2,-2.2026,1.5897,667679,5949376.5,1341164160.0,372960000.0
2003-05-21,'000055,方  大Ａ,9.08,9.35,8.9,9.08,9.09,-0.01,-0.11,2.7277,1145639,10507358.29,1371370560.0,381360000.0
2003-05-20,'000055,方  大Ａ,9.09,9.47,8.88,9.36,9.21,-0.12,-1.3029,5.4925,2306843,21175164.2,1372880880.0,381780000.0
2003-05-19,'000055,方  大Ａ,9.21,9.21,8.36,8.38,8.37,0.84,10.0358,4.2919,1802578,16338068.38,1391004720.0,386820000.0
2003-05-16,'000055,方  大Ａ,8.37,8.75,8.23,8.6,8.68,-0.31,-3.5714,1.647,691754,5882392.0,1264137840.0,351540000.0
2003-05-15,'000055,方  大Ａ,8.68,8.95,8.38,8.5,8.23,0.45,5.4678,3.355,1409085,12205172.44,1310957760.0,364560000.0
2003-05-14,'000055,方  大Ａ,8.23,8.23,7.38,7.38,7.48,0.75,10.0267,1.3648,573196,4555895.24,1242993360.0,345660000.0
2003-05-13,'000055,方  大Ａ,7.48,7.86,7.23,7.82,7.82,-0.34,-4.3478,1.4698,617310,4615909.15,1129719360.0,314160000.0
2003-05-12,'000055,方  大Ａ,7.82,8.2,7.81,8.14,8.12,-0.3,-3.6946,0.8937,375337,2982847.57,1181070240.0,328440000.0
2003-04-30,'000055,方  大Ａ,8.12,8.18,7.9,8.17,8.19,-0.07,-0.8547,1.0539,442649,3559865.41,1226379840.0,341040000.0
2003-04-29,'000055,方  大Ａ,8.19,8.5,8.1,8.5,8.45,-0.26,-3.0769,0.9689,406920,3344045.21,1236952080.0,343980000.0
2003-04-28,'000055,方  大Ａ,8.45,8.5,7.9,7.91,8.19,0.26,3.1746,1.0688,448889,3719027.38,1276220400.0,354900000.0
2003-04-25,'000055,方  大Ａ,8.19,8.5,8.18,8.5,8.56,-0.37,-4.3224,1.185,497700,4130042.0,1236952080.0,343980000.0
2003-04-24,'000055,方  大Ａ,8.56,9.09,8.5,9.02,9.06,-0.5,-5.5188,1.3878,582896,5100567.77,1292833920.0,359520000.0
2003-04-23,'000055,方  大Ａ,9.06,9.35,9.0,9.25,9.25,-0.19,-2.0541,0.9333,392004,3606290.24,1368349920.0,380520000.0
2003-04-22,'000055,方  大Ａ,9.25,9.36,9.13,9.23,9.23,0.02,0.2167,0.4195,176200,1625653.92,1397046000.0,388500000.0
2003-04-21,'000055,方  大Ａ,9.23,9.51,9.1,9.51,9.5,-0.27,-2.8421,0.8714,365975,3365059.65,1394025360.0,387660000.0
2003-04-18,'000055,方  大Ａ,9.5,9.52,9.21,9.21,9.23,0.27,2.9252,1.6654,699450,6568165.45,1434804000.0,399000000.0
2003-04-17,'000055,方  大Ａ,9.23,9.3,9.0,9.13,9.13,0.1,1.0953,1.3867,582421,5312028.24,1394025360.0,387660000.0
2003-04-16,'000055,方  大Ａ,9.13,9.8,9.12,9.66,9.59,-0.46,-4.7967,2.7112,1138708,10662979.01,1378922160.0,383460000.0
2003-04-15,'000055,方  大Ａ,9.59,9.8,9.36,9.38,9.34,0.25,2.6767,2.1183,889668,8562585.28,1448396880.0,402780000.0
2003-04-14,'000055,方  大Ａ,9.34,9.38,8.95,9.12,9.13,0.21,2.3001,2.4665,1035914,9521357.85,1410638880.0,392280000.0
2003-04-11,'000055,方  大Ａ,9.13,9.4,9.08,9.4,9.32,-0.19,-2.0386,1.699,713593,6526339.98,1378922160.0,383460000.0
2003-04-10,'000055,方大Ａ,9.32,9.6,9.08,9.45,9.46,-0.14,-1.4799,1.8706,785651,7282102.17,1407618240.0,391440000.0
2003-04-09,'000055,方  大Ａ,9.46,9.65,9.25,9.49,9.49,-0.03,-0.3161,1.1198,470315,4424368.86,1428762720.0,397320000.0
2003-04-08,'000055,方  大Ａ,9.49,9.95,9.48,9.73,9.87,-0.38,-3.8501,1.5215,639045,6139231.72,1433293680.0,398580000.0
2003-04-07,'000055,方  大Ａ,9.87,10.35,9.78,10.2,10.2,-0.33,-3.2353,1.4009,588361,5846835.55,1490685840.0,414540000.0
2003-04-04,'000055,方  大Ａ,10.2,10.4,10.15,10.33,10.38,-0.18,-1.7341,0.5897,247685,2532500.82,1540526400.0,428400000.0
2003-04-03,'000055,方  大Ａ,10.38,10.45,10.27,10.35,10.37,0.01,0.0964,0.723,303670,3145159.71,1567712160.0,435960000.0
2003-04-02,'000055,方  大Ａ,10.37,10.87,10.32,10.46,10.48,-0.11,-1.0496,1.3982,587254,6182207.38,1566201840.0,435540000.0
2003-04-01,'000055,方  大Ａ,10.48,10.59,10.0,10.05,10.01,0.47,4.6953,2.8971,1216790,12576509.3,1582815360.0,440160000.0
2003-03-31,'000055,方  大Ａ,10.01,10.07,9.85,10.0,10.0,0.01,0.1,0.6498,272926,2716548.96,1511830320.0,420420000.0
2003-03-28,'000055,方  大Ａ,10.0,10.18,9.99,10.13,10.16,-0.16,-1.5748,0.6891,289424,2916889.84,1510320000.0,420000000.0
2003-03-27,'000055,方大Ａ,10.16,10.16,9.47,9.47,9.82,0.34,3.4623,1.2145,510089,5093891.8,1534485120.0,426720000.0
2003-03-26,'000055,方  大Ａ,9.82,10.01,9.78,10.01,10.03,-0.21,-2.0937,0.5079,213319,2108071.61,1483134240.0,412440000.0
2003-03-25,'000055,方  大Ａ,10.03,10.25,9.98,10.22,10.22,-0.19,-1.8591,0.4169,175115,1765441.22,1514850960.0,421260000.0
2003-03-24,'000055,方  大Ａ,10.22,10.3,10.03,10.15,10.12,0.1,0.9881,0.5287,222070,2249491.6,1543547040.0,429240000.0
2003-03-21,'000055,方  大Ａ,10.12,10.15,9.86,9.94,9.94,0.18,1.8109,0.6216,261079,2614510.88,1528443840.0,425040000.0
2003-03-20,'000055,方  大Ａ,9.94,10.2,9.94,10.18,10.18,-0.24,-2.3576,0.6983,293280,2938170.33,1501258080.0,417480000.0
2003-03-19,'000055,方  大Ａ,10.18,10.35,9.91,10.05,10.15,0.03,0.2956,0.8921,374695,3803678.89,1537505760.0,427560000.0
2003-03-18,'000055,方  大Ａ,10.15,10.35,10.13,10.19,10.17,-0.02,-0.1967,0.6216,261051,2678658.58,1532974800.0,426300000.0
2003-03-17,'000055,方  大Ａ,10.17,10.32,10.06,10.32,10.19,-0.02,-0.1963,0.6968,292671,2965311.0,1535995440.0,427140000.0
2003-03-14,'000055,方  大Ａ,10.19,10.35,10.1,10.27,10.28,-0.09,-0.8755,0.6465,271550,2780440.47,1539016080.0,427980000.0
2003-03-13,'000055,方  大Ａ,10.28,10.43,10.13,10.41,10.44,-0.16,-1.5326,0.947,397759,4076261.58,1552608960.0,431760000.0
2003-03-12,'000055,方  大Ａ,10.44,10.66,10.11,10.6,10.66,-0.22,-2.0638,1.1282,473853,4910461.52,1576774080.0,438480000.0
2003-03-11,'000055,方  大Ａ,10.66,10.8,10.55,10.8,10.78,-0.12,-1.1132,0.4522,189917,2024204.01,1610001120.0,447720000.0
2003-03-10,'000055,方  大Ａ,10.78,10.81,10.55,10.63,10.62,0.16,1.5066,0.8855,371901,3970431.15,1628124960.0,452760000.0
2003-03-07,'000055,方  大Ａ,10.62,10.78,10.61,10.65,10.72,-0.1,-0.9328,0.7094,297962,3180817.58,1603959840.0,446040000.0
2003-03-06,'000055,方  大Ａ,10.72,10.9,10.68,10.72,10.96,-0.24,-2.1898,0.6913,290363,3131409.42,1619063040.0,450240000.0
2003-03-05,'000055,方  大Ａ,10.96,11.22,10.9,11.17,11.17,-0.21,-1.88,0.9202,386489,4249691.01,1655310720.0,460320000.0
2003-03-04,'000055,方  大Ａ,11.17,11.79,10.8,10.8,10.8,0.37,3.4259,3.6783,1544870,17421847.09,1687027440.0,469140000.0
2003-03-03,'000055,方  大Ａ,10.8,10.8,10.55,10.61,10.64,0.16,1.5038,1.0549,443049,4721846.65,1631145600.0,453600000.0
2003-02-28,'000055,方  大Ａ,10.64,10.78,10.6,10.76,10.78,-0.14,-1.2987,0.9944,417663,4448455.24,1606980480.0,446880000.0
2003-02-27,'000055,方  大Ａ,10.78,11.0,10.77,10.87,10.86,-0.08,-0.7366,0.6035,253487,2757292.63,1628124960.0,452760000.0
2003-02-26,'000055,方  大Ａ,10.86,10.98,10.76,10.95,10.98,-0.12,-1.0929,0.905,380116,4117623.4,1640207520.0,456120000.0
2003-02-25,'000055,方  大Ａ,10.98,11.05,10.6,10.61,10.62,0.36,3.3898,1.4119,592996,6451980.85,1658331360.0,461160000.0
2003-02-24,'000055,方  大Ａ,10.62,10.77,10.52,10.52,10.6,0.02,0.1887,0.9391,394409,4196812.38,1603959840.0,446040000.0
2003-02-21,'000055,方  大Ａ,10.6,11.02,10.6,10.85,11.03,-0.43,-3.8985,2.0086,843613,9063279.68,1600939200.0,445200000.0
2003-02-20,'000055,方  大Ａ,11.03,11.2,10.98,11.17,11.17,-0.14,-1.2534,1.1058,464450,5131448.04,1665882960.0,463260000.0
2003-02-19,'000055,方  大Ａ,11.17,11.18,11.0,11.15,11.12,0.05,0.4496,0.9096,382034,4229191.25,1687027440.0,469140000.0
2003-02-18,'000055,方  大Ａ,11.12,11.18,11.01,11.1,11.08,0.04,0.361,0.9145,384077,4249547.95,1679475840.0,467040000.0
2003-02-17,'000055,方  大Ａ,11.08,11.41,11.0,11.26,11.15,-0.07,-0.6278,1.4436,606331,6782015.89,1673434560.0,465360000.0
2003-02-14,'000055,方  大Ａ,11.15,11.32,11.0,11.25,11.21,-0.06,-0.5352,1.0986,461400,5164316.59,1684006800.0,468300000.0
2003-02-13,'000055,方  大Ａ,11.21,11.62,11.2,11.4,11.39,-0.18,-1.5803,2.6582,1116431,12759769.52,1693068720.0,470820000.0
2003-02-12,'000055,方  大Ａ,11.39,11.42,11.15,11.29,11.26,0.13,1.1545,1.9665,825950,9342016.82,1720254480.0,478380000.0
2003-02-11,'000055,方  大Ａ,11.26,11.29,10.65,10.76,10.79,0.47,4.3559,1.7892,751449,8356485.79,1700620320.0,472920000.0
2003-02-10,'000055,方  大Ａ,10.79,11.15,10.75,11.15,11.1,-0.31,-2.7928,1.0479,440117,4787129.46,1629635280.0,453180000.0
2003-01-29,'000055,方  大Ａ,11.1,11.29,11.05,11.29,11.29,-0.19,-1.6829,1.5197,638279,7107623.68,1676455200.0,466200000.0
2003-01-28,'000055,方  大Ａ,11.29,11.5,11.05,11.07,11.04,0.25,2.2645,2.8419,1193611,13526783.69,1705151280.0,474180000.0
2003-01-27,'000055,方  大Ａ,11.04,11.11,10.87,11.01,11.0,0.04,0.3636,2.1518,903760,9946900.2,1667393280.0,463680000.0
2003-01-24,'000055,方  大Ａ,11.0,11.04,10.68,10.76,10.85,0.15,1.3825,2.6882,1129033,12288939.63,1661352000.0,462000000.0
2003-01-23,'000055,方  大Ａ,10.85,11.25,10.8,11.2,11.35,-0.5,-4.4053,3.0288,1272087,13983991.93,1638697200.0,455700000.0
2003-01-22,'000055,方  大Ａ,11.35,11.53,10.77,11.16,11.27,0.08,0.7098,6.0939,2559428,28466876.69,1714213200.0,476700000.0
2003-01-21,'000055,方  大Ａ,11.27,11.8,11.23,11.7,11.83,-0.56,-4.7337,7.4184,3115722,35764051.5,1702130640.0,473340000.0
2003-01-20,'000055,方  大Ａ,11.83,12.48,11.78,11.79,11.54,0.29,2.513,14.2244,5974267,72009595.15,1786708560.0,496860000.0
2003-01-17,'000055,方  大Ａ,11.54,11.54,10.56,10.66,10.49,1.05,10.0095,14.7162,6180817,70051732.41,1742909280.0,484680000.0
2003-01-16,'000055,方  大Ａ,10.49,10.5,10.04,10.12,10.12,0.37,3.6561,4.415,1854279,19006086.01,1584325680.0,440580000.0
2003-01-15,'000055,方  大Ａ,10.12,10.57,10.0,10.33,10.37,-0.25,-2.4108,4.2913,1802352,18461007.94,1528443840.0,425040000.0
2003-01-14,'000055,方  大Ａ,10.37,10.6,9.95,10.06,10.08,0.29,2.877,5.687,2388545,24567150.9,1566201840.0,435540000.0
2003-01-13,'000055,方  大Ａ,10.08,10.09,9.66,9.88,9.93,0.15,1.5106,3.1359,1317061,12946889.05,1522402560.0,423360000.0
2003-01-10,'000055,方  大Ａ,9.93,10.28,9.9,10.28,10.25,-0.32,-3.122,4.8769,2048283,20569003.42,1499747760.0,417060000.0
2003-01-09,'000055,方  大Ａ,10.25,10.3,9.9,10.05,10.04,0.21,2.0916,7.7272,3245405,32851977.2,1548078000.0,430500000.0
2003-01-08,'000055,方  大Ａ,10.04,10.09,9.4,9.46,9.46,0.58,6.1311,6.5286,2742005,26814761.49,1516361280.0,421680000.0
2003-01-07,'000055,方  大Ａ,9.46,9.85,9.35,9.69,9.64,-0.18,-1.8672,3.5934,1509240,14483527.65,1428762720.0,397320000.0
2003-01-06,'000055,方  大Ａ,9.64,9.75,9.35,9.35,9.43,0.21,2.2269,3.8529,1618206,15450068.56,1455948480.0,404880000.0
2003-01-03,'000055,方  大Ａ,9.43,9.92,9.22,9.8,9.86,-0.43,-4.3611,4.5086,1893622,18063809.41,1424231760.0,396060000.0
2003-01-02,'000055,方  大Ａ,9.86,9.92,9.43,9.52,9.5,0.36,3.7895,5.9682,2506647,24414798.03,1489175520.0,414120000.0
2002-12-31,'000055,方  大Ａ,9.5,9.98,9.45,9.76,9.74,-0.24,-2.4641,3.6017,1512705,14652840.72,1434804000.0,399000000.0
2002-12-30,'000055,方  大Ａ,9.74,10.1,9.65,9.8,9.94,-0.2,-2.0121,4.5277,1901624,18796875.69,1471051680.0,409080000.0
2002-12-27,'000055,方  大Ａ,9.94,10.56,9.7,10.4,10.46,-0.52,-4.9713,7.5623,3176166,31649561.55,1501258080.0,417480000.0
2002-12-26,'000055,方  大Ａ,10.46,10.96,10.42,10.59,10.68,-0.22,-2.0599,5.2262,2195010,23342055.06,1579794720.0,439320000.0
2002-12-25,'000055,方  大Ａ,10.68,11.18,10.56,10.84,10.84,-0.16,-1.476,5.4129,2273438,24725445.45,1613021760.0,448560000.0
2002-12-24,'000055,方  大Ａ,10.84,10.85,10.43,10.6,10.67,0.17,1.5933,3.9898,1675702,17759475.85,1637186880.0,455280000.0
2002-12-23,'000055,方  大Ａ,10.67,11.2,10.38,10.63,10.68,-0.01,-0.0936,7.902,3318841,35817729.34,1611511440.0,448140000.0
2002-12-20,'000055,方  大Ａ,10.68,10.9,10.51,10.59,10.6,0.08,0.7547,5.9496,2498820,26744309.79,1613021760.0,448560000.0
2002-12-19,'000055,方  大Ａ,10.6,10.97,10.46,10.6,10.69,-0.09,-0.8419,6.6833,2806967,29990099.55,1600939200.0,445200000.0
2002-12-18,'000055,方  大Ａ,10.69,11.2,10.5,10.58,10.69,0.0,0.0,11.7845,4949498,53412340.29,1614532080.0,448980000.0
2002-12-17,'000055,方  大Ａ,10.69,10.69,9.58,9.62,9.72,0.97,9.9794,11.2751,4735522,48670683.08,1614532080.0,448980000.0
2002-12-16,'000055,方  大Ａ,9.72,9.8,9.4,9.58,9.58,0.14,1.4614,9.9959,4198284,40338625.48,1468031040.0,408240000.0
2002-12-13,'000055,方  大Ａ,9.58,9.58,8.65,8.8,8.71,0.87,9.9885,14.9485,6278361,57995241.67,1446886560.0,402360000.0
2002-12-12,'000055,方  大Ａ,8.71,8.71,8.0,8.0,7.92,0.79,9.9747,4.7481,1994216,17298417.91,1315488720.0,365820000.0
2002-12-11,'000055,方  大Ａ,7.92,7.97,7.81,7.97,7.86,0.06,0.7634,0.1868,78462,616930.61,1196173440.0,332640000.0
2002-12-10,'000055,方  大Ａ,7.86,8.12,7.85,8.0,8.09,-0.23,-2.843,0.2036,85506,683733.32,1187111520.0,330120000.0
2002-12-09,'000055,方  大Ａ,8.09,8.18,8.04,8.1,8.12,-0.03,-0.3695,0.142,59648,482947.94,1221848880.0,339780000.0
2002-12-06,'000055,方  大Ａ,8.12,8.3,8.09,8.15,8.18,-0.06,-0.7335,0.279,117200,956749.8,1226379840.0,341040000.0
2002-12-05,'000055,方  大Ａ,8.18,8.3,8.15,8.22,8.3,-0.12,-1.4458,0.3476,146000,1200613.0,1235441760.0,343560000.0
2002-12-04,'000055,方  大Ａ,8.3,8.45,8.21,8.29,8.28,0.02,0.2415,0.5403,226940,1897069.87,1253565600.0,348600000.0
2002-12-03,'000055,方  大Ａ,8.28,8.28,8.15,8.2,8.22,0.06,0.7299,0.2761,115950,955806.7,1250544960.0,347760000.0
2002-12-02,'000055,方  大Ａ,8.22,8.48,8.19,8.48,8.48,-0.26,-3.066,0.902,378839,3141553.92,1241483040.0,345240000.0
2002-11-29,'000055,方  大Ａ,8.48,8.8,8.15,8.32,8.19,0.29,3.5409,1.5993,671709,5694024.68,1280751360.0,356160000.0
2002-11-28,'000055,方  大Ａ,8.19,8.2,7.76,7.91,7.84,0.35,4.4643,0.6634,278614,2240912.6,1236952080.0,343980000.0
2002-11-27,'000055,方  大Ａ,7.84,7.99,7.7,7.7,7.83,0.01,0.1277,0.3679,154535,1213492.95,1184090880.0,329280000.0
2002-11-26,'000055,方  大Ａ,7.83,8.25,7.75,8.19,8.12,-0.29,-3.5714,0.426,178920,1422473.6,1182580560.0,328860000.0
2002-11-25,'000055,方  大Ａ,8.12,8.2,8.0,8.05,8.1,0.02,0.2469,0.2863,120225,973757.15,1226379840.0,341040000.0
2002-11-22,'000055,方  大Ａ,8.1,8.27,7.9,8.25,8.16,-0.06,-0.7353,0.643,270076,2193565.37,1223359200.0,340200000.0
2002-11-21,'000055,方  大Ａ,8.16,8.49,7.94,8.31,8.59,-0.43,-5.0058,0.9909,416176,3393168.06,1232421120.0,342720000.0
2002-11-20,'000055,方  大Ａ,8.59,8.9,8.5,8.9,8.96,-0.37,-4.1295,0.3479,146121,1260396.09,1297364880.0,360780000.0
2002-11-19,'000055,方  大Ａ,8.96,9.1,8.65,8.75,8.72,0.24,2.7523,0.3632,152526,1356392.63,1353246720.0,376320000.0
2002-11-18,'000055,方  大Ａ,8.72,8.89,8.62,8.8,8.74,-0.02,-0.2288,0.1865,78350,682108.2,1316999040.0,366240000.0
2002-11-15,'000055,方  大Ａ,8.74,8.92,8.63,8.63,8.67,0.07,0.8074,0.4365,183331,1614348.11,1320019680.0,367080000.0
2002-11-14,'000055,方  大Ａ,8.67,9.14,8.61,9.1,9.15,-0.48,-5.2459,0.3019,126813,1132149.63,1309447440.0,364140000.0
2002-11-13,'000055,方  大Ａ,9.15,9.18,8.9,9.09,9.14,0.01,0.1094,0.5196,218250,1966614.26,1381942800.0,384300000.0
2002-11-12,'000055,方  大Ａ,9.14,9.77,9.1,9.77,9.59,-0.45,-4.6924,0.6837,287153,2674843.6,1380432480.0,383880000.0
2002-11-11,'000055,方  大Ａ,9.59,9.9,9.57,9.78,9.8,-0.21,-2.1429,0.2679,112500,1089554.0,1448396880.0,402780000.0
2002-11-08,'000055,方  大Ａ,9.8,10.36,9.77,10.25,10.15,-0.35,-3.4483,0.5212,218900,2182892.0,1480113600.0,411600000.0
2002-11-07,'000055,方  大Ａ,10.15,10.28,10.05,10.18,10.24,-0.09,-0.8789,0.4998,209930,2125158.08,1532974800.0,426300000.0
2002-11-06,'000055,方  大Ａ,10.24,10.44,10.07,10.14,10.15,0.09,0.8867,1.1458,481217,4958898.26,1546567680.0,430080000.0
2002-11-05,'000055,方  大Ａ,10.15,10.22,9.91,10.0,9.91,0.24,2.4218,1.0956,460166,4635081.64,1532974800.0,426300000.0
2002-11-04,'000055,方  大Ａ,9.91,9.93,9.7,9.9,9.72,0.19,1.9547,0.2901,121850,1198607.0,1496727120.0,416220000.0
2002-11-01,'000055,方  大Ａ,9.72,9.83,9.66,9.8,9.9,-0.18,-1.8182,0.3818,160350,1556444.5,1468031040.0,408240000.0
2002-10-31,'000055,方  大Ａ,9.9,10.08,9.78,10.08,9.98,-0.08,-0.8016,0.7198,302300,3010088.8,1495216800.0,415800000.0
2002-10-30,'000055,方  大Ａ,9.98,10.0,9.63,9.77,9.77,0.21,2.1494,0.5806,243835,2388082.1,1507299360.0,419160000.0
2002-10-29,'000055,方  大Ａ,9.77,9.84,9.51,9.7,9.79,-0.02,-0.2043,0.9325,391648,3779954.59,1475582640.0,410340000.0
2002-10-28,'000055,方  大Ａ,9.79,10.74,9.71,10.72,10.78,-0.99,-9.1837,2.5148,1056236,10618009.38,1478603280.0,411180000.0
2002-10-25,'000055,方  大Ａ,10.78,11.04,10.6,10.68,10.58,0.2,1.8904,3.9744,1669248,18139011.63,1628124960.0,452760000.0
2002-10-24,'000055,方  大Ａ,10.58,10.72,10.43,10.72,10.72,-0.14,-1.306,1.9241,808127,8508677.11,1597918560.0,444360000.0
2002-10-23,'000055,方  大Ａ,10.72,10.73,10.39,10.6,10.6,0.12,1.1321,0.6381,267982,2837265.02,1619063040.0,450240000.0
2002-10-22,'000055,方  大Ａ,10.6,10.8,10.5,10.79,10.45,0.15,1.4354,0.4274,179517,1907581.2,1600939200.0,445200000.0
2002-10-21,'000055,方  大Ａ,10.45,10.67,10.35,10.67,10.67,-0.22,-2.0619,0.359,150780,1576619.4,1578284400.0,438900000.0
2002-10-18,'000055,方  大Ａ,10.67,10.88,10.56,10.73,10.71,-0.04,-0.3735,0.1712,71920,769211.56,1611511440.0,448140000.0
2002-10-17,'000055,方  大Ａ,10.71,10.83,10.7,10.83,10.87,-0.16,-1.4719,0.1371,57600,619336.0,1617552720.0,449820000.0
2002-10-16,'000055,方  大Ａ,10.87,11.09,10.75,10.75,10.75,0.12,1.1163,0.2168,91050,1000431.37,1641717840.0,456540000.0
2002-10-15,'000055,方  大Ａ,10.75,11.0,10.72,11.0,11.0,-0.25,-2.2727,0.1802,75702,820655.04,1623594000.0,451500000.0
2002-10-14,'000055,方  大Ａ,11.0,11.08,10.71,10.88,10.91,0.09,0.8249,0.1471,61794,671713.31,1661352000.0,462000000.0
2002-10-11,'000055,方  大Ａ,10.91,11.04,10.9,11.0,10.95,-0.04,-0.3653,0.0979,41100,450795.0,1647759120.0,458220000.0
2002-10-10,'000055,方  大Ａ,10.95,11.0,10.82,11.0,11.0,-0.05,-0.4545,0.1363,57239,623664.54,1653800400.0,459900000.0
2002-10-09,'000055,方  大Ａ,11.0,11.35,10.71,11.35,11.36,-0.36,-3.169,0.1952,81963,903345.58,1661352000.0,462000000.0
2002-10-08,'000055,方  大Ａ,11.36,11.43,11.3,11.4,11.36,0.0,0.0,0.126,52902,600430.0,1715723520.0,477120000.0
2002-09-27,'000055,方  大Ａ,11.36,11.54,11.24,11.4,11.54,-0.18,-1.5598,0.3627,152351,1726900.4,1715723520.0,477120000.0
2002-09-26,'000055,方  大Ａ,11.54,11.78,11.48,11.66,11.66,-0.12,-1.0292,0.3189,133944,1550999.7,1742909280.0,484680000.0
2002-09-25,'000055,方  大Ａ,11.66,11.79,11.38,11.47,11.47,0.19,1.6565,0.7212,302924,3537826.1,1761033120.0,489720000.0
2002-09-24,'000055,方  大Ａ,11.47,11.6,11.41,11.5,11.5,-0.03,-0.2609,0.1886,79230,911143.44,1732337040.0,481740000.0
2002-09-23,'000055,方  大Ａ,11.5,11.68,11.39,11.39,11.39,0.11,0.9658,0.1764,74081,849404.23,1736868000.0,483000000.0
2002-09-20,'000055,方  大Ａ,11.39,11.68,11.32,11.6,11.6,-0.21,-1.8103,0.2419,101600,1169254.92,1720254480.0,478380000.0
2002-09-19,'000055,方  大Ａ,11.6,11.75,11.18,11.22,11.22,0.38,3.3868,0.6335,266053,3072476.05,1751971200.0,487200000.0
2002-09-18,'000055,方  大Ａ,11.22,11.3,11.2,11.27,11.29,-0.07,-0.62,0.1347,56593,636422.06,1694579040.0,471240000.0
2002-09-17,'000055,方  大Ａ,11.29,11.4,11.2,11.2,11.26,0.03,0.2664,0.19,79820,900768.15,1705151280.0,474180000.0
2002-09-16,'000055,方  大Ａ,11.26,11.37,11.25,11.3,11.37,-0.11,-0.9675,0.1082,45464,513294.14,1700620320.0,472920000.0
2002-09-13,'000055,方  大Ａ,11.37,11.45,11.35,11.39,11.49,-0.12,-1.0444,0.2533,106401,1211092.35,1717233840.0,477540000.0
2002-09-12,'000055,方  大Ａ,11.49,11.59,11.45,11.59,11.49,0.0,0.0,0.1173,49252,568208.16,1735357680.0,482580000.0
2002-09-11,'000055,方  大Ａ,11.49,11.52,11.3,11.46,11.51,-0.02,-0.1738,0.2542,106780,1217708.6,1735357680.0,482580000.0
2002-09-10,'000055,方  大Ａ,11.51,11.59,11.45,11.59,11.48,0.03,0.2613,0.1562,65620,753863.6,1738378320.0,483420000.0
2002-09-09,'000055,方  大Ａ,11.48,11.62,11.45,11.62,11.62,-0.14,-1.2048,0.2775,116565,1342405.4,1733847360.0,482160000.0
2002-09-06,'000055,方  大Ａ,11.62,11.81,11.58,11.75,11.79,-0.17,-1.4419,0.3335,140087,1636276.22,1754991840.0,488040000.0
2002-09-05,'000055,方  大Ａ,11.79,12.0,11.75,12.0,11.99,-0.2,-1.6681,0.5405,227017,2682510.59,1780667280.0,495180000.0
2002-09-04,'000055,方  大Ａ,11.99,12.16,11.9,12.14,12.11,-0.12,-0.9909,0.3842,161350,1931440.3,1810873680.0,503580000.0
2002-09-03,'000055,方  大Ａ,12.11,12.28,11.86,11.91,11.88,0.23,1.936,1.1689,490941,5945587.14,1828997520.0,508620000.0
2002-09-02,'000055,方  大Ａ,11.88,11.94,11.76,11.87,11.79,0.09,0.7634,0.1742,73181,867174.81,1794260160.0,498960000.0
2002-08-30,'000055,方  大Ａ,11.79,11.88,11.7,11.82,11.74,0.05,0.4259,0.1288,54104,637644.7,1780667280.0,495180000.0
2002-08-29,'000055,方  大Ａ,11.74,12.0,11.72,12.0,11.88,-0.14,-1.1785,0.2551,107136,1266555.94,1773115680.0,493080000.0
2002-08-28,'000055,方  大Ａ,11.88,12.09,11.82,12.03,11.99,-0.11,-0.9174,0.4443,186620,2226287.6,1794260160.0,498960000.0
2002-08-27,'000055,方  大Ａ,11.99,12.1,11.61,11.64,11.65,0.34,2.9185,0.922,387230,4641798.5,1810873680.0,503580000.0
2002-08-26,'000055,方  大Ａ,11.65,11.79,11.62,11.65,11.77,-0.12,-1.0195,0.1879,78910,921866.71,1759522800.0,489300000.0
2002-08-23,'000055,方  大Ａ,11.77,11.85,11.7,11.79,11.8,-0.03,-0.2542,0.2296,96424,1134026.12,1777646640.0,494340000.0
2002-08-22,'000055,方  大Ａ,11.8,11.93,11.67,11.82,11.77,0.03,0.2549,0.8577,360235,4246684.74,1782177600.0,495600000.0
2002-08-21,'000055,方  大Ａ,11.77,11.84,11.63,11.71,11.71,0.06,0.5124,0.2006,84264,988534.32,1777646640.0,494340000.0
2002-08-20,'000055,方  大Ａ,11.71,11.75,11.55,11.6,11.54,0.17,1.4731,0.2939,123417,1437918.66,1768584720.0,491820000.0
2002-08-19,'000055,方  大Ａ,11.54,11.63,11.43,11.44,11.59,-0.05,-0.4314,0.1006,42250,488156.01,1742909280.0,484680000.0
2002-08-16,'000055,方  大Ａ,11.59,11.65,11.42,11.45,11.54,0.05,0.4333,0.0962,40420,466832.0,1750460880.0,486780000.0
2002-08-15,'000055,方  大Ａ,11.54,11.65,11.49,11.65,11.63,-0.09,-0.7739,0.0717,30120,347167.0,1742909280.0,484680000.0
2002-08-14,'000055,方  大Ａ,11.63,11.63,11.4,11.5,11.48,0.15,1.3066,0.2063,86650,1001916.5,1756502160.0,488460000.0
2002-08-13,'000055,方  大Ａ,11.48,11.55,11.4,11.41,11.43,0.05,0.4374,0.1562,65603,751992.7,1733847360.0,482160000.0
2002-08-12,'000055,方  大Ａ,11.43,11.55,11.38,11.51,11.54,-0.11,-0.9532,0.3537,148550,1699089.0,1726295760.0,480060000.0
2002-08-09,'000055,方  大Ａ,11.54,11.59,11.45,11.45,11.72,-0.18,-1.5358,0.4395,184608,2125537.08,1742909280.0,484680000.0
2002-08-08,'000055,方  大Ａ,11.72,11.91,11.66,11.87,11.9,-0.18,-1.5126,0.3698,155329,1832374.9,1770095040.0,492240000.0
2002-08-07,'000055,方  大Ａ,11.9,11.98,11.81,11.95,11.95,-0.05,-0.4184,0.2038,85600,1019499.0,1797280800.0,499800000.0
2002-08-06,'000055,方  大Ａ,11.95,12.28,11.73,11.8,11.67,0.28,2.3993,0.9472,397820,4799511.23,1804832400.0,501900000.0
2002-08-05,'000055,方  大Ａ,11.67,11.79,11.52,11.79,11.79,-0.12,-1.0178,0.1683,70702,823238.38,1762543440.0,490140000.0
2002-08-02,'000055,方  大Ａ,11.79,11.82,11.71,11.71,11.75,0.04,0.3404,0.1394,58553,689567.3,1780667280.0,495180000.0
2002-08-01,'000055,方  大Ａ,11.75,11.82,11.58,11.68,11.67,0.08,0.6855,0.1953,82038,959753.94,1774626000.0,493500000.0
2002-07-31,'000055,方  大Ａ,11.67,11.89,11.63,11.75,11.79,-0.12,-1.0178,0.1683,70681,828107.27,1762543440.0,490140000.0
2002-07-30,'000055,方  大Ａ,11.79,11.9,11.5,11.85,11.89,-0.1,-0.841,0.4779,200731,2342444.5,1780667280.0,495180000.0
2002-07-29,'000055,方  大Ａ,11.89,11.9,11.43,11.7,11.78,0.11,0.9338,0.3181,133581,1558480.26,1795770480.0,499380000.0
2002-07-26,'000055,方  大Ａ,11.78,11.85,11.78,11.85,11.82,-0.04,-0.3384,0.262,110020,1300517.64,1779156960.0,494760000.0
2002-07-25,'000055,方  大Ａ,11.82,12.0,11.75,11.93,11.8,0.02,0.1695,0.3494,146752,1737866.91,1785198240.0,496440000.0
2002-07-24,'000055,方  大Ａ,11.8,11.92,11.73,11.85,11.85,-0.05,-0.4219,0.4954,208074,2457949.31,1782177600.0,495600000.0
2002-07-23,'000055,方  大Ａ,11.85,12.05,11.85,11.95,12.0,-0.15,-1.25,0.6062,254600,3039115.0,1789729200.0,497700000.0
2002-07-22,'000055,方  大Ａ,12.0,12.37,11.9,12.37,12.64,-0.64,-5.0633,1.4271,599400,7258331.9,1812384000.0,504000000.0
2002-07-19,'000055,方  大Ａ,12.64,12.65,12.5,12.65,12.55,0.09,0.7171,0.2266,95171,1195224.76,1909044480.0,530880000.0
2002-07-18,'000055,方  大Ａ,12.55,12.65,12.48,12.65,12.54,0.01,0.0797,0.1819,76412,958737.86,1895451600.0,527100000.0
2002-07-17,'000055,方  大Ａ,12.54,12.56,12.4,12.5,12.38,0.16,1.2924,0.2627,110338,1376810.06,1893941280.0,526680000.0
2002-07-16,'000055,方  大Ａ,12.38,12.57,12.35,12.38,12.4,-0.02,-0.1613,0.219,92000,1145190.97,1869776160.0,519960000.0
2002-07-15,'000055,方  大Ａ,12.4,12.56,12.38,12.56,12.6,-0.2,-1.5873,0.2295,96400,1201544.99,1872796800.0,520800000.0
2002-07-12,'000055,方  大Ａ,12.6,12.68,12.5,12.5,12.6,0.0,0.0,0.1974,82926,1045912.07,1903003200.0,529200000.0
2002-07-11,'000055,方  大Ａ,12.6,12.75,12.5,12.75,12.65,-0.05,-0.3953,0.4294,180340,2277200.14,1903003200.0,529200000.0
2002-07-10,'000055,方  大Ａ,12.65,12.94,12.63,12.94,12.95,-0.3,-2.3166,0.4404,184958,2355929.23,1910554800.0,531300000.0
2002-07-09,'000055,方  大Ａ,12.95,13.16,12.95,13.16,13.16,-0.21,-1.5957,0.3618,151970,1978212.6,1955864400.0,543900000.0
2002-07-08,'000055,方  大Ａ,13.16,13.18,12.85,12.99,12.98,0.18,1.3867,0.5444,228645,2974153.1,1987581120.0,552720000.0
2002-07-05,'000055,方  大Ａ,12.98,13.0,12.75,12.75,12.79,0.19,1.4855,0.2204,92548,1189973.28,1960395360.0,545160000.0
2002-07-04,'000055,方  大Ａ,12.79,13.01,12.78,13.0,13.0,-0.21,-1.6154,0.4093,171900,2213832.8,1931699280.0,537180000.0
2002-07-03,'000055,方  大Ａ,13.0,13.11,12.87,13.1,13.04,-0.04,-0.3067,0.6684,280748,3632648.48,1963416000.0,546000000.0
2002-07-02,'000055,方  大Ａ,13.04,13.11,12.82,12.83,12.86,0.18,1.3997,0.6131,257499,3342987.31,1969457280.0,547680000.0
2002-07-01,'000055,方  大Ａ,12.86,13.05,12.73,12.93,12.96,-0.1,-0.7716,0.6961,292341,3774685.73,1942271520.0,540120000.0
2002-06-28,'000055,方  大Ａ,12.96,13.13,12.74,13.11,13.07,-0.11,-0.8416,1.7884,751130,9669685.27,1957374720.0,544320000.0
2002-06-27,'000055,方  大Ａ,13.07,13.35,12.9,13.3,13.25,-0.18,-1.3585,1.4346,602522,7900456.59,1973988240.0,548940000.0
2002-06-26,'000055,方  大Ａ,13.25,13.42,13.03,13.42,13.42,-0.17,-1.2668,1.9966,838588,11085971.18,2001174000.0,556500000.0
2002-06-25,'000055,方  大Ａ,13.42,14.18,13.2,13.57,13.57,-0.15,-1.1054,5.2993,2225699,30667206.14,2026849440.0,563640000.0
2002-06-24,'000055,方  大Ａ,13.57,13.57,13.01,13.57,12.34,1.23,9.9676,6.0439,2538434,34130541.4,2049504240.0,569940000.0
2002-06-21,'000055,方  大Ａ,12.34,12.4,11.37,11.37,11.37,0.97,8.5312,3.8726,1626487,19745631.37,1863734880.0,518280000.0
2002-06-20,'000055,方  大Ａ,11.37,11.58,11.15,11.17,11.15,0.22,1.9731,0.4427,185949,2108533.94,1717233840.0,477540000.0
2002-06-19,'000055,方  大Ａ,11.15,11.43,11.15,11.43,11.26,-0.11,-0.9769,0.1281,53800,604056.0,1684006800.0,468300000.0
2002-06-18,'000055,方  大Ａ,11.36,11.43,11.0,11.01,11.2,0.16,1.4286,0.326,136925,1556903.79,1715723520.0,477120000.0
2002-06-17,'000055,方  大Ａ,11.2,11.25,11.05,11.15,11.26,-0.06,-0.5329,0.0998,41900,466147.0,1691558400.0,470400000.0
2002-06-14,'000055,方  大Ａ,11.26,11.41,11.25,11.33,11.35,-0.09,-0.793,0.275,115500,1307008.65,1700620320.0,472920000.0
2002-06-13,'000055,方  大Ａ,11.35,11.64,11.29,11.58,11.57,-0.22,-1.9015,0.2128,89376,1023839.96,1714213200.0,476700000.0
2002-06-12,'000055,方  大Ａ,11.57,11.65,11.14,11.25,11.25,0.32,2.8444,0.6233,261767,3006167.22,1747440240.0,485940000.0
2002-06-11,'000055,方大Ａ,11.25,11.3,11.06,11.06,11.16,0.09,0.8065,0.1555,65300,733851.0,1699110000.0,472500000.0
2002-06-10,'000055,方  大Ａ,11.16,11.32,11.05,11.3,11.3,-0.14,-1.2389,0.1521,63877,714189.71,1685517120.0,468720000.0
2002-06-07,'000055,方  大Ａ,11.3,11.5,11.13,11.27,11.3,0.0,0.0,0.4814,202176,2286624.36,1706661600.0,474600000.0
2002-06-06,'000055,方  大Ａ,11.3,11.5,10.68,10.8,10.8,0.5,4.6296,0.4217,177108,1961801.26,1706661600.0,474600000.0
2002-06-05,'000055,方  大Ａ,10.8,11.1,10.69,11.1,11.08,-0.28,-2.5271,0.2383,100100,1081661.7,1631145600.0,453600000.0
2002-06-04,'000055,方  大Ａ,11.08,11.2,10.9,11.07,11.07,0.01,0.0903,0.2783,116900,1288929.0,1673434560.0,465360000.0
2002-06-03,'000055,方  大Ａ,11.07,11.3,11.0,11.12,11.24,-0.17,-1.5125,0.2388,100275,1108134.65,1671924240.0,464940000.0
2002-05-31,'000055,方  大Ａ,11.24,11.39,11.1,11.28,11.27,-0.03,-0.2662,0.1957,82200,921222.0,1697599680.0,472080000.0
2002-05-30,'000055,方  大Ａ,11.27,11.5,11.08,11.45,11.45,-0.18,-1.5721,0.3198,134297,1510015.3,1702130640.0,473340000.0
2002-05-29,'000055,方  大Ａ,11.45,11.81,11.4,11.8,11.8,-0.35,-2.9661,0.3353,140817,1618274.84,1729316400.0,480900000.0
2002-05-28,'000055,方  大Ａ,11.8,12.0,11.8,11.85,11.9,-0.1,-0.8403,0.236,99100,1175763.0,1782177600.0,495600000.0
2002-05-27,'000055,方  大Ａ,11.9,12.0,11.8,12.0,11.91,-0.01,-0.084,0.1535,64487,762632.15,1797280800.0,499800000.0
2002-05-24,'000055,方  大Ａ,11.91,12.08,11.8,12.05,12.0,-0.09,-0.75,0.2434,102223,1217310.53,1798791120.0,500220000.0
2002-05-23,'000055,方  大Ａ,12.0,12.16,11.92,11.92,11.88,0.12,1.0101,0.2622,110129,1326977.28,1812384000.0,504000000.0
2002-05-22,'000055,方  大Ａ,11.88,12.15,11.88,12.15,12.09,-0.21,-1.737,0.2293,96310,1154329.91,1794260160.0,498960000.0
2002-05-21,'000055,方  大Ａ,12.09,12.2,11.8,12.0,11.67,0.42,3.599,0.6232,261758,3151160.83,1825976880.0,507780000.0
2002-05-20,'000055,方  大Ａ,11.67,11.86,11.48,11.86,11.9,-0.23,-1.9328,0.4398,184700,2144450.2,1762543440.0,490140000.0
2002-05-17,'000055,方  大Ａ,11.9,12.0,11.75,11.78,11.79,0.11,0.933,0.5243,220212,2607835.46,1797280800.0,499800000.0
2002-05-16,'000055,方  大Ａ,11.79,12.22,11.71,12.2,12.23,-0.44,-3.5977,0.8624,362200,4311653.0,1780667280.0,495180000.0
2002-05-15,'000055,方  大Ａ,12.23,12.51,12.18,12.49,12.46,-0.23,-1.8459,0.4852,203796,2509569.84,1847121360.0,513660000.0
2002-05-14,'000055,方  大Ａ,12.46,12.68,12.35,12.35,12.35,0.11,0.8907,0.4395,184580,2307200.08,1881858720.0,523320000.0
2002-05-13,'000055,方  大Ａ,12.35,12.55,12.3,12.53,12.54,-0.19,-1.5152,0.137,57560,713364.7,1865245200.0,518700000.0
2002-05-10,'000055,方  大Ａ,12.54,12.9,12.3,12.54,12.49,0.05,0.4003,0.3352,140763,1775669.15,1893941280.0,526680000.0
2002-05-09,'000055,方  大Ａ,12.49,12.6,12.4,12.4,12.41,0.08,0.6446,0.4135,173649,2171063.61,1886389680.0,524580000.0
2002-05-08,'000055,方  大Ａ,12.41,12.7,12.38,12.7,12.71,-0.3,-2.3603,0.297,124724,1550804.96,1874307120.0,521220000.0
2002-04-30,'000055,深圳方大,12.71,13.0,12.68,12.98,12.59,0.12,0.9531,1.23,516591,6619054.2,1919616720.0,533820000.0
2002-04-29,'000055,深圳方大,0.0,0.0,0.0,0.0,12.59,None,None,0.0,0,0.0,1901492880.0,528780000.0
2002-04-26,'000055,深圳方大,12.59,12.67,12.22,12.27,12.15,0.44,3.6214,0.8677,364420,4548016.72,1901492880.0,528780000.0
2002-04-25,'000055,深圳方大,12.15,12.15,11.79,11.86,11.86,0.29,2.4452,0.2279,95736,1144534.36,1835038800.0,510300000.0
2002-04-24,'000055,深圳方大,11.86,12.12,11.8,12.1,12.07,-0.21,-1.7399,0.3632,152560,1819025.5,1791239520.0,498120000.0
2002-04-23,'000055,深圳方大,12.07,12.25,12.0,12.2,12.01,0.06,0.4996,0.2162,90800,1103339.0,1822956240.0,506940000.0
2002-04-22,'000055,深圳方大,12.01,12.25,12.0,12.1,12.1,-0.09,-0.7438,0.1905,80001,972065.1,1813894320.0,504420000.0
2002-04-19,'000055,深圳方大,12.1,12.2,11.82,12.2,12.02,0.08,0.6656,0.4021,168890,2015616.0,1827487200.0,508200000.0
2002-04-18,'000055,深圳方大,12.02,12.3,12.01,12.25,12.24,-0.22,-1.7974,0.3652,153400,1858751.15,1815404640.0,504840000.0
2002-04-17,'000055,深圳方大,12.24,12.49,12.18,12.49,12.33,-0.09,-0.7299,0.1845,77499,952119.45,1848631680.0,514080000.0
2002-04-16,'000055,深圳方大,12.33,12.4,12.15,12.25,12.25,0.08,0.6531,0.2425,101859,1250757.32,1862224560.0,517860000.0
2002-04-15,'000055,深圳方大,12.25,12.47,12.21,12.42,12.38,-0.13,-1.0501,0.4272,179432,2206778.49,1850142000.0,514500000.0
2002-04-12,'000055,深圳方大,12.38,12.5,12.31,12.35,12.35,0.03,0.2429,0.3388,142309,1766312.65,1869776160.0,519960000.0
2002-04-11,'000055,深圳方大,12.35,12.7,12.34,12.7,12.7,-0.35,-2.7559,0.5529,232200,2909466.0,1865245200.0,518700000.0
2002-04-10,'000055,深圳方大,12.7,12.85,12.6,12.8,12.75,-0.05,-0.3922,0.6675,280343,3551677.36,1918106400.0,533400000.0
2002-04-09,'000055,深圳方大,12.75,12.87,12.48,12.55,12.51,0.24,1.9185,1.0119,424995,5409510.5,1925658000.0,535500000.0
2002-04-08,'000055,深圳方大,12.51,12.6,12.2,12.4,12.26,0.25,2.0392,0.5418,227568,2828746.84,1889410320.0,525420000.0
2002-04-05,'000055,深圳方大,12.26,12.53,12.12,12.2,12.09,0.17,1.4061,0.8385,352162,4346072.78,1851652320.0,514920000.0
2002-04-04,'000055,深圳方大,12.09,12.11,11.5,11.7,11.74,0.35,2.9813,0.7219,303201,3579984.17,1825976880.0,507780000.0
2002-04-03,'000055,深圳方大,11.74,12.06,11.69,11.9,11.85,-0.11,-0.9283,0.5731,240700,2843628.0,1773115680.0,493080000.0
2002-04-02,'000055,深圳方大,11.85,12.45,11.75,12.45,12.3,-0.45,-3.6585,0.7068,296873,3536135.99,1789729200.0,497700000.0
2002-04-01,'000055,深圳方大,12.3,12.48,12.18,12.19,12.19,0.11,0.9024,0.3817,160300,1968698.51,1857693600.0,516600000.0
2002-03-29,'000055,深圳方大,12.19,12.6,12.18,12.55,12.59,-0.4,-3.1771,0.8137,341750,4225470.0,1841080080.0,511980000.0
2002-03-28,'000055,深圳方大,12.59,12.66,12.4,12.59,12.5,0.09,0.72,0.5783,242897,3052564.71,1901492880.0,528780000.0
2002-03-27,'000055,深圳方大,12.5,12.5,12.15,12.3,12.39,0.11,0.8878,0.7102,298280,3676518.2,1887900000.0,525000000.0
2002-03-26,'000055,深圳方大,12.39,12.73,12.37,12.73,12.71,-0.32,-2.5177,1.1604,487350,6084418.14,1871286480.0,520380000.0
2002-03-25,'000055,深圳方大,12.71,12.85,12.65,12.85,12.98,-0.27,-2.0801,0.9623,404157,5134699.8,1919616720.0,533820000.0
2002-03-22,'000055,深圳方大,12.98,13.3,12.9,13.21,13.2,-0.22,-1.6667,1.1888,499305,6511915.13,1960395360.0,545160000.0
2002-03-21,'000055,深圳方大,13.2,13.28,12.85,12.97,12.89,0.31,2.405,3.9647,1665163,21749463.07,1993622400.0,554400000.0
2002-03-20,'000055,深圳方大,12.89,13.06,12.75,12.9,12.8,0.09,0.7031,1.4223,597354,7726716.17,1946802480.0,541380000.0
2002-03-19,'000055,深圳方大,12.8,12.84,12.31,12.41,12.39,0.41,3.3091,0.9471,397782,5017919.74,1933209600.0,537600000.0
2002-03-18,'000055,深圳方大,12.39,12.82,12.21,12.43,12.29,0.1,0.8137,0.7469,313699,3907043.0,1871286480.0,520380000.0
2002-03-15,'000055,深圳方大,12.29,12.98,12.0,12.85,12.78,-0.49,-3.8341,1.2504,525184,6666638.46,1856183280.0,516180000.0
2002-03-14,'000055,深圳方大,12.78,12.78,12.38,12.38,12.38,0.4,3.231,1.1136,467728,5910300.78,1930188960.0,536760000.0
2002-03-13,'000055,深圳方大,12.38,12.85,12.36,12.68,12.71,-0.33,-2.5964,0.8497,356882,4493448.95,1869776160.0,519960000.0
2002-03-12,'000055,深圳方大,12.71,13.25,12.7,13.15,13.15,-0.44,-3.346,1.9489,818551,10583411.07,1919616720.0,533820000.0
2002-03-11,'000055,深圳方大,13.15,13.3,12.8,13.1,13.05,0.1,0.7663,2.0725,870442,11364881.64,1986070800.0,552300000.0
2002-03-08,'000055,深圳方大,13.05,13.1,12.5,12.75,12.55,0.5,3.9841,2.9282,1229857,15592965.05,1970967600.0,548100000.0
2002-03-07,'000055,深圳方大,12.55,12.6,12.25,12.27,12.27,0.28,2.282,1.7042,715743,8907162.85,1895451600.0,527100000.0
2002-03-06,'000055,深圳方大,12.27,12.75,11.95,12.1,11.96,0.31,2.592,3.0222,1269322,15707913.81,1853162640.0,515340000.0
2002-03-05,'000055,深圳方大,11.96,12.18,11.39,11.41,11.39,0.57,5.0044,1.658,696340,8292377.37,1806342720.0,502320000.0
2002-03-04,'000055,深圳方大,11.39,11.39,10.91,10.91,11.12,0.27,2.4281,0.2536,106522,1194494.13,1720254480.0,478380000.0
2002-03-01,'000055,深圳方大,11.12,11.4,11.09,11.4,11.46,-0.34,-2.9668,0.4348,182603,2041342.07,1679475840.0,467040000.0
2002-02-28,'000055,深圳方大,11.46,11.58,11.42,11.5,11.5,-0.04,-0.3478,0.4102,172300,1982475.0,1730826720.0,481320000.0
2002-02-27,'000055,深圳方大,11.5,11.58,11.41,11.51,11.48,0.02,0.1742,0.3433,144187,1659922.66,1736868000.0,483000000.0
2002-02-26,'000055,深圳方大,11.48,11.6,11.32,11.55,11.55,-0.07,-0.6061,0.1975,82962,947983.85,1733847360.0,482160000.0
2002-02-25,'000055,深圳方大,11.55,11.82,11.42,11.8,11.25,0.3,2.6667,0.934,392297,4541623.39,1744419600.0,485100000.0
2002-02-08,'000055,深圳方大,11.25,11.6,11.23,11.41,11.4,-0.15,-1.3158,0.5981,251200,2865807.0,1699110000.0,472500000.0
2002-02-07,'000055,深圳方大,11.4,11.56,11.0,11.0,11.04,0.36,3.2609,0.6132,257539,2935180.0,1721764800.0,478800000.0
2002-02-06,'000055,深圳方大,11.04,11.38,10.96,11.38,11.33,-0.29,-2.5596,0.671,281820,3133497.0,1667393280.0,463680000.0
2002-02-05,'000055,深圳方大,11.33,11.53,11.26,11.26,11.47,-0.14,-1.2206,0.7323,307555,3499408.57,1711192560.0,475860000.0
2002-02-04,'000055,深圳方大,11.47,11.5,11.06,11.3,11.3,0.17,1.5044,0.7173,301271,3407584.9,1732337040.0,481740000.0
2002-02-01,'000055,深圳方大,11.3,11.41,11.06,11.18,11.19,0.11,0.983,1.2799,537550,6070636.46,1706661600.0,474600000.0
2002-01-31,'000055,深圳方大,11.19,11.23,10.35,10.35,10.35,0.84,8.1159,1.5324,643623,7088709.21,1690048080.0,469980000.0
2002-01-30,'000055,深圳方大,10.35,10.5,10.2,10.5,10.25,0.1,0.9756,0.348,146145,1508665.45,1563181200.0,434700000.0
2002-01-29,'000055,深圳方大,10.25,10.38,9.8,9.85,10.02,0.23,2.2954,0.4955,208094,2120856.7,1548078000.0,430500000.0
2002-01-28,'000055,深圳方大,10.02,11.1,9.95,11.0,10.93,-0.91,-8.3257,0.9132,383540,3976960.72,1513340640.0,420840000.0
2002-01-25,'000055,深圳方大,10.93,11.1,10.85,10.93,11.02,-0.09,-0.8167,0.5862,246220,2697535.0,1650779760.0,459060000.0
2002-01-24,'000055,深圳方大,11.02,11.26,10.45,10.8,10.95,0.07,0.6393,1.2332,517962,5683357.48,1664372640.0,462840000.0
2002-01-23,'000055,深圳方大,10.95,10.98,9.88,10.08,10.08,0.87,8.631,0.9639,404836,4219123.61,1653800400.0,459900000.0
2002-01-22,'000055,深圳方大,10.08,10.59,9.81,10.0,10.0,0.08,0.8,0.7973,334880,3398698.91,1522402560.0,423360000.0
2002-01-21,'000055,深圳方大,10.0,10.7,9.9,10.4,10.6,-0.6,-5.6604,0.6814,286190,2908564.25,1510320000.0,420000000.0
2002-01-18,'000055,深圳方大,10.6,11.09,10.01,11.0,11.06,-0.46,-4.1591,0.98,411586,4383154.1,1600939200.0,445200000.0
2002-01-17,'000055,深圳方大,11.06,11.92,10.9,11.9,11.92,-0.86,-7.2148,0.6528,277504,3148394.56,1670413920.0,464520000.0
2002-01-16,'000055,深圳方大,11.92,11.98,11.61,11.72,11.7,0.22,1.8803,0.3395,142592,1690095.14,1800301440.0,500640000.0
2002-01-15,'000055,深圳方大,11.7,11.98,11.6,11.7,11.8,-0.1,-0.8475,0.4001,168022,1982033.56,1767074400.0,491400000.0
2002-01-14,'000055,深圳方大,11.8,12.2,11.6,12.0,12.22,-0.42,-3.437,0.6861,288150,3413220.09,1782177600.0,495600000.0
2002-01-11,'000055,深圳方大,12.22,12.75,12.2,12.75,12.77,-0.55,-4.307,0.4657,195614,2431976.95,1845611040.0,513240000.0
2002-01-10,'000055,深圳方大,12.77,12.99,12.01,12.28,12.28,0.49,3.9902,0.6399,268775,3318927.62,1928678640.0,536340000.0
2002-01-09,'000055,深圳方大,12.28,12.69,12.18,12.58,12.6,-0.32,-2.5397,0.6962,292405,3622343.75,1854672960.0,515760000.0
2002-01-08,'000055,深圳方大,12.6,13.09,12.58,12.89,12.86,-0.26,-2.0218,0.7782,326849,4168798.73,1903003200.0,529200000.0
2002-01-07,'000055,深圳方大,12.86,13.2,12.65,13.2,13.25,-0.39,-2.9434,0.8973,376855,4830484.51,1942271520.0,540120000.0
2002-01-04,'000055,深圳方大,13.25,13.5,13.21,13.39,13.41,-0.16,-1.1931,0.5213,218965,2925273.5,2001174000.0,556500000.0
2001-12-31,'000055,深圳方大,13.41,13.7,13.25,13.5,13.54,-0.13,-0.9601,1.5035,631458,8492216.3,2025339120.0,563220000.0
2001-12-28,'000055,深圳方大,13.54,13.99,13.25,13.94,13.94,-0.4,-2.8694,2.9768,1250258,16871688.74,2044973280.0,568680000.0
2001-12-27,'000055,深圳方大,13.94,14.38,13.9,14.38,14.28,-0.34,-2.381,1.4462,607400,8556578.82,2105386080.0,585480000.0
2001-12-26,'000055,深圳方大,14.28,14.33,14.0,14.2,14.08,0.2,1.4205,1.148,482147,6851331.24,2156736960.0,599760000.0
2001-12-25,'000055,深圳方大,14.08,14.4,13.95,14.39,14.33,-0.25,-1.7446,2.0421,857702,12104950.2,2126530560.0,591360000.0
2001-12-24,'000055,深圳方大,14.33,14.38,14.0,14.25,14.23,0.1,0.7027,2.0547,862977,12251460.18,2164288560.0,601860000.0
2001-12-21,'000055,深圳方大,14.23,14.26,13.22,13.22,13.22,1.01,7.6399,2.1424,899820,12473654.13,2149185360.0,597660000.0
2001-12-20,'000055,深圳方大,13.22,13.89,13.0,13.85,13.88,-0.66,-4.755,1.0533,442390,5960335.03,1996643040.0,555240000.0
2001-12-19,'000055,深圳方大,13.88,14.19,13.85,14.0,14.15,-0.27,-1.9081,0.7617,319920,4489716.0,2096324160.0,582960000.0
2001-12-18,'000055,深圳方大,14.15,14.4,13.4,13.46,13.3,0.85,6.391,3.8297,1608459,22375922.58,2137102800.0,594300000.0
2001-12-17,'000055,深圳方大,13.3,13.46,13.26,13.33,13.34,-0.04,-0.2999,0.2183,91700,1221921.0,2008725600.0,558600000.0
2001-12-14,'000055,深圳方大,13.34,13.65,13.3,13.5,13.62,-0.28,-2.0558,0.3824,160600,2162115.28,2014766880.0,560280000.0
2001-12-13,'000055,深圳方大,13.62,14.15,13.5,13.91,14.07,-0.45,-3.1983,0.5011,210473,2913144.13,2057055840.0,572040000.0
2001-12-12,'000055,深圳方大,14.07,14.28,14.06,14.26,14.26,-0.19,-1.3324,0.5101,214250,3031841.83,2125020240.0,590940000.0
2001-12-11,'000055,深圳方大,14.26,14.4,13.88,13.88,13.82,0.44,3.1838,1.4947,627785,8916479.74,2153716320.0,598920000.0
2001-12-10,'000055,深圳方大,13.82,13.95,13.71,13.95,13.89,-0.07,-0.504,0.1533,64400,890075.0,2087262240.0,580440000.0
2001-12-07,'000055,深圳方大,13.89,14.15,13.86,14.13,13.94,-0.05,-0.3587,0.2169,91100,1275058.0,2097834480.0,583380000.0
2001-12-06,'000055,深圳方大,13.94,13.97,13.7,13.7,13.77,0.17,1.2346,0.4632,194547,2700154.36,2105386080.0,585480000.0
2001-12-05,'000055,深圳方大,13.77,14.18,13.61,13.61,13.77,0.0,0.0,0.8247,346382,4837719.25,2079710640.0,578340000.0
2001-12-04,'000055,深圳方大,13.77,13.85,13.68,13.85,13.85,-0.08,-0.5776,0.4146,174146,2389239.35,2079710640.0,578340000.0
2001-12-03,'000055,深圳方大,13.85,14.0,13.78,13.98,13.8,0.05,0.3623,0.6368,267475,3697538.68,2091793200.0,581700000.0
2001-11-30,'000055,深圳方大,13.8,13.84,13.65,13.78,13.78,0.02,0.1451,0.3841,161342,2218389.0,2084241600.0,579600000.0
2001-11-29,'000055,深圳方大,13.78,14.05,13.78,13.81,13.78,0.0,0.0,0.8706,365671,5081112.34,2081220960.0,578760000.0
2001-11-28,'000055,深圳方大,13.78,13.88,13.62,13.64,13.62,0.16,1.1747,0.7315,307234,4230418.45,2081220960.0,578760000.0
2001-11-27,'000055,深圳方大,13.62,13.68,13.48,13.68,13.5,0.12,0.8889,0.4242,178152,2418946.11,2057055840.0,572040000.0
2001-11-26,'000055,深圳方大,13.5,13.5,13.25,13.25,13.13,0.37,2.818,0.4922,206727,2769436.35,2038932000.0,567000000.0
2001-11-23,'000055,深圳方大,13.13,13.25,13.1,13.11,13.23,-0.1,-0.7559,0.2293,96300,1266887.0,1983050160.0,551460000.0
2001-11-22,'000055,深圳方大,13.23,13.34,13.03,13.13,13.08,0.15,1.1468,0.4636,194717,2558195.64,1998153360.0,555660000.0
2001-11-21,'000055,深圳方大,13.08,13.1,12.81,12.98,13.05,0.03,0.2299,0.3362,141190,1833338.7,1975498560.0,549360000.0
2001-11-20,'000055,深圳方大,13.05,13.18,12.85,12.85,12.85,0.2,1.5564,0.2862,120220,1537256.0,1970967600.0,548100000.0
2001-11-19,'000055,深圳方大,12.85,12.88,12.69,12.69,12.69,0.16,1.2608,0.5594,234932,3024708.4,1940761200.0,539700000.0
2001-11-16,'000055,深圳方大,12.69,13.69,12.51,13.68,12.45,0.24,1.9277,0.5594,234932,3024708.4,1916596080.0,532980000.0
2001-11-15,'000055,深圳方大,12.45,12.65,12.25,12.6,12.57,-0.12,-0.9547,0.0492,20650,258069.5,1880348400.0,522900000.0
2001-11-14,'000055,深圳方大,12.57,12.8,12.53,12.8,12.56,0.01,0.0796,0.0598,25100,316159.0,1898472240.0,527940000.0
2001-11-13,'000055,深圳方大,12.56,12.9,12.5,12.72,12.62,-0.06,-0.4754,0.119,50000,636079.0,1896961920.0,527520000.0
2001-11-12,'000055,深圳方大,12.62,13.15,11.3,12.5,12.19,0.43,3.5275,0.2024,85007,1058824.0,1906023840.0,530040000.0
2001-11-09,'000055,深圳方大,12.19,12.39,11.8,12.2,12.19,0.0,0.0,0.0926,38900,470774.4,1841080080.0,511980000.0
2001-11-08,'000055,深圳方大,12.19,12.2,11.7,11.7,12.08,0.11,0.9106,0.1768,74261,892079.8,1841080080.0,511980000.0
2001-11-07,'000055,深圳方大,12.08,12.7,12.01,12.66,12.8,-0.72,-5.625,0.0924,38800,481352.47,1824466560.0,507360000.0
2001-11-06,'000055,深圳方大,12.8,13.05,12.67,12.94,12.94,-0.14,-1.0819,0.0856,35950,460844.5,1933209600.0,537600000.0
2001-11-05,'000055,深圳方大,12.94,13.08,12.71,13.0,13.09,-0.15,-1.1459,0.107,44950,580421.0,1954354080.0,543480000.0
2001-11-02,'000055,深圳方大,13.09,13.28,13.02,13.16,13.16,-0.07,-0.5319,0.1255,52700,692500.0,1977008880.0,549780000.0
2001-11-01,'000055,深圳方大,13.16,13.2,13.0,13.0,12.96,0.2,1.5432,0.466,195715,2563448.78,1987581120.0,552720000.0
2001-10-31,'000055,深圳方大,12.96,12.97,12.58,12.8,12.8,0.16,1.25,0.1323,55554,705403.0,1957374720.0,544320000.0
2001-10-30,'000055,深圳方大,12.8,12.92,12.8,12.9,12.88,-0.08,-0.6211,0.07,29400,378607.5,1933209600.0,537600000.0
2001-10-29,'000055,深圳方大,12.88,12.94,12.63,12.63,12.62,0.26,2.0602,0.0928,38960,499548.2,1945292160.0,540960000.0
2001-10-26,'000055,深圳方大,12.62,12.8,12.5,12.61,12.8,-0.18,-1.4063,0.158,66360,839445.0,1906023840.0,530040000.0
2001-10-25,'000055,深圳方大,12.8,13.1,12.7,13.1,13.21,-0.41,-3.1037,0.3056,128364,1659667.0,1933209600.0,537600000.0
2001-10-24,'000055,深圳方大,13.21,13.6,12.98,13.49,12.78,0.43,3.3646,0.8527,358154,4760587.0,1995132720.0,554820000.0
2001-10-23,'000055,深圳方大,12.78,12.78,12.4,12.62,11.62,1.16,9.9828,0.4701,197457,2509643.0,1930188960.0,536760000.0
2001-10-22,'000055,深圳方大,11.62,12.0,11.57,11.8,11.99,-0.37,-3.0859,0.261,109615,1294751.0,1754991840.0,488040000.0
2001-10-19,'000055,深圳方大,11.99,12.5,11.98,12.5,12.57,-0.58,-4.6142,0.3274,137500,1667127.0,1810873680.0,503580000.0
2001-10-18,'000055,深圳方大,12.57,13.12,12.51,13.12,12.75,-0.18,-1.4118,0.0821,34500,436399.0,1898472240.0,527940000.0
2001-10-17,'000055,深圳方大,12.75,12.81,12.6,12.8,12.8,-0.05,-0.3906,0.07,29410,372845.0,1925658000.0,535500000.0
2001-10-16,'000055,深圳方大,12.8,13.15,12.8,13.15,13.15,-0.35,-2.6616,0.1014,42600,550218.0,1933209600.0,537600000.0
2001-10-15,'000055,深圳方大,13.15,13.23,13.01,13.1,13.03,0.12,0.921,0.115,48315,632669.0,1986070800.0,552300000.0
2001-10-12,'000055,深圳方大,13.03,13.28,12.08,12.85,12.9,0.13,1.0078,0.3589,150730,1936769.0,1967946960.0,547260000.0
2001-10-11,'000055,深圳方大,12.9,13.48,12.9,13.45,13.39,-0.49,-3.6594,0.1821,76500,1002299.0,1948312800.0,541800000.0
2001-10-10,'000055,深圳方大,13.39,14.0,13.35,14.0,14.0,-0.61,-4.3571,0.1717,72100,980163.0,2022318480.0,562380000.0
2001-10-09,'000055,深圳方大,14.0,14.1,13.9,13.9,13.9,0.1,0.7194,0.0879,36900,515769.0,2114448000.0,588000000.0
2001-10-08,'000055,深圳方大,13.9,14.15,13.9,14.01,14.17,-0.27,-1.9054,0.094,39500,552696.0,2099344800.0,583800000.0
2001-09-28,'000055,深圳方大,14.17,14.88,13.72,13.96,13.96,0.21,1.5043,0.2212,92900,1316781.0,2140123440.0,595140000.0
2001-09-27,'000055,深圳方大,13.96,14.17,13.71,13.8,13.86,0.1,0.7215,0.1595,67000,929785.0,2108406720.0,586320000.0
2001-09-26,'000055,深圳方大,13.86,14.0,13.8,13.95,13.95,-0.09,-0.6452,0.1502,63100,875700.0,2093303520.0,582120000.0
2001-09-25,'000055,深圳方大,13.95,14.18,13.9,14.0,13.98,-0.03,-0.2146,0.0911,38250,535763.0,2106896400.0,585900000.0
2001-09-24,'000055,深圳方大,13.98,14.16,13.98,14.15,14.04,-0.06,-0.4274,0.1379,57900,814081.0,2111427360.0,587160000.0
2001-09-21,'000055,深圳方大,14.04,14.33,14.0,14.33,14.38,-0.34,-2.3644,0.0843,35400,501399.0,2120489280.0,589680000.0
2001-09-20,'000055,深圳方大,14.32,14.51,14.3,14.3,14.38,-0.06,-0.4172,0.1271,53400,769761.0,2162778240.0,601440000.0
2001-09-19,'000055,深圳方大,14.38,14.4,13.95,14.0,14.26,0.12,0.8415,0.074,31100,439864.0,2171840160.0,603960000.0
2001-09-18,'000055,深圳方大,14.26,14.28,13.78,13.78,14.0,0.26,1.8571,0.1497,62860,878998.0,2153716320.0,598920000.0
2001-09-17,'000055,深圳方大,14.0,14.36,13.95,14.35,14.44,-0.44,-3.0471,0.1698,71300,1002628.0,2114448000.0,588000000.0
2001-09-14,'000055,深圳方大,14.44,14.6,14.2,14.2,14.41,0.03,0.2082,0.1451,60940,873834.0,2180902080.0,606480000.0
2001-09-13,'000055,深圳方大,14.41,14.78,14.23,14.45,14.45,-0.04,-0.2768,0.2286,96029,1387707.0,2176371120.0,605220000.0
2001-09-12,'000055,深圳方大,14.45,14.5,13.54,14.0,14.44,0.01,0.0693,0.4514,189578,2689941.0,2182412400.0,606900000.0
2001-09-11,'000055,深圳方大,14.44,14.6,14.2,14.2,14.44,0.0,0.0,0.2667,112000,1620999.0,2180902080.0,606480000.0
2001-09-10,'000055,深圳方大,14.44,14.47,13.52,13.75,14.11,0.33,2.3388,0.1926,80877,1152349.0,2180902080.0,606480000.0
2001-09-07,'000055,深圳方大,14.11,14.48,14.0,14.46,14.55,-0.44,-3.0241,0.1676,70410,998923.0,2131061520.0,592620000.0
2001-09-06,'000055,深圳方大,14.55,14.73,14.5,14.5,14.56,-0.01,-0.0687,0.1755,73695,1078203.0,2197515600.0,611100000.0
2001-09-05,'000055,深圳方大,14.56,14.8,14.2,14.45,14.4,0.16,1.1111,0.2633,110595,1611872.0,2199025920.0,611520000.0
2001-09-04,'000055,深圳方大,14.4,14.4,13.98,14.0,14.04,0.36,2.5641,0.3559,149489,2118456.0,2174860800.0,604800000.0
2001-09-03,'000055,深圳方大,14.04,14.47,13.98,14.1,14.35,-0.31,-2.1603,0.0917,38507,541225.0,2120489280.0,589680000.0
2001-08-31,'000055,深圳方大,14.19,14.5,13.79,13.79,14.35,-0.16,-1.115,0.0755,31700,451502.0,2143144080.0,595980000.0
2001-08-30,'000055,深圳方大,14.35,14.52,14.35,14.5,14.37,-0.02,-0.1392,0.0876,36800,530079.0,2167309200.0,602700000.0
2001-08-29,'000055,深圳方大,14.37,14.6,14.22,14.22,14.2,0.17,1.1972,0.0883,37070,536286.0,2170329840.0,603540000.0
2001-08-28,'000055,深圳方大,14.2,14.29,13.8,14.0,14.12,0.08,0.5666,0.2633,110600,1548185.0,2144654400.0,596400000.0
2001-08-27,'000055,深圳方大,14.12,14.8,14.1,14.53,14.87,-0.75,-5.0437,0.4076,171200,2457198.0,2132571840.0,593040000.0
2001-08-24,'000055,深圳方大,14.87,15.0,14.78,15.0,14.9,-0.03,-0.2013,0.2149,90250,1341784.0,2245845840.0,624540000.0
2001-08-23,'000055,深圳方大,14.9,15.0,14.78,15.0,15.02,-0.12,-0.7989,0.275,115497,1717728.0,2250376800.0,625800000.0
2001-08-22,'000055,深圳方大,15.02,15.46,14.9,15.46,15.44,-0.42,-2.7202,0.2724,114397,1725124.0,2268500640.0,630840000.0
2001-08-21,'000055,深圳方大,15.44,15.52,15.4,15.49,15.43,0.01,0.0648,0.1312,55100,852200.0,2331934080.0,648480000.0
2001-08-20,'000055,深圳方大,15.43,15.49,15.28,15.35,15.36,0.07,0.4557,0.132,55448,853487.0,2330423760.0,648060000.0
2001-08-17,'000055,深圳方大,15.36,15.4,15.21,15.4,15.42,-0.06,-0.3891,0.2149,90244,1383966.0,2319851520.0,645120000.0
2001-08-16,'000055,深圳方大,15.42,15.76,15.4,15.76,15.68,-0.26,-1.6582,0.237,99549,1544127.0,2328913440.0,647640000.0
2001-08-15,'000055,深圳方大,15.68,15.75,15.42,15.7,15.75,-0.07,-0.4444,0.3841,161330,2514698.0,2368181760.0,658560000.0
2001-08-14,'000055,深圳方大,15.75,15.78,15.1,15.2,15.19,0.56,3.6866,1.3112,550707,8586702.0,2378754000.0,661500000.0
2001-08-13,'000055,深圳方大,15.19,15.3,15.05,15.15,15.08,0.11,0.7294,1.1847,497566,7546302.0,2294176080.0,637980000.0
2001-08-10,'000055,深圳方大,15.08,15.3,14.98,15.0,15.0,0.08,0.5333,1.1213,470957,7107655.0,2277562560.0,633360000.0
2001-08-09,'000055,深圳方大,15.0,15.16,14.52,14.8,14.95,0.05,0.3344,0.6701,281425,4174251.0,2265480000.0,630000000.0
2001-08-08,'000055,深圳方大,14.95,15.79,14.51,15.79,15.99,-1.04,-6.5041,0.733,307860,4604310.0,2257928400.0,627900000.0
2001-08-07,'000055,深圳方大,15.99,16.18,15.46,15.85,15.85,0.14,0.8833,0.7449,312860,4898839.0,2415001680.0,671580000.0
2001-08-06,'000055,深圳方大,15.85,16.34,15.7,16.1,16.37,-0.52,-3.1765,0.4364,183298,2924466.0,2393857200.0,665700000.0
2001-08-03,'000055,深圳方大,16.37,16.65,16.29,16.44,16.48,-0.11,-0.6675,0.1512,63500,1041163.0,2472393840.0,687540000.0
2001-08-02,'000055,深圳方大,16.48,16.8,16.05,16.8,16.57,-0.09,-0.5432,0.2215,93050,1521416.0,2489007360.0,692160000.0
2001-08-01,'000055,深圳方大,16.57,16.6,16.0,16.0,16.12,0.45,2.7916,0.3148,132229,2174637.0,2502600240.0,695940000.0
2001-07-31,'000055,深圳方大,16.12,16.68,16.0,16.2,16.58,-0.46,-2.7744,0.4997,209885,3411331.0,2434635840.0,677040000.0
2001-07-30,'000055,深圳方大,16.58,17.2,16.1,17.2,17.25,-0.67,-3.8841,0.6157,258575,4287875.0,2504110560.0,696360000.0
2001-07-27,'000055,深圳方大,17.25,17.69,17.15,17.15,17.28,-0.03,-0.1736,0.2661,111762,1928977.0,2605302000.0,724500000.0
2001-07-26,'000055,深圳方大,17.28,17.85,17.28,17.61,17.74,-0.46,-2.593,0.3667,154020,2681074.0,2609832960.0,725760000.0
2001-07-25,'000055,深圳方大,17.74,17.77,17.62,17.65,17.75,-0.01,-0.0563,0.2819,118393,2093431.0,2679307680.0,745080000.0
2001-07-24,'000055,深圳方大,17.75,17.98,17.6,17.98,18.03,-0.28,-1.553,0.4082,171436,3036939.0,2680818000.0,745500000.0
2001-07-23,'000055,深圳方大,18.03,18.15,17.7,18.1,17.98,0.05,0.2781,0.4736,198900,3560324.0,2723106960.0,757260000.0
2001-07-20,'000055,深圳方大,17.98,18.09,17.6,17.6,17.66,0.32,1.812,0.5248,220435,3941323.0,2715555360.0,755160000.0
2001-07-19,'000055,深圳方大,17.66,18.23,17.52,18.23,18.23,-0.57,-3.1267,0.894,375497,6644560.0,3115224000.0,741720000.0
2001-07-18,'000055,深圳方大,18.23,18.26,18.1,18.1,18.26,-0.03,-0.1643,0.2645,111110,2018670.0,3215772000.0,765660000.0
2001-07-17,'000055,深圳方大,18.26,18.5,18.0,18.5,18.41,-0.15,-0.8148,0.4998,209902,3817057.0,3221064000.0,766920000.0
2001-07-16,'000055,深圳方大,18.41,19.23,18.38,19.0,19.0,-0.59,-3.1053,0.5927,248950,4664482.0,3247524000.0,773220000.0
2001-07-13,'000055,深圳方大,19.0,19.2,18.89,19.04,19.04,-0.04,-0.2101,0.8602,361292,6858890.51,3351600000.0,798000000.0
2001-07-12,'000055,深圳方大,19.04,19.15,18.64,18.81,18.8,0.24,1.2766,1.3962,586400,11096288.98,3358656000.0,799680000.0
2001-07-11,'000055,深圳方大,18.8,18.85,18.3,18.55,18.58,0.22,1.1841,0.8989,377519,7034078.89,3316320000.0,789600000.0
2001-07-10,'000055,深圳方大,18.58,18.61,18.3,18.5,18.4,0.18,0.9783,0.3386,142204,2629771.6,3277512000.0,780360000.0
2001-07-09,'000055,深圳方大,18.4,18.5,18.23,18.24,18.22,0.18,0.9879,0.3654,153463,2815264.12,3245760000.0,772800000.0
2001-07-06,'000055,深圳方大,18.22,18.45,18.18,18.22,18.28,-0.06,-0.3282,0.4451,186930,3420772.7,3214008000.0,765240000.0
2001-07-05,'000055,深圳方大,18.28,18.65,18.25,18.65,18.65,-0.37,-1.9839,0.7014,294600,5420228.66,3224592000.0,767760000.0
2001-07-04,'000055,深圳方大,18.65,18.95,18.61,18.92,18.9,-0.25,-1.3228,0.5686,238825,4463831.75,3289860000.0,783300000.0
2001-07-03,'000055,深圳方大,18.9,18.91,18.4,18.42,18.42,0.48,2.6059,0.6579,276330,5142801.0,3333960000.0,793800000.0
2001-07-02,'000055,深圳方大,18.42,18.9,18.41,18.9,18.93,-0.51,-2.6941,1.2868,540459,10021737.89,3249288000.0,773640000.0
2001-06-29,'000055,深圳方大,18.93,19.39,18.91,19.0,19.01,-0.08,-0.4208,1.0519,441779,8437757.77,3339252000.0,795060000.0
2001-06-28,'000055,深圳方大,19.01,19.78,18.91,19.45,19.43,-0.42,-2.1616,0.8359,351070,6728520.85,3353364000.0,798420000.0
2001-06-27,'000055,深圳方大,19.43,19.7,19.25,19.7,19.71,-0.28,-1.4206,1.4592,612873,11885085.76,3427452000.0,816060000.0
2001-06-26,'000055,深圳方大,19.71,19.9,19.4,19.79,19.6,0.11,0.5612,2.3806,999862,19645533.3,3476844000.0,827820000.0
2001-06-25,'000055,深圳方大,19.6,19.64,18.81,18.81,18.71,0.89,4.7568,4.91,2062190,40034378.03,3457440000.0,823200000.0
2001-06-22,'000055,深圳方大,18.71,18.81,18.6,18.81,18.58,0.13,0.6997,1.3381,561990,10518015.75,3300444000.0,785820000.0
2001-06-21,'000055,深圳方大,18.58,18.7,18.35,18.35,18.35,0.23,1.2534,1.5054,632262,11702767.43,3277512000.0,780360000.0
2001-06-20,'000055,深圳方大,18.35,18.98,18.32,18.98,18.64,-0.29,-1.5558,2.6898,1129735,21058965.58,3236940000.0,770700000.0
2001-06-19,'000055,深圳方大,18.64,18.65,18.15,18.5,18.08,0.56,3.0973,2.9086,1221615,22478452.27,3288096000.0,782880000.0
2001-06-18,'000055,深圳方大,18.08,18.38,17.96,18.38,18.37,-0.29,-1.5787,1.3757,577790,10441598.36,3189312000.0,759360000.0
2001-06-15,'000055,深圳方大,18.37,18.4,17.81,17.81,17.92,0.45,2.5112,1.0855,455919,8262654.49,3240468000.0,771540000.0
2001-06-14,'000055,深圳方大,17.92,18.5,17.9,18.44,18.5,-0.58,-3.1351,1.4519,609810,11161227.9,3161088000.0,752640000.0
2001-06-13,'000055,深圳方大,18.5,18.5,18.11,18.33,18.37,0.13,0.7077,1.7753,745605,13609228.98,3263400000.0,777000000.0
2001-06-12,'000055,深圳方大,18.37,18.64,18.25,18.44,18.44,-0.07,-0.3796,1.1345,476499,8788505.58,3240468000.0,771540000.0
2001-06-11,'000055,深圳方大,18.44,18.48,18.15,18.24,18.18,0.26,1.4301,1.2955,544098,9959978.93,3252816000.0,774480000.0
2001-06-08,'000055,深圳方大,18.18,18.36,17.9,18.27,18.21,-0.03,-0.1647,1.2448,522796,9490973.45,3206952000.0,763560000.0
2001-06-07,'000055,深圳方大,18.21,18.4,17.99,18.08,17.97,0.24,1.3356,3.2064,1346701,24546670.55,3212244000.0,764820000.0
2001-06-06,'000055,深圳方大,17.97,17.98,17.36,17.55,17.4,0.57,3.2759,1.4672,616215,10857936.56,3169908000.0,754740000.0
2001-06-05,'000055,深圳方大,17.4,17.65,17.12,17.25,17.25,0.15,0.8696,0.6658,279633,4853484.49,3069360000.0,730800000.0
2001-06-04,'000055,深圳方大,17.25,17.44,17.0,17.44,17.44,-0.19,-1.0894,0.6955,292104,5042184.48,3042900000.0,724500000.0
2001-06-01,'000055,深圳方大,17.44,17.6,17.25,17.45,17.45,-0.01,-0.0573,0.7882,331060,5775442.25,3076416000.0,732480000.0
2001-05-31,'000055,深圳方大,17.45,17.69,17.45,17.69,17.58,-0.13,-0.7395,0.5145,216100,3793986.83,3078180000.0,732900000.0
2001-05-30,'000055,深圳方大,17.58,17.7,17.28,17.32,17.5,0.08,0.4571,0.6386,268191,4664002.49,3101112000.0,738360000.0
2001-05-29,'000055,深圳方大,17.5,17.76,17.46,17.63,17.69,-0.19,-1.0741,0.4025,169043,2972529.16,3087000000.0,735000000.0
2001-05-28,'000055,深圳方大,17.69,17.85,17.35,17.55,17.4,0.29,1.6667,0.8041,337734,5942141.62,3120516000.0,742980000.0
2001-05-25,'000055,深圳方大,17.4,17.6,17.35,17.35,17.37,0.03,0.1727,0.3233,135800,2364971.6,3069360000.0,730800000.0
2001-05-24,'000055,深圳方大,17.37,17.55,17.33,17.46,17.5,-0.13,-0.7429,0.4617,193925,3375148.89,3064068000.0,729540000.0
2001-05-23,'000055,深圳方大,17.5,17.8,17.4,17.8,17.72,-0.22,-1.2415,0.3535,148450,2602628.5,3087000000.0,735000000.0
2001-05-22,'000055,深圳方大,17.72,17.92,17.65,17.65,17.65,0.07,0.3966,0.7135,299679,5317285.42,3125808000.0,744240000.0
2001-05-21,'000055,深圳方大,17.65,17.8,17.51,17.72,17.7,-0.05,-0.2825,0.5794,243332,4282596.0,3113460000.0,741300000.0
2001-05-18,'000055,深圳方大,17.7,17.8,17.5,17.59,17.71,-0.01,-0.0565,0.3106,130455,2293212.35,3122280000.0,743400000.0
2001-05-17,'000055,深圳方大,17.71,18.09,17.66,18.03,17.93,-0.22,-1.227,0.5844,245448,4366112.33,3124044000.0,743820000.0
2001-05-16,'000055,深圳方大,17.93,18.0,17.56,17.58,17.55,0.38,2.1652,0.5689,238917,4268973.58,3162852000.0,753060000.0
2001-05-15,'000055,深圳方大,17.55,17.71,17.45,17.71,17.7,-0.15,-0.8475,0.4491,188609,3313950.5,3095820000.0,737100000.0
2001-05-14,'000055,深圳方大,17.7,17.8,17.4,17.8,17.64,0.06,0.3401,0.3503,147122,2582554.0,3122280000.0,743400000.0
2001-05-11,'000055,深圳方大,17.64,17.74,17.55,17.55,17.58,0.06,0.3413,0.1772,74437,1314649.18,3111696000.0,740880000.0
2001-05-10,'000055,深圳方大,17.58,17.88,17.56,17.72,17.7,-0.12,-0.678,0.3541,148702,2628075.16,3101112000.0,738360000.0
2001-05-09,'000055,深圳方大,17.7,18.4,17.5,17.9,17.83,-0.13,-0.7291,0.4854,203851,3634136.68,3122280000.0,743400000.0
2001-05-08,'000055,深圳方大,17.83,17.9,17.66,17.75,17.66,0.17,0.9626,0.2328,97791,1733557.59,3145212000.0,748860000.0
2001-04-30,'000055,深圳方大,17.66,17.85,17.42,17.85,17.36,0.3,1.7281,0.3275,137561,2429350.0,3115224000.0,741720000.0
2001-04-27,'000055,深圳方大,17.36,17.36,17.1,17.11,17.15,0.21,1.2245,0.2443,102600,1773583.2,3062304000.0,729120000.0
2001-04-26,'000055,深圳方大,17.15,17.4,17.06,17.2,17.39,-0.24,-1.3801,0.4073,171059,2943407.27,3025260000.0,720300000.0
2001-04-25,'000055,深圳方大,17.39,17.85,17.38,17.65,17.63,-0.24,-1.3613,0.4348,182600,3221758.99,3067596000.0,730380000.0
2001-04-24,'000055,深圳方大,17.63,17.75,17.45,17.6,17.44,0.19,1.0894,0.8134,341620,6000119.16,3109932000.0,740460000.0
2001-04-23,'000055,深圳方大,17.44,17.69,17.39,17.69,17.7,-0.26,-1.4689,0.6885,289158,5048453.0,3076416000.0,732480000.0
2001-04-20,'000055,深圳方大,17.7,18.01,17.7,18.0,18.01,-0.31,-1.7213,0.8912,374300,6669542.1,3122280000.0,743400000.0
2001-04-19,'000055,深圳方大,18.01,18.23,17.72,18.16,18.15,-0.14,-0.7713,0.906,380526,6809401.61,3176964000.0,756420000.0
2001-04-18,'000055,深圳方大,18.15,18.48,18.08,18.48,18.5,-0.35,-1.8919,0.7362,309188,5642384.1,3201660000.0,762300000.0
2001-04-17,'000055,深圳方大,18.5,18.59,18.26,18.4,18.36,0.14,0.7625,0.9068,380875,7010571.15,3263400000.0,777000000.0
2001-04-16,'000055,深圳方大,18.36,18.55,18.3,18.55,18.5,-0.14,-0.7568,0.8822,370542,6803814.35,3238704000.0,771120000.0
2001-04-13,'000055,深圳方大,18.5,18.8,18.25,18.61,18.55,-0.05,-0.2695,2.99,1255800,23182272.03,3263400000.0,777000000.0
2001-04-12,'000055,深圳方大,18.55,18.88,18.3,18.65,18.69,-0.14,-0.7491,1.6154,678457,12592809.74,3272220000.0,779100000.0
2001-04-11,'000055,深圳方大,18.69,18.8,18.25,18.35,18.3,0.39,2.1311,2.726,1144936,21180088.64,3296916000.0,784980000.0
2001-04-10,'000055,深圳方大,18.3,18.58,18.12,18.48,18.43,-0.13,-0.7054,1.5502,651082,11935008.32,3228120000.0,768600000.0
2001-04-09,'000055,深圳方大,18.43,18.5,17.5,17.5,17.48,0.95,5.4348,2.434,1022293,18448109.56,3251052000.0,774060000.0
2001-04-06,'000055,深圳方大,17.48,17.6,17.32,17.48,17.4,0.08,0.4598,0.5076,213175,3716568.7,3083472000.0,734160000.0
2001-04-05,'000055,深圳方大,17.4,17.4,17.0,17.25,17.27,0.13,0.7528,0.5215,219013,3787360.02,3069360000.0,730800000.0
2001-04-04,'000055,深圳方大,17.27,17.78,17.2,17.59,17.6,-0.33,-1.875,0.916,384700,6749540.7,3046428000.0,725340000.0
2001-04-03,'000055,深圳方大,17.6,17.77,17.1,17.1,17.12,0.48,2.8037,1.3807,579885,10170683.36,3104640000.0,739200000.0
2001-04-02,'000055,深圳方大,17.12,17.16,16.95,17.0,17.17,-0.05,-0.2912,0.8375,351731,5988986.73,3019968000.0,719040000.0
2001-03-30,'000055,深圳方大,17.17,17.27,17.0,17.0,17.15,0.02,0.1166,0.4766,200158,3421239.13,3028788000.0,721140000.0
2001-03-29,'000055,深圳方大,17.15,17.3,17.0,17.3,17.38,-0.23,-1.3234,0.5765,242119,4144389.21,3025260000.0,720300000.0
2001-03-28,'000055,深圳方大,0.0,0.0,0.0,0.0,17.38,None,None,0.0,0,0.0,3065832000.0,729960000.0
2001-03-27,'000055,深圳方大,17.38,17.6,17.25,17.35,17.25,0.13,0.7536,0.7137,299744,5208419.12,3065832000.0,729960000.0
2001-03-26,'000055,深圳方大,17.25,17.36,16.96,17.0,17.01,0.24,1.4109,0.5665,237930,4095421.8,3042900000.0,724500000.0
2001-03-23,'000055,深圳方大,17.01,17.78,16.98,17.65,17.6,-0.59,-3.3523,1.0786,453000,7831612.11,3000564000.0,714420000.0
2001-03-22,'000055,深圳方大,17.6,17.61,17.26,17.45,17.3,0.3,1.7341,1.3203,554518,9671795.17,3104640000.0,739200000.0
2001-03-21,'000055,深圳方大,17.3,17.32,17.11,17.25,17.2,0.1,0.5814,0.6855,287926,4963167.36,3051720000.0,726600000.0
2001-03-20,'000055,深圳方大,17.2,17.35,17.02,17.02,17.0,0.2,1.1765,0.9855,413925,7113045.52,3034080000.0,722400000.0
2001-03-19,'000055,深圳方大,17.0,17.08,16.3,16.55,16.67,0.33,1.9796,0.9409,395167,6639030.65,2998800000.0,714000000.0
2001-03-16,'000055,深圳方大,16.67,16.8,16.53,16.79,16.79,-0.12,-0.7147,0.3486,146427,2435994.55,2940588000.0,700140000.0
2001-03-15,'000055,深圳方大,16.79,16.8,16.4,16.4,16.39,0.4,2.4405,0.5666,237989,3940171.63,2961756000.0,705180000.0
2001-03-14,'000055,深圳方大,16.39,16.5,16.28,16.28,16.29,0.1,0.6139,0.3298,138514,2267340.87,2891196000.0,688380000.0
2001-03-13,'000055,深圳方大,16.29,16.52,16.26,16.5,16.52,-0.23,-1.3923,0.544,228485,3729125.47,2873556000.0,684180000.0
2001-03-12,'000055,深圳方大,16.52,17.0,16.5,16.9,16.85,-0.33,-1.9585,0.6692,281050,4685070.42,2914128000.0,693840000.0
2001-03-09,'000055,深圳方大,16.85,17.1,16.35,16.41,16.2,0.65,4.0123,1.1209,470791,7933514.86,2972340000.0,707700000.0
2001-03-08,'000055,深圳方大,0.0,0.0,0.0,0.0,16.2,None,None,0.0,0,0.0,2857680000.0,680400000.0
2001-03-07,'000055,深圳方大,16.2,16.3,16.0,16.19,15.92,0.28,1.7588,0.6192,260068,4210736.16,2857680000.0,680400000.0
2001-03-06,'000055,深圳方大,15.92,16.1,15.81,16.1,16.2,-0.28,-1.7284,0.4976,208995,3333721.43,2808288000.0,668640000.0
2001-03-05,'000055,深圳方大,16.2,16.53,16.15,16.5,16.45,-0.25,-1.5198,0.4261,178980,2916492.45,2857680000.0,680400000.0
2001-03-02,'000055,深圳方大,16.45,16.65,16.2,16.2,16.3,0.15,0.9202,0.5615,235817,3871642.54,2901780000.0,690900000.0
2001-03-01,'000055,深圳方大,16.3,16.5,16.15,16.42,16.49,-0.19,-1.1522,0.4134,173610,2834862.02,2875320000.0,684600000.0
2001-02-28,'000055,深圳方大,16.49,16.78,16.28,16.73,16.73,-0.24,-1.4345,0.4619,194000,3189869.82,2908836000.0,692580000.0
2001-02-27,'000055,深圳方大,16.73,16.76,16.2,16.48,16.53,0.2,1.2099,0.8969,376701,6196860.06,2951172000.0,702660000.0
2001-02-26,'000055,深圳方大,16.53,16.55,15.88,16.0,16.12,0.41,2.5434,0.6237,261942,4248241.84,2915892000.0,694260000.0
2001-02-23,'000055,深圳方大,16.12,16.16,15.56,15.8,15.65,0.47,3.0032,0.6329,265802,4188226.84,2843568000.0,677040000.0
2001-02-22,'000055,深圳方大,15.65,15.85,15.3,15.5,15.6,0.05,0.3205,0.8395,352602,5511936.16,2760660000.0,657300000.0
2001-02-21,'000055,深圳方大,15.6,16.85,15.3,16.85,16.98,-1.38,-8.1272,2.6529,1114200,17705030.1,2751840000.0,655200000.0
2001-02-20,'000055,深圳方大,16.98,17.6,16.88,17.5,17.45,-0.47,-2.6934,0.9689,406920,6982548.23,2995272000.0,713160000.0
2001-02-19,'000055,深圳方大,17.45,17.56,17.0,17.0,17.22,0.23,1.3357,0.3421,143663,2480673.41,3078180000.0,732900000.0
2001-02-16,'000055,深圳方大,17.22,17.28,16.6,16.66,16.89,0.33,1.9538,0.3094,129966,2185095.47,3037608000.0,723240000.0
2001-02-15,'000055,深圳方大,16.89,17.38,16.8,17.26,17.26,-0.37,-2.1437,0.542,227650,3871525.49,2979396000.0,709380000.0
2001-02-14,'000055,深圳方大,17.26,17.32,17.1,17.3,17.18,0.08,0.4657,0.1735,72866,1255271.72,3044664000.0,724920000.0
2001-02-13,'000055,深圳方大,17.18,17.35,17.05,17.05,17.15,0.03,0.1749,0.4554,191255,3295048.95,3030552000.0,721560000.0
2001-02-12,'000055,深圳方大,17.15,17.55,16.4,17.55,17.58,-0.43,-2.446,1.1456,481168,8114246.09,3025260000.0,720300000.0
2001-02-09,'000055,深圳方大,17.58,17.95,17.1,17.1,17.15,0.43,2.5073,0.4491,188614,3303047.07,3101112000.0,738360000.0
2001-02-08,'000055,深圳方大,17.15,17.87,17.11,17.8,17.88,-0.73,-4.0828,0.5723,240361,4223662.35,3025260000.0,720300000.0
2001-02-07,'000055,深圳方大,17.88,18.35,17.55,18.15,18.18,-0.3,-1.6502,0.8602,361268,6449299.12,3154032000.0,750960000.0
2001-02-06,'000055,深圳方大,18.18,19.0,17.85,19.0,19.62,-1.44,-7.3394,0.9205,386600,7039585.0,3206952000.0,763560000.0
2001-02-05,'000055,深圳方大,19.62,20.78,19.5,20.56,20.56,-0.94,-4.572,0.9628,404355,8020056.7,3460968000.0,824040000.0
2001-01-19,'000055,深圳方大,20.56,20.65,20.2,20.2,20.09,0.47,2.3395,0.8221,345262,7059832.29,3626784000.0,863520000.0
2001-01-18,'000055,深圳方大,20.09,20.15,19.9,20.0,20.0,0.09,0.45,0.5881,246997,4947920.34,3543876000.0,843780000.0
2001-01-17,'000055,深圳方大,20.0,20.35,19.9,20.3,20.16,-0.16,-0.7937,0.7598,319103,6390356.0,3528000000.0,840000000.0
2001-01-16,'000055,深圳方大,20.16,20.3,19.79,20.04,20.04,0.12,0.5988,0.988,414955,8302512.4,3556224000.0,846720000.0
2001-01-15,'000055,深圳方大,20.04,20.9,20.0,20.85,21.0,-0.96,-4.5714,1.8177,763445,15563470.82,3535056000.0,841680000.0
2001-01-12,'000055,深圳方大,21.0,21.46,20.9,21.2,21.25,-0.25,-1.1765,1.2545,526900,11142371.78,3704400000.0,882000000.0
2001-01-11,'000055,深圳方大,21.25,22.2,20.81,20.81,21.8,-0.55,-2.5229,2.1347,896582,19446736.44,3748500000.0,892500000.0
2001-01-10,'000055,深圳方大,21.8,21.81,20.9,20.9,20.93,0.87,4.1567,1.3663,573866,12273657.07,3845520000.0,915600000.0
2001-01-09,'000055,深圳方大,20.93,21.25,20.76,21.0,21.03,-0.1,-0.4755,1.2076,507190,10610592.16,3692052000.0,879060000.0
2001-01-08,'000055,深圳方大,21.03,21.5,20.5,21.41,21.41,-0.38,-1.7749,2.6569,1115906,23574328.77,3709692000.0,883260000.0
2001-01-05,'000055,深圳方大,21.41,21.98,21.18,21.3,21.55,-0.14,-0.6497,2.3868,1002462,21548982.76,3776724000.0,899220000.0
2001-01-04,'000055,深圳方大,21.55,22.2,21.2,21.2,21.19,0.36,1.6989,5.8765,2468147,53792786.88,3801420000.0,905100000.0
2001-01-03,'000055,深圳方大,21.19,21.2,20.62,20.8,20.88,0.31,1.4847,4.5769,1922291,40336516.77,3737916000.0,889980000.0
2001-01-02,'000055,深圳方大,20.88,21.38,20.23,20.29,20.17,0.71,3.5201,7.7096,3238016,67576951.03,3683232000.0,876960000.0
2000-12-29,'000055,深圳方大,20.17,20.18,19.5,19.6,19.58,0.59,3.0133,4.4187,1855864,36918266.8,3557988000.0,847140000.0
2000-12-28,'000055,深圳方大,19.58,19.68,19.35,19.6,19.56,0.02,0.1022,1.2537,526547,10266001.97,3453912000.0,822360000.0
2000-12-27,'000055,深圳方大,19.56,19.75,19.25,19.25,19.21,0.35,1.822,2.9185,1225785,23984764.26,3450384000.0,821520000.0
2000-12-26,'000055,深圳方大,19.21,19.5,18.97,19.2,19.18,0.03,0.1564,2.1244,892232,17150380.59,3388644000.0,806820000.0
2000-12-25,'000055,深圳方大,19.18,19.5,19.0,19.15,19.08,0.1,0.5241,2.5876,1086797,20920864.09,3383352000.0,805560000.0
2000-12-22,'000055,深圳方大,19.08,19.38,18.75,19.36,19.31,-0.23,-1.1911,1.8327,769716,14662643.78,3365712000.0,801360000.0
2000-12-21,'000055,深圳方大,19.31,19.75,19.18,19.18,19.09,0.22,1.1524,3.6621,1538094,29914666.78,3406284000.0,811020000.0
2000-12-20,'000055,深圳方大,19.09,19.14,18.75,18.84,18.75,0.34,1.8133,2.4367,1023405,19453232.52,3367476000.0,801780000.0
2000-12-19,'000055,深圳方大,18.75,18.84,18.58,18.7,18.69,0.06,0.321,1.2142,509960,9549475.23,3307500000.0,787500000.0
2000-12-18,'000055,深圳方大,18.69,18.75,18.3,18.4,18.36,0.33,1.7974,0.9338,392206,7284612.55,3296916000.0,784980000.0
2000-12-15,'000055,深圳方大,18.36,18.38,18.08,18.35,18.38,-0.02,-0.1088,0.3646,153128,2787162.89,3238704000.0,771120000.0
2000-12-14,'000055,深圳方大,18.38,18.69,18.22,18.3,18.39,-0.01,-0.0544,0.4015,168620,3113143.18,3242232000.0,771960000.0
2000-12-13,'000055,深圳方大,18.39,18.49,18.2,18.43,18.48,-0.09,-0.487,0.4134,173617,3181437.05,3243996000.0,772380000.0
2000-12-12,'000055,深圳方大,18.48,18.65,18.33,18.6,18.6,-0.12,-0.6452,0.6905,290000,5356239.1,3259872000.0,776160000.0
2000-12-11,'000055,深圳方大,18.6,18.78,18.16,18.16,18.15,0.45,2.4793,1.7085,717581,13271979.09,3281040000.0,781200000.0
2000-12-08,'000055,深圳方大,18.15,19.18,17.79,19.18,17.9,0.25,1.3966,0.9064,380678,7007389.04,3201660000.0,762300000.0
2000-12-07,'000055,深圳方大,17.9,18.26,17.4,17.5,17.54,0.36,2.0525,0.5299,222539,3917896.74,3157560000.0,751800000.0
2000-12-06,'000055,深圳方大,17.54,18.04,17.45,18.03,18.02,-0.48,-2.6637,1.1561,485560,8593880.32,3094056000.0,736680000.0
2000-12-05,'000055,深圳方大,18.02,18.35,18.0,18.09,18.1,-0.08,-0.442,0.5265,221125,4008528.78,3178728000.0,756840000.0
2000-12-04,'000055,深圳方大,18.1,18.3,18.0,18.18,18.21,-0.11,-0.6041,0.4478,188083,3402338.36,3192840000.0,760200000.0
2000-12-01,'000055,深圳方大,18.21,18.25,17.9,17.95,17.95,0.26,1.4485,0.2722,114321,2065402.24,3212244000.0,764820000.0
2000-11-30,'000055,深圳方大,17.95,18.1,17.87,18.1,18.06,-0.11,-0.6091,0.4114,172773,3100098.55,3166380000.0,753900000.0
2000-11-29,'000055,深圳方大,18.06,18.41,17.98,18.18,18.1,-0.04,-0.221,0.356,149511,2709885.11,3185784000.0,758520000.0
2000-11-28,'000055,深圳方大,18.1,18.15,17.99,18.0,17.9,0.2,1.1173,0.4583,192501,3477307.09,3192840000.0,760200000.0
2000-11-27,'000055,深圳方大,17.9,18.18,17.86,18.09,18.18,-0.28,-1.5402,0.6599,277155,4982916.45,3157560000.0,751800000.0
2000-11-24,'000055,深圳方大,18.18,18.99,17.85,18.85,18.85,-0.67,-3.5544,1.2881,541000,9964656.27,3206952000.0,763560000.0
2000-11-23,'000055,深圳方大,18.85,18.99,18.6,18.9,18.68,0.17,0.9101,1.1139,467836,8802559.96,3325140000.0,791700000.0
2000-11-22,'000055,深圳方大,18.68,18.78,18.48,18.62,18.55,0.13,0.7008,0.982,412428,7655808.0,3295152000.0,784560000.0
2000-11-21,'000055,深圳方大,18.55,19.0,18.48,18.75,18.72,-0.17,-0.9081,1.1391,478438,8917467.89,3272220000.0,779100000.0
2000-11-20,'000055,深圳方大,18.72,19.09,18.7,18.72,18.71,0.01,0.0534,1.0005,420190,7929356.8,3302208000.0,786240000.0
2000-11-17,'000055,深圳方大,18.71,19.08,18.68,19.0,18.97,-0.26,-1.3706,0.6079,255320,4790633.6,3300444000.0,785820000.0
2000-11-16,'000055,深圳方大,18.97,19.0,18.6,18.8,18.87,0.1,0.5299,1.1365,477326,8952009.27,3346308000.0,796740000.0
2000-11-15,'000055,深圳方大,18.87,19.46,18.66,19.25,19.2,-0.33,-1.7188,2.0374,855726,16152875.56,3328668000.0,792540000.0
2000-11-14,'000055,深圳方大,19.2,19.5,18.95,19.1,18.83,0.37,1.9649,4.4859,1884076,36282439.04,3386880000.0,806400000.0
2000-11-13,'000055,深圳方大,18.83,19.17,18.35,18.4,18.27,0.56,3.0651,1.9041,799721,14994754.38,3321612000.0,790860000.0
2000-11-10,'000055,深圳方大,18.27,18.45,18.2,18.32,18.27,0.0,0.0,1.3627,572335,10504413.48,3222828000.0,767340000.0
2000-11-09,'000055,深圳方大,18.27,18.4,18.0,18.0,18.1,0.17,0.9392,0.6196,260251,4726890.75,3222828000.0,767340000.0
2000-11-08,'000055,深圳方大,18.1,18.1,17.9,18.02,18.1,0.0,0.0,0.3497,146875,2642866.5,3192840000.0,760200000.0
2000-11-07,'000055,深圳方大,18.1,18.35,18.0,18.35,18.19,-0.09,-0.4948,0.5855,245900,4455243.2,3192840000.0,760200000.0
2000-11-06,'000055,深圳方大,18.19,18.37,17.85,18.0,17.81,0.38,2.1336,0.9889,415325,7550565.4,3208716000.0,763980000.0
2000-11-03,'000055,深圳方大,17.81,18.11,17.76,18.0,17.8,0.01,0.0562,0.2311,97061,1731593.96,3141684000.0,748020000.0
2000-11-02,'000055,深圳方大,17.8,18.3,17.8,18.28,18.13,-0.33,-1.8202,0.4925,206830,3707727.3,3139920000.0,747600000.0
2000-11-01,'000055,深圳方大,18.13,18.15,17.6,17.6,17.95,0.18,1.0028,0.3346,140550,2526617.1,3198132000.0,761460000.0
2000-10-31,'000055,深圳方大,17.95,18.69,17.92,18.06,18.07,-0.12,-0.6641,0.4177,175440,3176199.66,3166380000.0,753900000.0
2000-10-30,'000055,深圳方大,18.07,18.32,18.02,18.15,18.05,0.02,0.1108,0.4924,206826,3752323.78,3187548000.0,758940000.0
2000-10-27,'000055,深圳方大,18.05,18.3,17.95,18.25,18.17,-0.12,-0.6604,0.3575,150155,2706754.65,3184020000.0,758100000.0
2000-10-26,'000055,深圳方大,18.17,18.55,18.15,18.5,18.46,-0.29,-1.571,0.5021,210900,3846785.6,3205188000.0,763140000.0
2000-10-25,'000055,深圳方大,18.46,18.64,18.1,18.4,18.4,0.06,0.3261,0.7913,332350,6104794.9,3256344000.0,775320000.0
2000-10-24,'000055,深圳方大,18.4,18.78,18.25,18.27,18.2,0.2,1.0989,1.7807,747878,13866512.82,3245760000.0,772800000.0
2000-10-23,'000055,深圳方大,18.2,18.28,18.01,18.11,18.0,0.2,1.1111,0.6901,289840,5265447.95,3210480000.0,764400000.0
2000-10-20,'000055,深圳方大,18.0,18.31,17.65,17.82,17.6,0.4,2.2727,1.863,782440,14144898.95,3175200000.0,756000000.0
2000-10-19,'000055,深圳方大,17.6,17.82,17.58,17.82,17.79,-0.19,-1.068,0.2967,124620,2205325.3,3104640000.0,739200000.0
2000-10-18,'000055,深圳方大,17.79,17.88,17.6,17.6,17.57,0.22,1.2521,0.2373,99649,1771578.89,3138156000.0,747180000.0
2000-10-17,'000055,深圳方大,17.57,17.6,17.4,17.6,17.54,0.03,0.171,0.1166,48974,857215.64,3099348000.0,737940000.0
2000-10-16,'000055,深圳方大,17.54,17.8,17.3,17.4,17.4,0.14,0.8046,0.3136,131720,2315345.11,3094056000.0,736680000.0
2000-10-13,'000055,深圳方大,17.4,17.58,17.05,17.22,17.26,0.14,0.8111,0.2137,89770,1557107.0,3069360000.0,730800000.0
2000-10-12,'000055,深圳方大,17.26,17.5,17.22,17.36,17.53,-0.27,-1.5402,0.1026,43100,745692.0,3044664000.0,724920000.0
2000-10-11,'000055,深圳方大,17.53,17.8,17.5,17.75,17.74,-0.21,-1.1838,0.186,78101,1380767.26,3092292000.0,736260000.0
2000-10-10,'000055,深圳方大,17.74,17.89,17.35,17.35,17.33,0.41,2.3658,0.3693,155101,2741630.59,3129336000.0,745080000.0
2000-10-09,'000055,深圳方大,17.33,17.38,17.0,17.18,17.18,0.15,0.8731,0.1089,45733,789509.5,3057012000.0,727860000.0
2000-09-29,'000055,深圳方大,17.18,17.28,16.61,16.82,17.02,0.16,0.9401,0.0868,36462,624351.69,3030552000.0,721560000.0
2000-09-28,'000055,深圳方大,17.02,17.37,17.02,17.25,17.25,-0.23,-1.3333,0.1981,83200,1430653.8,3002328000.0,714840000.0
2000-09-27,'000055,深圳方大,17.25,17.28,17.15,17.25,17.26,-0.01,-0.0579,0.0956,40165,690911.8,3042900000.0,724500000.0
2000-09-26,'000055,深圳方大,17.26,17.4,16.92,17.0,17.02,0.24,1.4101,0.1521,63862,1093646.64,3044664000.0,724920000.0
2000-09-25,'000055,深圳方大,17.02,17.28,16.88,16.93,16.93,0.09,0.5316,0.0944,39650,678456.6,3002328000.0,714840000.0
2000-09-22,'000055,深圳方大,16.93,17.25,16.9,17.24,17.23,-0.3,-1.7411,0.1233,51800,882667.3,2986452000.0,711060000.0
2000-09-21,'000055,深圳方大,17.23,17.49,16.42,16.8,16.9,0.33,1.9527,0.8404,352973,6101566.96,3039372000.0,723660000.0
2000-09-20,'000055,深圳方大,16.9,16.99,16.2,16.5,16.4,0.5,3.0488,0.3249,136458,2259848.76,2981160000.0,709800000.0
2000-09-19,'000055,深圳方大,16.4,16.83,16.3,16.8,16.84,-0.44,-2.6128,0.2102,88300,1465045.5,2892960000.0,688800000.0
2000-09-18,'000055,深圳方大,16.84,17.2,16.81,16.82,17.26,-0.42,-2.4334,0.129,54190,916726.91,2970576000.0,707280000.0
2000-09-15,'000055,深圳方大,17.26,17.38,17.15,17.21,17.23,0.03,0.1741,0.1148,48200,830826.85,3044664000.0,724920000.0
2000-09-14,'000055,深圳方大,17.23,17.4,17.11,17.4,17.4,-0.17,-0.977,0.1301,54655,943325.45,3039372000.0,723660000.0
2000-09-13,'000055,深圳方大,17.4,17.47,17.05,17.37,17.37,0.03,0.1727,0.1922,80712,1398182.0,3069360000.0,730800000.0
2000-09-12,'000055,深圳方大,17.37,17.48,17.15,17.25,16.98,0.39,2.2968,0.1645,69083,1198774.0,3064068000.0,729540000.0
2000-09-11,'000055,深圳方大,16.98,17.15,16.9,17.15,16.98,0.0,0.0,0.1399,58765,997930.1,2995272000.0,713160000.0
2000-09-08,'000055,深圳方大,16.98,17.39,16.9,17.39,17.28,-0.3,-1.7361,0.2535,106485,1815845.25,2995272000.0,713160000.0
2000-09-07,'000055,深圳方大,17.28,17.48,17.0,17.48,17.1,0.18,1.0526,0.3908,164145,2811268.75,3048192000.0,725760000.0
2000-09-06,'000055,深圳方大,17.1,17.5,16.6,16.6,16.87,0.23,1.3634,0.3462,145390,2453574.3,3016440000.0,718200000.0
2000-09-05,'000055,深圳方大,16.87,17.48,16.85,17.45,17.42,-0.55,-3.1573,0.3316,139270,2388653.95,2975868000.0,708540000.0
2000-09-04,'000055,深圳方大,17.42,17.5,16.86,17.5,17.51,-0.09,-0.514,0.3983,167266,2861535.76,3072888000.0,731640000.0
2000-09-01,'000055,深圳方大,17.51,17.62,17.41,17.6,17.54,-0.03,-0.171,0.5057,212375,3724373.0,3088764000.0,735420000.0
2000-08-31,'000055,深圳方大,17.54,18.01,17.5,18.0,18.08,-0.54,-2.9867,0.564,236900,4189512.26,3094056000.0,736680000.0
2000-08-30,'000055,深圳方大,18.08,18.5,18.0,18.5,18.47,-0.39,-2.1115,0.3405,143020,2596904.08,3189312000.0,759360000.0
2000-08-29,'000055,深圳方大,18.47,18.47,18.17,18.19,18.25,0.22,1.2055,0.2348,98630,1804873.17,3258108000.0,775740000.0
2000-08-28,'000055,深圳方大,18.25,18.45,18.08,18.18,18.18,0.07,0.385,0.4391,184412,3350546.54,3219300000.0,766500000.0
2000-08-25,'000055,深圳方大,18.18,18.28,18.0,18.21,18.21,-0.03,-0.1647,0.4688,196890,3567791.0,3206952000.0,763560000.0
2000-08-24,'000055,深圳方大,18.21,18.44,18.1,18.4,18.3,-0.09,-0.4918,0.8594,360930,6592247.45,3212244000.0,764820000.0
2000-08-23,'000055,深圳方大,18.3,18.75,17.5,18.52,18.8,-0.5,-2.6596,1.0062,422583,7722827.91,3228120000.0,768600000.0
2000-08-22,'000055,深圳方大,18.8,19.49,18.8,19.25,19.2,-0.4,-2.0833,0.816,342711,6619286.55,3316320000.0,789600000.0
2000-08-21,'000055,深圳方大,19.2,19.56,19.1,19.34,19.23,-0.03,-0.156,0.7119,299000,5756499.5,3386880000.0,806400000.0
2000-08-18,'000055,深圳方大,19.23,19.36,18.9,18.9,18.94,0.29,1.5312,1.4131,593518,11390686.59,3392172000.0,807660000.0
2000-08-17,'000055,深圳方大,18.94,19.0,18.78,18.9,18.89,0.05,0.2647,0.3892,163460,3086467.09,3341016000.0,795480000.0
2000-08-16,'000055,深圳方大,18.89,19.09,18.7,18.72,18.71,0.18,0.9621,0.4765,200109,3775495.04,3332196000.0,793380000.0
2000-08-15,'000055,深圳方大,18.71,19.1,18.67,19.0,18.84,-0.13,-0.69,0.3543,148785,2796945.87,3300444000.0,785820000.0
2000-08-14,'000055,深圳方大,18.84,18.99,18.6,18.9,18.83,0.01,0.0531,0.5355,224900,4217324.7,3323376000.0,791280000.0
2000-08-11,'000055,深圳方大,18.83,18.85,18.09,18.6,18.58,0.25,1.3455,0.5121,215065,4003927.3,3321612000.0,790860000.0
2000-08-10,'000055,深圳方大,18.58,18.9,18.5,18.7,18.65,-0.07,-0.3753,0.4789,201150,3735970.7,3277512000.0,780360000.0
2000-08-09,'000055,深圳方大,18.65,19.0,18.5,18.8,18.84,-0.19,-1.0085,0.6525,274032,5132137.65,3289860000.0,783300000.0
2000-08-08,'000055,深圳方大,18.84,19.08,18.55,19.0,19.0,-0.16,-0.8421,0.4493,188690,3546484.48,3323376000.0,791280000.0
2000-08-07,'000055,深圳方大,19.0,19.11,18.3,18.45,18.49,0.51,2.7582,0.7606,319444,5992220.15,3351600000.0,798000000.0
2000-08-04,'000055,深圳方大,18.49,18.9,18.41,18.9,19.02,-0.53,-2.7865,0.9983,419304,7775696.43,3261636000.0,776580000.0
2000-08-03,'000055,深圳方大,19.02,19.2,18.96,19.2,19.18,-0.16,-0.8342,0.7984,335313,6378063.41,3355128000.0,798840000.0
2000-08-02,'000055,深圳方大,19.18,19.27,18.9,19.17,19.09,0.09,0.4715,1.0329,433798,8291657.07,3383352000.0,805560000.0
2000-08-01,'000055,深圳方大,19.09,19.17,18.41,18.41,18.41,0.68,3.6936,1.115,468306,8848247.47,3367476000.0,801780000.0
2000-07-31,'000055,深圳方大,18.41,18.78,18.11,18.14,18.34,0.07,0.3817,0.4814,202180,3719486.01,3247524000.0,773220000.0
2000-07-28,'000055,深圳方大,18.34,18.42,18.2,18.41,18.41,-0.07,-0.3802,0.74,310811,5694920.55,3235176000.0,770280000.0
2000-07-27,'000055,深圳方大,18.41,18.5,18.1,18.46,18.47,-0.06,-0.3249,0.8829,370800,6810634.1,3247524000.0,773220000.0
2000-07-26,'000055,深圳方大,18.47,18.89,18.4,18.67,18.67,-0.2,-1.0712,0.4973,208845,3870627.1,3258108000.0,775740000.0
2000-07-25,'000055,深圳方大,18.67,18.85,18.3,18.3,18.34,0.33,1.7993,0.3007,126282,2348526.73,3293388000.0,784140000.0
2000-07-24,'000055,深圳方大,18.34,18.65,18.18,18.65,18.62,-0.28,-1.5038,0.6388,268300,4935109.0,3235176000.0,770280000.0
2000-07-21,'000055,深圳方大,18.62,18.8,18.5,18.73,18.7,-0.08,-0.4278,0.7027,295128,5495122.94,3284568000.0,782040000.0
2000-07-20,'000055,深圳方大,18.7,19.16,18.6,19.15,19.15,-0.45,-2.3499,0.9406,395040,7442876.3,3298680000.0,785400000.0
2000-07-19,'000055,深圳方大,19.15,19.6,19.0,19.6,19.49,-0.34,-1.7445,0.6363,267251,5134744.67,3378060000.0,804300000.0
2000-07-18,'000055,深圳方大,19.49,19.79,19.4,19.6,19.48,0.01,0.0513,1.4455,607110,11858961.05,3438036000.0,818580000.0
2000-07-17,'000055,深圳方大,19.48,19.6,19.0,19.0,18.9,0.58,3.0688,1.5743,661225,12840680.0,3436272000.0,818160000.0
2000-07-14,'000055,深圳方大,18.9,19.3,18.65,18.83,18.86,0.04,0.2121,1.2461,523358,9963453.0,3333960000.0,793800000.0
2000-07-13,'000055,深圳方大,18.86,19.0,18.39,18.64,18.65,0.21,1.126,0.6216,261066,4879164.0,3326904000.0,792120000.0
2000-07-12,'000055,深圳方大,18.65,19.3,18.5,18.5,18.9,-0.25,-1.3228,1.0032,421347,7924426.85,3289860000.0,783300000.0
2000-07-11,'000055,深圳方大,18.9,19.32,18.18,18.18,19.07,-0.17,-0.8915,0.9524,400000,7533647.81,3333960000.0,793800000.0
2000-07-10,'000055,深圳方大,19.07,19.25,18.7,19.1,19.08,-0.01,-0.0524,1.2565,527736,10014272.97,3363948000.0,800940000.0
2000-07-07,'000055,深圳方大,19.08,19.58,18.8,19.58,18.77,0.31,1.6516,1.201,504427,9630753.09,3365712000.0,801360000.0
2000-07-06,'000055,深圳方大,18.77,19.48,18.6,19.02,19.01,-0.24,-1.2625,1.2265,515114,9791621.47,3311028000.0,788340000.0
2000-07-05,'000055,深圳方大,19.01,19.6,18.98,19.6,19.42,-0.41,-2.1112,1.2797,537484,10314173.65,3353364000.0,798420000.0
2000-07-04,'000055,深圳方大,19.42,19.87,19.01,19.01,18.98,0.44,2.3182,2.8546,1198929,23373350.03,3425688000.0,815640000.0
2000-07-03,'000055,深圳方大,18.98,19.6,18.3,18.7,18.43,0.55,2.9843,5.1087,2145669,41092994.14,3348072000.0,797160000.0
2000-06-30,'000055,深圳方大,18.43,18.7,17.8,17.8,18.36,0.07,0.3813,3.2408,1361123,24935199.48,3251052000.0,774060000.0
2000-06-29,'000055,深圳方大,18.36,18.7,17.88,18.02,18.01,0.35,1.9434,3.1202,1310463,24074401.45,3238704000.0,771120000.0
2000-06-28,'000055,深圳方大,18.01,18.16,17.99,18.0,17.99,0.02,0.1112,0.9404,394976,7124859.94,3176964000.0,756420000.0
2000-06-27,'000055,深圳方大,17.99,18.19,17.9,18.19,17.96,0.03,0.167,0.8,336020,6056267.25,3173436000.0,755580000.0
2000-06-26,'000055,深圳方大,17.96,18.2,17.76,17.98,17.9,0.06,0.3352,1.0904,457981,8248195.46,3168144000.0,754320000.0
2000-06-23,'000055,深圳方大,17.9,17.9,17.27,17.9,17.78,0.12,0.6749,0.6445,270707,4774646.17,3157560000.0,751800000.0
2000-06-22,'000055,深圳方大,17.78,18.17,17.26,17.39,17.4,0.38,2.1839,1.0183,427690,7597313.66,3136392000.0,746760000.0
2000-06-21,'000055,深圳方大,17.4,17.48,17.01,17.2,17.3,0.1,0.578,0.3163,132855,2295861.3,3069360000.0,730800000.0
2000-06-20,'000055,深圳方大,17.3,17.56,17.0,17.56,17.49,-0.19,-1.0863,0.8331,349915,5995756.0,3051720000.0,726600000.0
2000-06-19,'000055,深圳方大,17.49,17.5,17.0,17.3,17.35,0.14,0.8069,0.6751,283560,4901992.0,3085236000.0,734580000.0
2000-06-16,'000055,深圳方大,17.35,17.5,17.15,17.32,17.32,0.03,0.1732,0.6046,253912,4375937.7,3060540000.0,728700000.0
2000-06-15,'000055,深圳方大,17.36,17.6,17.15,17.6,17.59,-0.23,-1.3076,1.0666,447983,7723778.93,3062304000.0,729120000.0
2000-06-14,'000055,深圳方大,17.59,17.7,17.3,17.7,17.84,-0.25,-1.4013,1.2001,504040,8808153.6,3102876000.0,738780000.0
2000-06-13,'000055,深圳方大,17.84,18.0,17.55,17.97,17.71,0.13,0.734,0.4077,171241,3045339.35,3146976000.0,749280000.0
2000-06-12,'000055,深圳方大,17.71,18.0,17.51,17.51,18.0,-0.29,-1.6111,0.4173,175264,3113247.4,3124044000.0,743820000.0
2000-06-09,'000055,深圳方大,18.0,18.5,17.98,18.38,18.26,-0.26,-1.4239,0.538,225973,4105531.56,3175200000.0,756000000.0
2000-06-08,'000055,深圳方大,18.26,18.55,18.1,18.1,18.1,0.16,0.884,0.7632,320534,5870782.66,3221064000.0,766920000.0
2000-06-07,'000055,深圳方大,18.1,18.67,17.8,18.0,18.12,-0.02,-0.1104,2.8757,1207775,22090376.56,3192840000.0,760200000.0
2000-06-06,'000055,深圳方大,18.12,18.3,17.1,17.31,17.58,0.54,3.0717,0.988,414945,7448934.55,3196368000.0,761040000.0
2000-06-05,'000055,深圳方大,17.58,17.92,17.28,17.9,17.95,-0.37,-2.0613,0.918,385540,6758942.6,3101112000.0,738360000.0
2000-06-02,'000055,深圳方大,17.95,18.24,17.56,18.24,18.24,-0.29,-1.5899,1.1461,481364,8566491.3,3166380000.0,753900000.0
2000-06-01,'000055,深圳方大,18.24,18.47,16.5,18.28,18.21,0.03,0.1647,1.392,584655,10551339.05,3217536000.0,766080000.0
2000-05-31,'000055,深圳方大,18.21,18.47,18.0,18.03,18.38,-0.17,-0.9249,1.2373,519668,9431862.48,3212244000.0,764820000.0
2000-05-30,'000055,深圳方大,18.38,19.08,17.99,19.0,18.99,-0.61,-3.2122,2.2753,955620,17664496.64,3242232000.0,771960000.0
2000-05-29,'000055,深圳方大,18.99,19.0,18.24,18.3,18.22,0.77,4.2261,3.971,1667826,31044231.28,3349836000.0,797580000.0
2000-05-26,'000055,深圳方大,18.22,18.68,17.92,18.21,18.18,0.04,0.22,2.0603,865315,15879701.93,3214008000.0,765240000.0
2000-05-25,'000055,深圳方大,18.18,18.49,17.8,18.0,17.94,0.24,1.3378,1.6952,711989,12962928.69,3206952000.0,763560000.0
2000-05-24,'000055,深圳方大,17.94,18.39,17.7,18.1,18.1,-0.16,-0.884,0.8378,351868,6324285.61,3164616000.0,753480000.0
2000-05-23,'000055,深圳方大,18.1,18.58,17.64,17.64,17.64,0.46,2.6077,2.6752,1123594,20259188.54,3192840000.0,760200000.0
2000-05-22,'000055,深圳方大,17.64,17.9,16.57,17.0,17.02,0.62,3.6428,7.3579,3090319,53484082.55,3111696000.0,740880000.0
2000-05-19,'000055,深圳方大,17.02,17.1,16.6,17.1,17.0,0.02,0.1176,0.5985,251365,4219194.31,3002328000.0,714840000.0
2000-05-18,'000055,深圳方大,17.0,17.0,16.37,16.5,16.59,0.41,2.4714,0.4945,207692,3492584.22,2998800000.0,714000000.0
2000-05-17,'000055,深圳方大,16.59,16.7,16.2,16.4,16.48,0.11,0.6675,0.7207,302680,5002990.6,2926476000.0,696780000.0
2000-05-16,'000055,深圳方大,16.48,16.57,15.74,16.0,16.0,0.48,3.0,0.4866,204381,3306211.18,2907072000.0,692160000.0
2000-05-15,'000055,深圳方大,16.0,16.5,15.55,16.5,16.22,-0.22,-1.3564,0.6586,276605,4372089.45,2822400000.0,672000000.0
2000-05-12,'000055,深圳方大,16.22,16.68,16.1,16.35,16.25,-0.03,-0.1846,0.423,177645,2897688.95,2861208000.0,681240000.0
2000-05-11,'000055,深圳方大,16.25,17.05,16.16,16.85,17.01,-0.76,-4.468,0.9231,387705,6368004.43,2866500000.0,682500000.0
2000-05-10,'000055,深圳方大,17.01,17.56,16.65,17.56,17.6,-0.59,-3.3523,0.9544,400842,6784090.0,3000564000.0,714420000.0
2000-05-09,'000055,深圳方大,17.6,18.15,17.53,17.8,18.16,-0.56,-3.0837,0.6229,261622,4662040.2,3104640000.0,739200000.0
2000-05-08,'000055,深圳方大,0.0,0.0,0.0,0.0,18.16,None,None,0.0,0,0.0,3203424000.0,762720000.0
2000-04-28,'000055,深圳方大,18.16,18.36,17.81,18.2,18.18,-0.02,-0.11,0.7643,320993,5793763.32,3203424000.0,762720000.0
2000-04-27,'000055,深圳方大,18.18,18.5,18.0,18.48,18.16,0.02,0.1101,0.6501,273045,4956227.1,3206952000.0,763560000.0
2000-04-26,'000055,深圳方大,18.16,18.4,18.0,18.19,18.2,-0.04,-0.2198,0.7994,335766,6113960.28,3203424000.0,762720000.0
2000-04-25,'000055,深圳方大,18.2,18.8,17.99,18.61,18.81,-0.61,-3.243,2.0639,866850,15679969.0,3210480000.0,764400000.0
2000-04-24,'000055,深圳方大,18.81,19.51,18.68,19.5,19.13,-0.32,-1.6728,1.3103,550345,10449679.35,3318084000.0,790020000.0
2000-04-21,'000055,深圳方大,19.13,19.9,18.88,19.1,19.05,0.08,0.4199,1.1543,484810,9388622.63,3374532000.0,803460000.0
2000-04-20,'000055,深圳方大,19.05,19.49,18.36,18.55,18.64,0.41,2.1996,3.4364,1443300,27362816.0,3360420000.0,800100000.0
2000-04-19,'000055,深圳方大,18.64,18.75,18.38,18.75,18.55,0.09,0.4852,0.7987,335460,6240275.25,3288096000.0,782880000.0
2000-04-18,'000055,深圳方大,18.55,18.76,18.1,18.33,18.35,0.2,1.0899,1.1904,499960,9240509.75,3272220000.0,779100000.0
2000-04-17,'000055,深圳方大,18.35,19.65,18.0,19.55,19.75,-1.4,-7.0886,2.1383,898098,16764698.09,3236940000.0,770700000.0
2000-04-14,'000055,深圳方大,19.75,19.9,19.2,19.5,19.6,0.15,0.7653,1.3899,583774,11416097.46,3483900000.0,829500000.0
2000-04-13,'000055,深圳方大,19.6,20.0,19.27,20.0,19.27,0.33,1.7125,0.952,399832,7838258.21,3457440000.0,823200000.0
2000-04-12,'000055,深圳方大,19.27,19.99,19.2,19.96,19.96,-0.69,-3.4569,1.0238,429993,8345557.37,3399228000.0,809340000.0
2000-04-11,'000055,深圳方大,19.96,20.1,19.18,20.1,19.99,-0.03,-0.1501,1.9203,806537,15804930.01,3520944000.0,838320000.0
2000-04-10,'000055,深圳方大,19.99,20.85,19.91,20.4,20.11,-0.12,-0.5967,2.6514,1113567,22572202.3,3526236000.0,839580000.0
2000-04-07,'000055,深圳方大,20.11,20.78,19.98,20.59,20.5,-0.39,-1.9024,2.4777,1040619,20995890.45,3547404000.0,844620000.0
2000-04-06,'000055,深圳方大,20.5,21.9,20.0,21.88,20.49,0.01,0.0488,3.6448,1530800,31573340.41,3616200000.0,861000000.0
2000-04-05,'000055,深圳方大,20.49,21.0,19.49,19.5,19.56,0.93,4.7546,3.2554,1367265,27795277.0,3614436000.0,860580000.0
2000-04-04,'000055,深圳方大,19.56,20.03,19.15,19.99,20.14,-0.58,-2.8798,2.6842,1127344,22210725.0,3450384000.0,821520000.0
2000-04-03,'000055,深圳方大,20.14,22.0,19.95,20.72,20.0,0.14,0.7,10.6025,4453048,93665687.0,3552696000.0,845880000.0
2000-03-31,'000055,深圳方大,20.0,20.0,18.18,18.18,18.18,1.82,10.011,13.1037,5503570,108064849.0,3528000000.0,840000000.0
2000-03-30,'000055,深圳方大,18.18,18.24,17.68,17.78,17.67,0.51,2.8862,1.5047,631980,11384248.0,3206952000.0,763560000.0
2000-03-29,'000055,深圳方大,17.67,18.4,17.5,18.2,18.2,-0.53,-2.9121,1.567,658145,11780412.0,3116988000.0,742140000.0
2000-03-28,'000055,深圳方大,18.2,18.8,18.0,18.5,18.37,-0.17,-0.9254,1.9026,799103,14572948.0,3210480000.0,764400000.0
2000-03-27,'000055,深圳方大,18.37,19.0,17.5,17.5,17.41,0.96,5.5141,4.5197,1898255,34450899.0,3240468000.0,771540000.0
2000-03-24,'000055,深圳方大,17.41,17.64,16.8,17.0,16.9,0.51,3.0178,5.4846,2303534,40020534.0,3071124000.0,731220000.0
2000-03-23,'000055,深圳方大,16.9,17.0,16.5,16.8,16.87,0.03,0.1778,1.0045,421890,7092259.0,2981160000.0,709800000.0
2000-03-22,'000055,深圳方大,16.87,17.2,15.9,16.54,16.54,0.33,1.9952,1.4675,616346,10381077.0,2975868000.0,708540000.0
2000-03-21,'000055,深圳方大,16.54,16.7,16.35,16.6,16.69,-0.15,-0.8987,0.9728,408558,6735162.0,2917656000.0,694680000.0
2000-03-20,'000055,深圳方大,16.69,16.7,15.7,15.8,16.12,0.57,3.536,1.3557,569381,9350465.0,2944116000.0,700980000.0
2000-03-17,'000055,深圳方大,16.12,16.3,15.28,15.28,15.51,0.61,3.9329,0.8692,365076,5755406.0,2843568000.0,677040000.0
2000-03-16,'000055,深圳方大,15.51,16.3,15.51,16.3,16.4,-0.89,-5.4268,1.0276,431600,6855099.0,2735964000.0,651420000.0
2000-03-15,'000055,深圳方大,16.4,16.64,16.0,16.0,16.32,0.08,0.4902,1.0468,439639,7182433.0,2892960000.0,688800000.0
2000-03-14,'000055,深圳方大,16.32,16.87,15.61,16.87,16.96,-0.64,-3.7736,1.7148,720196,11726392.0,2878848000.0,685440000.0
2000-03-13,'000055,深圳方大,16.96,17.68,16.9,17.28,17.28,-0.32,-1.8519,2.8718,1206143,20913280.0,2991744000.0,712320000.0
2000-03-10,'000055,深圳方大,17.26,17.3,16.62,17.18,17.17,0.09,0.5242,3.7296,1566429,26736046.0,3044664000.0,724920000.0
2000-03-09,'000055,深圳方大,17.17,17.2,16.23,16.23,16.51,0.66,3.9976,3.1879,1338937,22360890.0,3028788000.0,721140000.0
2000-03-08,'000055,深圳方大,16.51,16.6,15.68,16.0,16.12,0.39,2.4194,2.1949,921877,15055253.0,2912364000.0,693420000.0
2000-03-07,'000055,深圳方大,16.12,16.2,15.43,16.0,16.17,-0.05,-0.3092,2.05,860990,13617858.0,2843568000.0,677040000.0
2000-03-06,'000055,深圳方大,16.17,16.9,16.0,16.7,16.53,-0.36,-2.1779,2.352,987838,16254787.0,2852388000.0,679140000.0
2000-03-03,'000055,深圳方大,16.53,16.62,16.0,16.1,16.1,0.43,2.6708,2.6706,1121639,18300850.0,2915892000.0,694260000.0
2000-03-02,'000055,深圳方大,16.1,16.25,15.66,15.84,15.83,0.27,1.7056,1.9647,825159,13220350.0,2840040000.0,676200000.0
2000-03-01,'000055,深圳方大,15.83,16.14,15.62,16.1,16.14,-0.31,-1.9207,1.7393,730488,11598975.0,2792412000.0,664860000.0
2000-02-29,'000055,深圳方大,16.14,16.35,15.76,16.28,16.11,0.03,0.1862,2.5924,1088797,17489665.0,2847096000.0,677880000.0
2000-02-28,'000055,深圳方大,16.11,16.35,15.55,15.71,15.71,0.4,2.5461,2.7826,1168700,18719620.0,2841804000.0,676620000.0
2000-02-25,'000055,深圳方大,15.71,15.8,15.3,15.5,15.7,0.01,0.0637,1.404,589677,9217113.11,2771244000.0,659820000.0
2000-02-24,'000055,深圳方大,15.7,15.8,15.11,15.5,15.33,0.37,2.4136,1.2188,511914,7936626.0,2769480000.0,659400000.0
2000-02-23,'000055,深圳方大,15.33,15.55,14.75,14.8,15.25,0.08,0.5246,1.8719,786208,12064174.0,2704212000.0,643860000.0
2000-02-22,'000055,深圳方大,15.25,16.15,15.2,15.98,15.91,-0.66,-4.1483,1.8008,756317,11674696.0,2690100000.0,640500000.0
2000-02-21,'000055,深圳方大,15.91,16.5,15.75,15.82,15.82,0.09,0.5689,2.6795,1125385,18028998.0,2806524000.0,668220000.0
2000-02-18,'000055,深圳方大,15.82,15.91,14.8,15.0,15.1,0.72,4.7682,2.3243,976211,15109813.0,2790648000.0,664440000.0
2000-02-17,'000055,深圳方大,15.1,17.8,15.0,17.0,16.45,-1.35,-8.2067,5.1951,2181926,35600113.14,2663640000.0,634200000.0
2000-02-16,'000055,深圳方大,16.45,16.45,14.6,14.7,14.95,1.5,10.0334,3.5285,1481984,22567971.68,2901780000.0,690900000.0
2000-02-15,'000055,深圳方大,14.95,15.76,14.89,15.5,15.36,-0.41,-2.6693,3.8823,1630578,25018561.69,2637180000.0,627900000.0
2000-02-14,'000055,深圳方大,15.36,15.39,14.1,14.1,14.01,1.35,9.636,3.7771,1586371,23806513.62,2709504000.0,645120000.0
2000-01-28,'000055,深圳方大,14.01,14.4,13.8,14.08,14.6,-0.59,-4.0411,2.9388,1234306,17394911.92,2471364000.0,588420000.0
2000-01-27,'000055,深圳方大,14.6,14.85,14.0,14.13,14.11,0.49,3.4727,1.7489,734528,10566649.51,2575440000.0,613200000.0
2000-01-26,'000055,深圳方大,14.11,14.38,14.0,14.15,14.23,-0.12,-0.8433,0.9761,409970,5766522.4,2489004000.0,592620000.0
2000-01-25,'000055,深圳方大,14.23,14.44,13.9,14.2,14.1,0.13,0.922,1.0155,426522,6068594.54,2510172000.0,597660000.0
2000-01-24,'000055,深圳方大,14.1,14.31,13.98,14.29,14.29,-0.19,-1.3296,1.6235,681875,9588032.41,2487240000.0,592200000.0
2000-01-21,'000055,深圳方大,14.29,14.65,14.2,14.65,14.59,-0.3,-2.0562,0.7958,334250,4789719.06,2520756000.0,600180000.0
2000-01-20,'000055,深圳方大,14.59,14.7,14.1,14.32,14.25,0.34,2.386,0.6291,264221,3783117.08,2573676000.0,612780000.0
2000-01-19,'000055,深圳方大,14.25,14.39,14.08,14.2,14.24,0.01,0.0702,0.4457,187184,2651609.95,2513700000.0,598500000.0
2000-01-18,'000055,深圳方大,14.24,14.4,14.16,14.3,14.36,-0.12,-0.8357,0.3614,151789,2165125.2,2511936000.0,598080000.0
2000-01-17,'000055,深圳方大,14.36,14.38,14.11,14.2,14.32,0.04,0.2793,0.3168,133066,1891988.33,2533104000.0,603120000.0
2000-01-14,'000055,深圳方大,14.32,14.78,14.3,14.78,14.4,-0.08,-0.5556,0.3398,142735,2050246.12,2526048000.0,601440000.0
2000-01-13,'000055,深圳方大,14.4,14.51,14.32,14.5,14.5,-0.1,-0.6897,0.2746,115313,1659577.11,2540160000.0,604800000.0
2000-01-12,'000055,深圳方大,14.5,15.03,14.47,14.75,14.85,-0.35,-2.3569,0.5789,243155,3557367.08,2557800000.0,609000000.0
2000-01-11,'000055,深圳方大,14.85,15.55,14.81,15.55,15.55,-0.7,-4.5016,1.0698,449328,6779324.23,2619540000.0,623700000.0
2000-01-10,'000055,深圳方大,15.55,15.75,15.22,15.7,15.42,0.13,0.8431,1.5331,643900,9989025.2,2743020000.0,653100000.0
2000-01-07,'000055,深圳方大,15.42,15.83,14.95,14.97,14.9,0.52,3.4899,1.8786,788998,12152412.25,2720088000.0,647640000.0
2000-01-06,'000055,深圳方大,14.9,14.98,14.3,14.49,14.52,0.38,2.6171,0.5863,246260,3632306.39,2628360000.0,625800000.0
2000-01-05,'000055,深圳方大,14.52,14.6,14.31,14.35,14.09,0.43,3.0518,0.4946,207747,3009258.49,2561328000.0,609840000.0
2000-01-04,'000055,深圳方大,14.09,14.65,13.88,14.09,14.03,0.06,0.4277,0.5063,212651,3049139.29,2485476000.0,591780000.0
1999-12-30,'000055,深圳方大,14.03,14.55,14.02,14.15,13.96,0.07,0.5014,0.3029,127220,1807860.44,2474892000.0,589260000.0
1999-12-29,'000055,深圳方大,13.96,14.27,13.94,14.0,14.1,-0.14,-0.9929,0.2523,105949,1494750.51,2462544000.0,586320000.0
1999-12-28,'000055,深圳方大,14.1,14.29,13.9,13.9,14.0,0.1,0.7143,0.3669,154093,2167114.3,2487240000.0,592200000.0
1999-12-27,'000055,深圳方大,14.0,14.5,13.81,14.49,14.55,-0.55,-3.7801,0.6479,272119,3885311.99,2469600000.0,588000000.0
1999-12-24,'000055,深圳方大,14.55,14.78,14.01,14.6,14.78,-0.23,-1.5562,0.3344,140438,2044991.14,2566620000.0,611100000.0
1999-12-23,'000055,深圳方大,14.78,14.9,14.48,14.8,14.85,-0.07,-0.4714,0.4941,207515,3039364.25,2607192000.0,620760000.0
1999-12-22,'000055,深圳方大,14.85,14.95,14.62,14.65,14.64,0.21,1.4344,0.2918,122550,1808441.99,2619540000.0,623700000.0
1999-12-21,'000055,深圳方大,14.64,14.88,14.61,14.86,14.86,-0.22,-1.4805,0.4148,174197,2565218.22,2582496000.0,614880000.0
1999-12-17,'000055,深圳方大,14.86,15.03,14.86,14.95,14.95,-0.09,-0.602,0.4389,184350,2760523.37,2621304000.0,624120000.0
1999-12-16,'000055,深圳方大,14.95,15.15,14.7,14.71,14.61,0.34,2.3272,0.7899,331761,4958232.43,2637180000.0,627900000.0
1999-12-15,'000055,深圳方大,14.61,14.98,14.51,14.6,14.59,0.02,0.1371,0.6485,272387,4019510.45,2577204000.0,613620000.0
1999-12-14,'000055,深圳方大,14.59,14.82,14.5,14.65,14.62,-0.03,-0.2052,0.5274,221525,3241329.85,2573676000.0,612780000.0
1999-12-13,'000055,深圳方大,14.62,14.9,14.6,14.84,14.86,-0.24,-1.6151,0.328,137746,2026500.2,2578968000.0,614040000.0
1999-12-10,'000055,深圳方大,14.86,15.0,14.72,14.79,14.79,0.07,0.4733,0.2426,101880,1511889.75,2621304000.0,624120000.0
1999-12-09,'000055,深圳方大,14.79,15.2,14.7,15.12,15.02,-0.23,-1.5313,0.4296,180445,2678086.44,2608956000.0,621180000.0
1999-12-08,'000055,深圳方大,15.02,15.31,14.92,15.0,14.92,0.1,0.6702,1.1196,470240,7140804.32,2649528000.0,630840000.0
1999-12-07,'000055,深圳方大,14.92,15.01,14.76,14.8,14.79,0.13,0.879,0.2789,117124,1743856.41,2631888000.0,626640000.0
1999-12-06,'000055,深圳方大,14.79,14.9,14.63,14.63,14.61,0.18,1.232,0.2391,100415,1481930.97,2608956000.0,621180000.0
1999-12-03,'000055,深圳方大,14.61,14.8,14.6,14.8,14.7,-0.09,-0.6122,0.21,88200,1292188.6,2577204000.0,613620000.0
1999-12-02,'000055,深圳方大,14.7,14.78,14.66,14.75,14.78,-0.08,-0.5413,0.1307,54875,806514.75,2593080000.0,617400000.0
1999-12-01,'000055,深圳方大,14.78,14.9,14.74,14.78,14.77,0.01,0.0677,0.1176,49389,731353.78,2607192000.0,620760000.0
1999-11-30,'000055,深圳方大,14.77,14.9,14.57,14.57,14.59,0.18,1.2337,0.4196,176228,2602489.78,2605428000.0,620340000.0
1999-11-29,'000055,深圳方大,14.59,14.65,14.58,14.61,14.65,-0.06,-0.4096,0.1872,78610,1147744.48,2573676000.0,612780000.0
1999-11-26,'000055,深圳方大,14.65,14.7,14.56,14.56,14.62,0.03,0.2052,0.1979,83105,1216058.35,2584260000.0,615300000.0
1999-11-25,'000055,深圳方大,14.62,14.8,14.55,14.58,14.67,-0.05,-0.3408,0.2288,96075,1402112.45,2578968000.0,614040000.0
1999-11-24,'000055,深圳方大,14.67,14.9,14.65,14.82,14.78,-0.11,-0.7442,0.1293,54320,799420.2,2587788000.0,616140000.0
1999-11-23,'000055,深圳方大,14.78,14.95,14.62,14.87,14.86,-0.08,-0.5384,0.1433,60175,892888.33,2607192000.0,620760000.0
1999-11-22,'000055,深圳方大,14.86,14.9,14.71,14.79,14.64,0.22,1.5027,0.2371,99589,1476641.57,2621304000.0,624120000.0
1999-11-19,'000055,深圳方大,14.64,14.96,14.6,14.96,14.81,-0.17,-1.1479,0.3095,130000,1921850.5,2582496000.0,614880000.0
1999-11-18,'000055,深圳方大,14.81,15.14,14.52,14.65,14.62,0.19,1.2996,0.656,275522,4113740.38,2612484000.0,622020000.0
1999-11-17,'000055,深圳方大,14.62,14.9,14.17,14.3,14.44,0.18,1.2465,0.1762,74005,1071860.7,2578968000.0,614040000.0
1999-11-16,'000055,深圳方大,14.44,14.85,14.4,14.82,14.79,-0.35,-2.3665,0.3224,135400,1973008.75,2547216000.0,606480000.0
1999-11-15,'000055,深圳方大,14.79,15.0,14.65,15.0,14.77,0.02,0.1354,0.2235,93865,1382465.75,2608956000.0,621180000.0
1999-11-12,'000055,深圳方大,14.77,14.9,14.66,14.9,14.85,-0.08,-0.5387,0.1781,74796,1102964.56,2605428000.0,620340000.0
1999-11-11,'000055,深圳方大,14.85,15.17,14.85,15.1,15.09,-0.24,-1.5905,0.5901,247842,3726714.26,2619540000.0,623700000.0
1999-11-10,'000055,深圳方大,15.09,15.12,14.46,14.7,14.7,0.39,2.6531,0.8687,364846,5434547.67,2661876000.0,633780000.0
1999-11-09,'000055,深圳方大,14.7,14.88,14.6,14.7,14.55,0.15,1.0309,0.3617,151905,2243186.99,2593080000.0,617400000.0
1999-11-08,'000055,深圳方大,14.55,14.75,14.42,14.75,14.52,0.03,0.2066,0.266,111732,1633306.5,2566620000.0,611100000.0
1999-11-05,'000055,深圳方大,14.52,14.78,14.3,14.35,14.45,0.07,0.4844,0.2324,97612,1419833.98,2561328000.0,609840000.0
1999-11-04,'000055,深圳方大,14.45,14.55,14.18,14.55,14.53,-0.08,-0.5506,0.2021,67900,980000.0,2427600000.0,485520000.0
1999-11-03,'000055,深圳方大,14.53,14.61,14.5,14.6,14.57,-0.04,-0.2745,0.1426,47925,696982.3,2441040000.0,488208000.0
1999-11-02,'000055,深圳方大,14.57,14.8,14.53,14.59,14.56,0.01,0.0687,0.2023,67989,992400.82,2447760000.0,489552000.0
1999-11-01,'000055,深圳方大,14.56,14.95,14.35,14.55,14.68,-0.12,-0.8174,0.2463,82760,1214070.13,2446080000.0,489216000.0
1999-10-29,'000055,深圳方大,14.68,14.9,14.51,14.8,14.72,-0.04,-0.2717,0.1938,65125,952279.35,2466240000.0,493248000.0
1999-10-28,'000055,深圳方大,14.72,14.97,14.6,14.96,14.95,-0.23,-1.5385,0.3262,109615,1616122.98,2472960000.0,494592000.0
1999-10-27,'000055,深圳方大,14.95,14.98,14.5,14.5,14.44,0.51,3.5319,0.6049,203250,3002499.08,2511600000.0,502320000.0
1999-10-26,'000055,深圳方大,14.44,14.53,14.29,14.29,14.23,0.21,1.4758,0.2818,94680,1363810.15,2425920000.0,485184000.0
1999-10-25,'000055,深圳方大,14.23,14.45,14.16,14.45,14.18,0.05,0.3526,0.2261,75959,1083095.46,2390640000.0,478128000.0
1999-10-22,'000055,深圳方大,14.18,14.49,13.9,13.9,14.0,0.18,1.2857,0.4853,163061,2308054.6,2382240000.0,476448000.0
1999-10-21,'000055,深圳方大,14.0,14.38,13.98,14.35,14.32,-0.32,-2.2346,0.3932,132100,1862386.5,2352000000.0,470400000.0
1999-10-20,'000055,深圳方大,14.32,14.41,14.05,14.36,14.22,0.1,0.7032,0.2243,75380,1074065.6,2405760000.0,481152000.0
1999-10-19,'000055,深圳方大,14.22,14.5,14.21,14.35,14.45,-0.23,-1.5917,0.2356,79147,1133818.26,2388960000.0,477792000.0
1999-10-18,'000055,深圳方大,14.45,14.8,14.45,14.61,14.59,-0.14,-0.9596,0.3401,114260,1671077.84,2427600000.0,485520000.0
1999-10-15,'000055,深圳方大,14.59,14.74,14.4,14.4,14.3,0.29,2.028,0.3174,106640,1551466.2,2451120000.0,490224000.0
1999-10-14,'000055,深圳方大,14.3,14.63,14.0,14.45,14.52,-0.22,-1.5152,0.3185,107000,1541281.3,2402400000.0,480480000.0
1999-10-13,'000055,深圳方大,14.52,14.78,14.52,14.7,14.67,-0.15,-1.0225,0.3387,113798,1664690.12,2439360000.0,487872000.0
1999-10-12,'000055,深圳方大,14.67,14.76,14.61,14.75,14.69,-0.02,-0.1361,0.3769,126623,1860042.15,2464560000.0,492912000.0
1999-10-11,'000055,深圳方大,14.69,14.98,14.63,14.71,14.7,-0.01,-0.068,0.4088,137364,2030226.21,2467920000.0,493584000.0
1999-10-08,'000055,深圳方大,14.7,15.13,14.61,15.13,14.8,-0.1,-0.6757,0.4239,142424,2103140.09,2469600000.0,493920000.0
1999-09-30,'000055,深圳方大,14.8,15.0,14.78,14.96,14.95,-0.15,-1.0033,0.6898,231780,3446936.74,2486400000.0,497280000.0
1999-09-29,'000055,深圳方大,14.95,15.22,14.95,15.2,15.1,-0.15,-0.9934,0.3626,121844,1833742.28,2511600000.0,502320000.0
1999-09-28,'000055,深圳方大,15.1,15.33,15.05,15.3,15.28,-0.18,-1.178,0.3359,112861,1712277.95,2536800000.0,507360000.0
1999-09-27,'000055,深圳方大,15.28,15.48,15.26,15.27,15.2,0.08,0.5263,0.577,193885,2981348.91,2567040000.0,513408000.0
1999-09-24,'000055,深圳方大,15.2,15.35,15.15,15.15,15.1,0.1,0.6623,0.5886,197765,3005249.76,2553600000.0,510720000.0
1999-09-23,'000055,深圳方大,15.1,15.3,15.0,15.3,15.09,0.01,0.0663,0.4559,153180,2316292.81,2536800000.0,507360000.0
1999-09-22,'000055,深圳方大,15.09,15.33,15.05,15.1,15.18,-0.09,-0.5929,0.691,232170,3529620.08,2535120000.0,507024000.0
1999-09-21,'000055,深圳方大,15.18,15.28,15.1,15.1,15.15,0.03,0.198,0.488,163970,2490249.07,2550240000.0,510048000.0
1999-09-20,'000055,深圳方大,15.15,15.46,15.15,15.28,15.39,-0.24,-1.5595,0.6183,207745,3175477.4,2545200000.0,509040000.0
1999-09-17,'000055,深圳方大,15.39,15.56,15.26,15.46,15.41,-0.02,-0.1298,2.608,876299,13486823.58,2585520000.0,517104000.0
1999-09-16,'000055,深圳方大,15.41,15.8,15.39,15.6,15.66,-0.25,-1.5964,1.5083,506780,7857918.93,2588880000.0,517776000.0
1999-09-15,'000055,深圳方大,15.66,15.94,15.59,15.8,15.86,-0.2,-1.261,1.2552,421750,6629275.04,2630880000.0,526176000.0
1999-09-14,'000055,深圳方大,15.86,16.08,15.8,16.08,16.0,-0.14,-0.875,0.858,288297,4584167.4,2664480000.0,532896000.0
1999-09-13,'000055,深圳方大,16.0,16.25,15.75,16.1,16.07,-0.07,-0.4356,1.4351,482210,7696138.3,2688000000.0,537600000.0
1999-09-10,'000055,深圳方大,16.07,16.75,16.05,16.7,16.53,-0.46,-2.7828,1.9682,661316,10737579.11,2699760000.0,539952000.0
1999-09-09,'000055,深圳方大,16.53,16.79,15.7,15.7,15.79,0.74,4.6865,2.1522,723135,11781309.94,2777040000.0,555408000.0
1999-09-08,'000055,深圳方大,15.79,15.87,15.66,15.72,15.71,0.08,0.5092,0.6585,221266,3486494.29,2652720000.0,530544000.0
1999-09-07,'000055,深圳方大,15.71,16.09,15.61,16.0,15.93,-0.22,-1.381,1.3543,455051,7204216.58,2639280000.0,527856000.0
1999-09-06,'000055,深圳方大,15.93,16.1,15.05,15.1,14.81,1.12,7.5625,3.1357,1053594,16562231.07,2676240000.0,535248000.0
1999-09-03,'000055,深圳方大,14.81,15.1,14.8,15.1,14.85,-0.04,-0.2694,0.2967,99680,1477493.0,2488080000.0,497616000.0
1999-09-02,'000055,深圳方大,14.85,14.9,14.61,14.75,14.75,0.1,0.678,0.4541,152574,2253529.94,2494800000.0,498960000.0
1999-09-01,'000055,深圳方大,14.75,15.03,14.72,15.02,15.0,-0.25,-1.6667,0.5088,170940,2536910.8,2478000000.0,495600000.0
1999-08-31,'000055,深圳方大,15.0,15.09,14.73,14.73,14.77,0.23,1.5572,0.3771,126693,1894541.47,2520000000.0,504000000.0
1999-08-30,'000055,深圳方大,14.77,15.1,14.71,15.0,15.02,-0.25,-1.6644,0.7111,238938,3535343.85,2481360000.0,496272000.0
1999-08-27,'000055,深圳方大,15.02,15.21,15.01,15.12,15.12,-0.1,-0.6614,0.4863,163390,2468636.15,2523360000.0,504672000.0
1999-08-26,'000055,深圳方大,15.12,15.21,15.08,15.21,15.18,-0.06,-0.3953,0.4424,148656,2249732.49,2540160000.0,508032000.0
1999-08-25,'000055,深圳方大,15.18,15.53,15.1,15.53,15.32,-0.14,-0.9138,0.7036,236407,3586181.02,2550240000.0,510048000.0
1999-08-24,'000055,深圳方大,15.32,15.38,15.0,15.1,15.1,0.22,1.457,1.1048,371197,5663864.77,2573760000.0,514752000.0
1999-08-23,'000055,深圳方大,15.1,15.31,13.81,15.31,15.28,-0.18,-1.178,1.3799,463641,6903544.9,2536800000.0,507360000.0
1999-08-20,'000055,深圳方大,15.28,15.59,15.25,15.49,15.31,-0.03,-0.196,1.4967,502900,7760964.34,2567040000.0,513408000.0
1999-08-19,'000055,深圳方大,15.31,15.42,14.71,14.88,14.73,0.58,3.9375,1.6877,567056,8561355.29,2572080000.0,514416000.0
1999-08-18,'000055,深圳方大,14.73,14.8,14.4,14.43,14.42,0.31,2.1498,0.7487,251561,3672209.61,2474640000.0,494928000.0
1999-08-17,'000055,深圳方大,14.42,14.65,14.13,14.15,14.12,0.3,2.1246,1.2404,416780,6044149.52,2422560000.0,484512000.0
1999-08-16,'000055,深圳方大,14.12,14.7,13.96,14.7,14.8,-0.68,-4.5946,1.8603,625069,8868258.0,2372160000.0,474432000.0
1999-08-13,'000055,深圳方大,14.8,15.3,14.68,15.3,15.1,-0.3,-1.9868,2.3925,803885,11908061.16,2486400000.0,497280000.0
1999-08-12,'000055,深圳方大,15.1,15.6,15.05,15.44,15.44,-0.34,-2.2021,1.4348,482100,7399657.22,2536800000.0,507360000.0
1999-08-11,'000055,深圳方大,15.44,15.92,15.2,15.52,15.92,-0.48,-3.0151,2.3091,775852,12040358.7,2593920000.0,518784000.0
1999-08-10,'000055,深圳方大,15.92,16.68,15.92,16.68,17.69,-1.77,-10.0057,3.0819,1035532,16593750.94,2674560000.0,534912000.0
1999-08-09,'000055,深圳方大,17.69,17.75,17.4,17.55,17.86,-0.17,-0.9518,0.6988,234795,4120037.73,2971920000.0,594384000.0
1999-08-06,'000055,深圳方大,17.86,18.15,17.5,18.1,18.09,-0.23,-1.2714,1.0336,347300,6146070.7,3000480000.0,600096000.0
1999-08-05,'000055,深圳方大,18.09,18.4,17.89,18.4,18.34,-0.25,-1.3631,0.7413,249070,4512172.1,3039120000.0,607824000.0
1999-08-04,'000055,深圳方大,18.34,18.43,17.86,18.0,17.91,0.43,2.4009,0.9144,307240,5581666.8,3081120000.0,616224000.0
1999-08-03,'000055,深圳方大,17.91,18.2,17.75,18.2,18.07,-0.16,-0.8854,0.792,266118,4766137.84,3008880000.0,601776000.0
1999-08-02,'000055,深圳方大,18.07,18.19,17.7,18.0,17.84,0.23,1.2892,0.7256,243794,4383156.14,3035760000.0,607152000.0
1999-07-30,'000055,深圳方大,17.84,18.2,17.71,18.2,18.14,-0.3,-1.6538,1.1314,380160,6807940.8,2997120000.0,599424000.0
1999-07-29,'000055,深圳方大,18.14,18.8,18.0,18.6,18.38,-0.24,-1.3058,0.5942,199666,3636887.58,3047520000.0,609504000.0
1999-07-28,'000055,深圳方大,18.38,18.8,18.15,18.7,18.62,-0.24,-1.2889,1.2604,423488,7769353.0,3087840000.0,617568000.0
1999-07-27,'000055,深圳方大,18.62,19.2,18.3,19.2,18.9,-0.28,-1.4815,1.7724,595540,11214756.8,3128160000.0,625632000.0
1999-07-26,'000055,深圳方大,18.9,19.2,18.68,18.83,18.63,0.27,1.4493,0.7746,260262,4938920.18,3175200000.0,635040000.0
1999-07-23,'000055,深圳方大,18.63,19.08,18.5,18.7,18.65,-0.02,-0.1072,1.0684,358990,6748873.9,3129840000.0,625968000.0
1999-07-22,'000055,深圳方大,18.65,19.5,18.65,19.32,19.31,-0.66,-3.4179,1.9019,639031,12131235.15,3133200000.0,626640000.0
1999-07-21,'000055,深圳方大,19.3,19.8,18.55,19.0,18.99,0.31,1.6324,4.4508,1495468,28623924.99,3242400000.0,648480000.0
1999-07-20,'000055,深圳方大,18.99,19.1,17.3,17.49,17.5,1.49,8.5143,2.4811,833633,15469960.96,3190320000.0,638064000.0
1999-07-19,'000055,深圳方大,17.5,18.7,17.48,18.05,18.35,-0.85,-4.6322,1.7768,597020,10847740.8,2940000000.0,588000000.0
1999-07-16,'000055,深圳方大,18.35,19.38,17.56,17.9,17.86,0.49,2.7436,4.4749,1503583,27751683.6,3082800000.0,616560000.0
1999-07-15,'000055,深圳方大,17.86,18.49,17.85,18.49,18.4,-0.54,-2.9348,1.1135,374130,6760876.5,3000480000.0,600096000.0
1999-07-14,'000055,深圳方大,18.4,18.6,17.21,17.21,17.32,1.08,6.2356,2.4945,838156,15269650.82,3091200000.0,618240000.0
1999-07-13,'000055,深圳方大,17.32,17.8,17.1,17.4,17.58,-0.26,-1.479,1.4216,477650,8297191.3,2909760000.0,581952000.0
1999-07-12,'000055,深圳方大,17.58,18.3,17.5,18.3,18.33,-0.75,-4.0917,1.4794,497080,8857688.5,2953440000.0,590688000.0
1999-07-09,'000055,深圳方大,18.33,18.55,17.91,18.5,18.52,-0.19,-1.0259,1.7624,592158,10743595.58,3079440000.0,615888000.0
1999-07-08,'000055,深圳方大,18.52,18.98,18.05,18.75,18.55,-0.03,-0.1617,1.5779,530190,9740353.8,3111360000.0,622272000.0
1999-07-07,'000055,深圳方大,18.55,18.55,17.6,18.0,17.78,0.77,4.3307,1.4095,473578,8603963.59,3116400000.0,623280000.0
1999-07-06,'000055,深圳方大,17.78,18.9,17.58,18.58,18.8,-1.02,-5.4255,1.6588,557351,10080750.13,2987040000.0,597408000.0
1999-07-05,'000055,深圳方大,18.8,20.0,18.6,20.0,19.89,-1.09,-5.4801,2.0658,694123,13256582.09,3158400000.0,631680000.0
1999-07-02,'000055,深圳方大,19.89,20.15,18.61,19.6,19.51,0.38,1.9477,2.7966,939663,18336484.85,3341520000.0,668304000.0
1999-07-01,'000055,深圳方大,19.51,20.8,19.51,20.8,21.68,-2.17,-10.0092,4.372,1468978,29274544.63,3277680000.0,655536000.0
1999-06-30,'000055,深圳方大,21.68,22.7,20.58,22.5,22.3,-0.62,-2.7803,5.6634,1902912,40711257.6,3642240000.0,728448000.0
1999-06-29,'000055,深圳方大,22.3,22.6,21.0,22.2,21.79,0.51,2.3405,7.1864,2414617,52914903.13,3746400000.0,749280000.0
1999-06-28,'000055,深圳方大,21.79,21.79,20.0,20.0,19.81,1.98,9.995,7.8856,2649565,55615873.12,3660720000.0,732144000.0
1999-06-25,'000055,深圳方大,19.81,22.6,19.63,21.34,21.36,-1.55,-7.2566,11.5525,3881635,83395180.88,3328080000.0,665616000.0
1999-06-24,'000055,深圳方大,21.36,21.4,19.5,19.5,19.48,1.88,9.6509,9.8519,3310254,67089017.0,3588480000.0,717696000.0
1999-06-23,'000055,深圳方大,19.48,19.8,18.75,19.0,19.0,0.48,2.5263,5.5463,1863556,35868311.45,3272640000.0,654528000.0
1999-06-22,'000055,深圳方大,19.0,19.2,18.5,19.06,19.02,-0.02,-0.1052,2.5947,871808,16431854.38,3192000000.0,638400000.0
1999-06-21,'000055,深圳方大,19.02,19.3,18.6,18.9,18.6,0.42,2.2581,5.4234,1822274,34653219.4,3195360000.0,639072000.0
1999-06-18,'000055,深圳方大,18.6,19.68,18.4,19.3,18.92,-0.32,-1.6913,5.2594,1767142,33654589.72,3124800000.0,624960000.0
1999-06-17,'000055,深圳方大,18.92,19.08,17.6,18.0,17.7,1.22,6.8927,7.229,2428946,45008872.43,3178560000.0,635712000.0
1999-06-16,'000055,深圳方大,17.7,17.7,17.0,17.0,16.85,0.85,5.0445,2.9898,1004570,17447830.73,2973600000.0,594720000.0
1999-06-15,'000055,深圳方大,16.85,18.65,16.3,18.0,17.86,-1.01,-5.6551,5.2472,1763056,31119333.89,2830800000.0,566160000.0
1999-06-14,'000055,深圳方大,17.86,17.95,17.0,17.76,17.66,0.2,1.1325,4.8597,1632855,28621413.6,3000480000.0,600096000.0
1999-06-11,'000055,深圳方大,17.66,18.1,17.6,17.71,17.89,-0.23,-1.2856,1.7525,588855,10475387.46,2966880000.0,593376000.0
1999-06-10,'000055,深圳方大,17.89,18.55,17.6,18.1,17.97,-0.08,-0.4452,1.6689,560765,10064533.46,3005520000.0,601104000.0
1999-06-09,'000055,深圳方大,17.97,18.18,17.55,18.18,18.2,-0.23,-1.2637,2.0785,698365,12415992.5,3018960000.0,603792000.0
1999-06-08,'000055,深圳方大,18.2,19.8,18.0,18.7,18.65,-0.45,-2.4129,5.5499,1864750,35037534.05,3057600000.0,611520000.0
1999-06-07,'000055,深圳方大,18.65,18.92,17.15,17.31,17.2,1.45,8.4302,6.9906,2348828,43085593.78,3133200000.0,626640000.0
1999-06-04,'000055,深圳方大,17.2,17.21,16.5,16.5,16.53,0.67,4.0532,2.5248,848320,14469522.16,2889600000.0,577920000.0
1999-06-03,'000055,深圳方大,16.53,17.5,16.35,17.5,16.76,-0.23,-1.3723,1.4196,476976,7932943.9,2777040000.0,555408000.0
1999-06-02,'000055,深圳方大,16.76,17.8,16.68,17.55,17.35,-0.59,-3.4006,3.2194,1081723,18625112.25,2815680000.0,563136000.0
1999-06-01,'000055,深圳方大,17.35,17.5,16.65,16.98,16.62,0.73,4.3923,4.4376,1491043,25490082.26,2914800000.0,582960000.0
1999-05-31,'000055,深圳方大,16.62,17.36,16.2,16.9,16.86,-0.24,-1.4235,4.4906,1508840,25193608.14,2792160000.0,558432000.0
1999-05-28,'000055,深圳方大,16.86,17.5,16.6,17.41,17.37,-0.51,-2.9361,2.7076,909742,15368277.0,2832480000.0,566496000.0
1999-05-27,'000055,深圳方大,17.37,18.11,16.95,16.95,16.89,0.48,2.8419,5.2361,1759339,31001273.01,2918160000.0,583632000.0
1999-05-26,'000055,深圳方大,16.89,17.29,16.3,17.0,16.48,0.41,2.4879,3.1903,1071936,18142150.08,2837520000.0,567504000.0
1999-05-25,'000055,深圳方大,16.48,17.61,16.18,17.4,17.31,-0.83,-4.7949,7.9478,2670454,45256839.81,2768640000.0,553728000.0
1999-05-24,'000055,深圳方大,17.31,17.66,15.65,15.8,16.05,1.26,7.8505,8.2377,2767872,47211231.68,2908080000.0,581616000.0
1999-05-21,'000055,深圳方大,16.05,16.46,15.1,15.5,15.57,0.48,3.0829,7.2386,2432171,38653535.34,2696400000.0,539280000.0
1999-05-20,'000055,深圳方大,15.57,16.15,14.99,15.0,14.86,0.71,4.7779,9.2775,3117247,48838296.68,2615760000.0,523152000.0
1999-05-19,'000055,深圳方大,14.86,14.86,13.55,13.55,13.51,1.35,9.9926,5.7331,1926336,27701087.86,2496480000.0,499296000.0
1999-05-18,'000055,深圳方大,13.51,13.84,12.61,12.95,12.65,0.86,6.7984,2.1628,726690,9740267.3,2269680000.0,453936000.0
1999-05-17,'000055,深圳方大,12.65,12.85,12.4,12.7,12.7,-0.05,-0.3937,0.2054,69020,871272.8,2125200000.0,425040000.0
1999-05-14,'000055,深圳方大,12.7,12.9,12.68,12.7,12.8,-0.1,-0.7813,0.3208,107780,1371560.16,2133600000.0,426720000.0
1999-05-13,'000055,深圳方大,12.8,13.18,12.8,13.18,13.13,-0.33,-2.5133,0.1485,49890,642116.4,2150400000.0,430080000.0
1999-05-12,'000055,深圳方大,13.13,13.3,12.86,12.99,12.99,0.14,1.0778,0.2154,72374,945928.6,2205840000.0,441168000.0
1999-05-11,'000055,深圳方大,12.99,13.3,12.75,12.75,12.77,0.22,1.7228,0.3429,115230,1487781.1,2182320000.0,436464000.0
1999-05-10,'000055,深圳方大,12.77,13.4,12.7,13.4,13.46,-0.69,-5.1263,0.6564,220560,2850581.6,2145360000.0,429072000.0
1999-05-07,'000055,深圳方大,13.46,13.73,13.46,13.71,13.76,-0.3,-2.1802,0.221,74240,1007692.2,2261280000.0,452256000.0
1999-05-06,'000055,深圳方大,13.76,13.8,13.65,13.7,13.72,0.04,0.2915,0.2884,96891,1332059.44,2311680000.0,462336000.0
1999-05-05,'000055,深圳方大,13.72,13.78,13.41,13.55,13.65,0.07,0.5128,0.2577,86580,1176154.9,2304960000.0,460992000.0
1999-05-04,'000055,深圳方大,13.65,14.0,13.6,13.75,13.8,-0.15,-1.087,0.1969,66144,915606.6,2293200000.0,458640000.0
1999-04-30,'000055,深圳方大,13.8,14.0,13.48,13.6,13.59,0.21,1.5453,0.3538,118880,1645679.22,2318400000.0,463680000.0
1999-04-29,'000055,深圳方大,13.59,13.69,13.4,13.44,13.45,0.14,1.0409,0.245,82316,1111432.3,2283120000.0,456624000.0
1999-04-28,'000055,深圳方大,13.45,14.06,13.2,13.39,13.18,0.27,2.0486,0.3787,127239,1732072.03,2259600000.0,451920000.0
1999-04-27,'000055,深圳方大,13.18,13.44,12.88,12.88,13.01,0.17,1.3067,0.2834,95215,1242247.57,2214240000.0,442848000.0
1999-04-26,'000055,深圳方大,13.01,13.6,13.0,13.6,13.65,-0.64,-4.6886,0.5703,191630,2534955.88,2185680000.0,437136000.0
1999-04-23,'000055,深圳方大,13.65,14.0,13.6,13.7,13.67,-0.02,-0.1463,0.3764,126474,1747405.68,2293200000.0,458640000.0
1999-04-22,'000055,深圳方大,13.67,13.85,13.3,13.85,13.95,-0.28,-2.0072,0.5287,177634,2410595.0,2296560000.0,459312000.0
1999-04-21,'000055,深圳方大,13.95,14.5,13.8,14.4,14.42,-0.47,-3.2594,0.4372,146900,2086986.6,2343600000.0,468720000.0
1999-04-20,'000055,深圳方大,14.42,14.75,14.32,14.71,14.62,-0.2,-1.368,0.2288,76880,1111633.54,2422560000.0,484512000.0
1999-04-19,'000055,深圳方大,0.0,0.0,0.0,0.0,14.62,None,None,0.0,0,0.0,2456160000.0,491232000.0
1999-04-16,'000055,深圳方大,0.0,0.0,0.0,0.0,14.62,None,None,0.0,0,0.0,2456160000.0,491232000.0
1999-04-15,'000055,深圳方大,14.62,15.05,14.58,15.05,15.03,-0.41,-2.7279,0.4305,144660,2140751.5,2456160000.0,491232000.0
1999-04-14,'000055,深圳方大,15.03,15.25,14.93,15.0,14.88,0.15,1.0081,0.3434,115380,1734725.0,2525040000.0,505008000.0
1999-04-13,'000055,深圳方大,14.88,15.36,14.8,15.0,15.1,-0.22,-1.457,0.4031,135430,2027358.3,2499840000.0,499968000.0
1999-04-12,'000055,深圳方大,15.1,15.6,15.0,15.6,15.69,-0.59,-3.7604,0.6659,223740,3401188.0,2536800000.0,507360000.0
1999-04-09,'000055,深圳方大,15.69,16.0,15.55,15.8,15.93,-0.24,-1.5066,0.6714,225580,3544377.7,2635920000.0,527184000.0
1999-04-08,'000055,深圳方大,15.93,16.2,15.88,16.0,16.1,-0.17,-1.0559,0.4487,150753,2413846.97,2676240000.0,535248000.0
1999-04-07,'000055,深圳方大,16.1,16.49,16.06,16.32,16.47,-0.37,-2.2465,0.35,117610,1915466.4,2704800000.0,540960000.0
1999-04-06,'000055,深圳方大,16.47,16.5,16.15,16.18,16.26,0.21,1.2915,0.716,240590,3926358.04,2766960000.0,553392000.0
1999-04-05,'000055,深圳方大,16.26,16.3,15.85,16.25,16.3,-0.04,-0.2454,0.859,288625,4601532.3,2731680000.0,546336000.0
1999-04-02,'000055,深圳方大,16.3,16.47,16.1,16.3,16.48,-0.18,-1.0922,0.414,139120,2256829.2,2738400000.0,547680000.0
1999-04-01,'000055,深圳方大,16.48,16.48,15.8,15.8,15.79,0.69,4.3699,0.7651,257088,4132324.0,2768640000.0,553728000.0
1999-03-31,'000055,深圳方大,15.79,16.0,15.68,15.96,15.96,-0.17,-1.0652,0.4009,134708,2129080.0,2652720000.0,530544000.0
1999-03-30,'000055,深圳方大,15.96,16.5,15.82,16.15,16.14,-0.18,-1.1152,0.5336,179296,2899214.44,2681280000.0,536256000.0
1999-03-29,'000055,深圳方大,16.14,16.3,16.03,16.3,16.28,-0.14,-0.86,0.4686,157450,2537744.1,2711520000.0,542304000.0
1999-03-26,'000055,深圳方大,16.28,16.48,16.18,16.3,16.38,-0.1,-0.6105,0.4642,155980,2542703.1,2735040000.0,547008000.0
1999-03-25,'000055,深圳方大,16.38,16.6,16.31,16.55,16.53,-0.15,-0.9074,0.7006,235400,3869740.6,2751840000.0,550368000.0
1999-03-24,'000055,深圳方大,16.53,17.1,16.5,16.78,16.78,-0.25,-1.4899,1.6305,547844,9241877.08,2777040000.0,555408000.0
1999-03-23,'000055,深圳方大,16.78,16.8,16.35,16.35,16.37,0.41,2.5046,2.0572,691206,11493203.82,2819040000.0,563808000.0
1999-03-22,'000055,深圳方大,16.37,16.38,15.9,15.9,15.9,0.47,2.956,1.6462,553123,8980712.32,2750160000.0,550032000.0
1999-03-19,'000055,深圳方大,15.9,16.01,15.32,15.5,15.5,0.4,2.5806,1.1109,373274,5859829.94,2671200000.0,534240000.0
1999-03-18,'000055,深圳方大,15.5,15.56,15.2,15.3,15.41,0.09,0.584,0.7068,237500,3644214.2,2604000000.0,520800000.0
1999-03-17,'000055,深圳方大,15.41,15.98,15.4,15.56,15.76,-0.35,-2.2208,0.9893,332420,5191920.0,2588880000.0,517776000.0
1999-03-16,'000055,深圳方大,15.76,16.1,15.52,15.8,16.59,-0.83,-5.003,1.1409,383337,6043426.05,2647680000.0,529536000.0
1999-03-15,'000055,深圳方大,16.59,16.68,16.1,16.4,16.47,0.12,0.7286,1.1512,386802,6337551.98,2787120000.0,557424000.0
1999-03-12,'000055,深圳方大,16.47,16.55,16.2,16.47,16.44,0.03,0.1825,0.9747,327512,5379318.32,2766960000.0,553392000.0
1999-03-11,'000055,深圳方大,16.44,16.47,16.04,16.04,16.04,0.4,2.4938,1.3191,443213,7225487.72,2761920000.0,552384000.0
1999-03-10,'000055,深圳方大,16.04,16.05,15.4,15.72,15.98,0.06,0.3755,0.7105,238729,3759709.03,2694720000.0,538944000.0
1999-03-09,'000055,深圳方大,15.98,16.35,15.75,16.2,16.18,-0.2,-1.2361,0.5909,198530,3169367.3,2684640000.0,536928000.0
1999-03-08,'000055,深圳方大,16.18,16.4,16.0,16.37,16.36,-0.18,-1.1002,0.7794,261879,4230062.34,2718240000.0,543648000.0
1999-03-05,'000055,深圳方大,16.36,16.4,15.67,15.67,15.65,0.71,4.5367,2.6175,879478,14095882.6,2748480000.0,549696000.0
1999-03-04,'000055,深圳方大,15.65,15.78,15.1,15.15,15.07,0.58,3.8487,1.4026,471276,7338091.2,2629200000.0,525840000.0
1999-03-03,'000055,深圳方大,15.07,15.19,14.3,14.8,14.8,0.27,1.8243,0.4666,156792,2323493.22,2531760000.0,506352000.0
1999-03-02,'000055,深圳方大,14.8,15.25,14.7,15.2,15.25,-0.45,-2.9508,0.2874,96560,1446052.6,2486400000.0,497280000.0
1999-03-01,'000055,深圳方大,15.25,15.5,15.13,15.5,15.46,-0.21,-1.3583,0.1865,62660,954560.9,2562000000.0,512400000.0
1999-02-09,'000055,深圳方大,15.46,15.5,15.31,15.31,15.31,0.15,0.9798,0.5086,170900,2638778.4,2597280000.0,519456000.0
1999-02-08,'000055,深圳方大,15.31,15.55,15.1,15.35,15.7,-0.39,-2.4841,0.2953,99206,1521212.3,2572080000.0,514416000.0
1999-02-05,'000055,深圳方大,15.7,16.4,15.05,15.5,15.62,0.08,0.5122,0.406,136428,2105454.06,2637600000.0,527520000.0
1999-02-04,'000055,深圳方大,15.62,16.02,15.5,16.0,16.06,-0.44,-2.7397,0.4457,149747,2357938.54,2624160000.0,524832000.0
1999-02-03,'000055,深圳方大,16.06,16.4,16.03,16.4,16.36,-0.3,-1.8337,0.1964,66000,1068820.0,2698080000.0,539616000.0
1999-02-02,'000055,深圳方大,16.36,16.5,16.08,16.19,16.31,0.05,0.3066,0.2537,85240,1384066.56,2748480000.0,549696000.0
1999-02-01,'000055,深圳方大,16.31,16.93,16.0,16.91,16.91,-0.6,-3.5482,0.4826,162140,2672180.8,2740080000.0,548016000.0
1999-01-29,'000055,深圳方大,16.91,17.38,16.8,17.38,16.85,0.06,0.3561,0.2732,91785,1554185.3,2840880000.0,568176000.0
1999-01-28,'000055,深圳方大,16.85,17.14,16.76,17.0,17.0,-0.15,-0.8824,0.2281,76650,1295680.35,2830800000.0,566160000.0
1999-01-27,'000055,深圳方大,17.0,17.08,16.81,17.0,16.9,0.1,0.5917,0.3636,122171,2072428.45,2856000000.0,571200000.0
1999-01-26,'000055,深圳方大,16.9,17.15,16.9,17.0,17.02,-0.12,-0.7051,0.3222,108275,1841165.85,2839200000.0,567840000.0
1999-01-25,'000055,深圳方大,17.02,17.45,16.96,17.45,17.43,-0.41,-2.3523,0.7827,263000,4497745.4,2859360000.0,571872000.0
1999-01-22,'000055,深圳方大,17.43,17.7,17.38,17.69,17.74,-0.31,-1.7475,0.5957,200140,3510135.2,2928240000.0,585648000.0
1999-01-21,'000055,深圳方大,17.74,17.97,17.0,17.5,17.5,0.24,1.3714,1.1346,381231,6609929.2,2980320000.0,596064000.0
1999-01-20,'000055,深圳方大,17.5,18.1,17.45,18.0,17.98,-0.48,-2.6696,1.2144,408055,7211877.16,2940000000.0,588000000.0
1999-01-19,'000055,深圳方大,17.98,18.48,17.95,18.2,18.2,-0.22,-1.2088,1.2211,410300,7440859.2,3020640000.0,604128000.0
1999-01-18,'000055,深圳方大,18.2,18.28,17.7,17.88,17.76,0.44,2.4775,0.8272,277924,5022501.26,3057600000.0,611520000.0
1999-01-15,'000055,深圳方大,17.76,18.18,17.59,18.01,17.75,0.01,0.0563,0.4235,142290,2518569.08,2983680000.0,596736000.0
1999-01-14,'000055,深圳方大,17.75,18.2,17.5,17.61,17.54,0.21,1.1973,0.6771,227507,4041052.4,2982000000.0,596400000.0
1999-01-13,'000055,深圳方大,17.54,17.99,17.5,17.99,17.85,-0.31,-1.7367,0.3623,121731,2151616.1,2946720000.0,589344000.0
1999-01-12,'000055,深圳方大,17.85,18.49,17.68,17.99,17.68,0.17,0.9615,0.6679,224400,4091562.32,2998800000.0,599760000.0
1999-01-11,'000055,深圳方大,17.68,17.8,17.5,17.8,17.9,-0.22,-1.2291,0.2,67200,1182694.93,2970240000.0,594048000.0
1999-01-08,'000055,深圳方大,17.9,17.95,17.0,17.06,17.0,0.9,5.2941,0.3412,114633,2009061.27,3007200000.0,601440000.0
1999-01-07,'000055,深圳方大,17.0,17.3,16.9,17.1,17.1,-0.1,-0.5848,0.093,31260,533364.4,2856000000.0,571200000.0
1999-01-06,'000055,深圳方大,17.1,17.29,16.8,16.8,17.01,0.09,0.5291,0.1753,58910,1009921.05,2872800000.0,574560000.0
1999-01-05,'000055,深圳方大,17.01,17.35,16.72,17.3,17.47,-0.46,-2.6331,0.3177,106759,1811091.91,2857680000.0,571536000.0
1999-01-04,'000055,深圳方大,17.47,18.17,17.45,18.17,18.17,-0.7,-3.8525,0.1825,61320,1081711.4,2934960000.0,586992000.0
1998-12-31,'000055,深圳方大,18.17,18.48,17.6,18.0,17.38,0.79,4.5455,0.9041,303768,5492612.69,3052560000.0,610512000.0
1998-12-30,'000055,深圳方大,17.38,18.7,17.3,18.7,18.47,-1.09,-5.9015,0.6747,226689,4082267.29,2919840000.0,583968000.0
1998-12-29,'000055,深圳方大,18.47,19.5,17.55,19.5,18.9,-0.43,-2.2751,0.3729,125300,2336521.2,3102960000.0,620592000.0
1998-12-28,'000055,深圳方大,18.9,19.1,18.8,19.1,19.41,-0.51,-2.6275,0.179,60130,1140615.4,3175200000.0,635040000.0
1998-12-25,'000055,深圳方大,19.41,19.5,19.08,19.5,19.18,0.23,1.1992,0.0882,29620,568872.6,3260880000.0,652176000.0
1998-12-24,'000055,深圳方大,19.18,19.2,18.83,18.92,19.18,0.0,0.0,0.101,33920,644726.9,3222240000.0,644448000.0
1998-12-23,'000055,深圳方大,19.18,19.5,19.0,19.38,19.38,-0.2,-1.032,0.1338,44960,861071.4,3222240000.0,644448000.0
1998-12-22,'000055,深圳方大,19.38,19.4,18.61,18.61,18.9,0.48,2.5397,0.1621,54463,1044964.28,3255840000.0,651168000.0
1998-12-21,'000055,深圳方大,18.9,19.01,18.71,18.96,19.5,-0.6,-3.0769,0.1094,36760,695611.27,3175200000.0,635040000.0
1998-12-18,'000055,深圳方大,19.5,19.5,18.6,18.9,19.18,0.32,1.6684,0.5515,185319,3519123.89,3276000000.0,655200000.0
1998-12-17,'000055,深圳方大,19.18,19.65,19.0,19.64,19.4,-0.22,-1.134,0.216,72563,1389685.71,3222240000.0,644448000.0
1998-12-16,'000055,深圳方大,19.4,19.8,19.39,19.8,19.75,-0.35,-1.7722,0.1421,47740,930573.1,3259200000.0,651840000.0
1998-12-15,'000055,深圳方大,19.75,19.75,19.31,19.5,19.8,-0.05,-0.2525,0.19,63838,1243406.58,3318000000.0,663600000.0
1998-12-14,'000055,深圳方大,19.8,20.56,19.8,20.5,20.57,-0.77,-3.7433,0.3482,117000,2349223.7,3326400000.0,665280000.0
1998-12-11,'000055,深圳方大,20.57,20.68,19.8,20.18,20.27,0.3,1.48,0.6127,205860,4155348.8,3455760000.0,691152000.0
1998-12-10,'000055,深圳方大,20.27,21.88,19.8,19.9,19.95,0.32,1.604,3.0662,1030247,21847041.05,3405360000.0,681072000.0
1998-12-09,'000055,深圳方大,19.95,20.5,19.35,19.54,19.54,0.41,2.0983,0.312,104833,2075010.96,3351600000.0,670320000.0
1998-12-08,'000055,深圳方大,19.54,19.77,19.4,19.55,19.51,0.03,0.1538,0.0854,28700,560956.2,3282720000.0,656544000.0
1998-12-07,'000055,深圳方大,19.51,20.0,19.49,20.0,19.91,-0.4,-2.009,0.211,70900,1394711.5,3277680000.0,655536000.0
1998-12-04,'000055,深圳方大,19.91,19.97,19.2,19.5,19.49,0.42,2.155,0.6211,208682,4096581.0,3344880000.0,668976000.0
1998-12-03,'000055,深圳方大,19.49,19.9,19.33,19.33,19.27,0.22,1.1417,0.1515,50920,1004278.36,3274320000.0,654864000.0
1998-12-02,'000055,深圳方大,19.27,19.5,19.2,19.21,19.3,-0.03,-0.1554,0.3677,123560,2384062.4,3237360000.0,647472000.0
1998-12-01,'000055,深圳方大,19.3,19.96,19.3,19.7,19.79,-0.49,-2.476,0.2789,93700,1834819.0,3242400000.0,648480000.0
1998-11-30,'000055,深圳方大,19.79,19.86,19.01,19.48,19.55,0.24,1.2276,0.3868,129974,2522244.8,3324720000.0,664944000.0
1998-11-27,'000055,深圳方大,19.55,20.0,19.5,19.9,19.93,-0.38,-1.9067,0.5388,181041,3576838.93,3284400000.0,656880000.0
1998-11-26,'000055,深圳方大,19.93,20.4,19.9,20.08,20.27,-0.34,-1.6774,0.4679,157210,3157980.0,3348240000.0,669648000.0
1998-11-25,'000055,深圳方大,20.27,20.84,20.25,20.84,20.72,-0.45,-2.1718,0.3018,101392,2071957.88,3405360000.0,681072000.0
1998-11-24,'000055,深圳方大,20.72,21.0,20.61,20.61,20.79,-0.07,-0.3367,0.3985,133903,2788793.88,0.0,696192000.0
1998-11-23,'000055,深圳方大,20.79,21.0,20.6,21.0,21.1,-0.31,-1.4692,0.5121,143390,2976928.1,2910600000.0,582120000.0
1998-11-20,'000055,深圳方大,21.1,21.39,20.7,21.39,25.25,-4.15,-16.4356,0.8009,224253,4710219.6,2954000000.0,590800000.0
1998-11-19,'000055,深圳方大,25.25,25.4,24.86,25.0,25.0,0.25,1.0,2.1995,615857,15508966.25,3535000000.0,707000000.0
1998-11-18,'000055,深圳方大,25.0,25.28,24.98,25.2,25.01,-0.01,-0.04,1.45,406000,10167406.2,3500000000.0,700000000.0
1998-11-17,'000055,深圳方大,25.01,25.38,24.95,25.32,25.08,-0.07,-0.2791,1.5858,444020,11121725.65,3501400000.0,700280000.0
1998-11-16,'000055,深圳方大,25.08,25.37,24.98,25.18,25.31,-0.23,-0.9087,2.1773,609636,15272140.0,3511200000.0,702240000.0
1998-11-13,'000055,深圳方大,25.31,25.38,24.76,25.24,25.34,-0.03,-0.1184,1.2786,357999,8964442.0,3543400000.0,708680000.0
1998-11-12,'000055,深圳方大,25.34,26.58,24.86,26.58,25.7,-0.36,-1.4008,7.0559,1975650,49543984.23,3547600000.0,709520000.0
1998-11-11,'000055,深圳方大,25.7,25.7,24.86,25.4,25.4,0.3,1.1811,0.528,147840,3716301.0,3598000000.0,719600000.0
1998-11-10,'000055,深圳方大,25.4,25.8,25.0,25.56,25.52,-0.12,-0.4702,0.5962,166945,4234455.3,3556000000.0,711200000.0
1998-11-09,'000055,深圳方大,25.52,25.71,25.38,25.6,25.47,0.05,0.1963,1.1757,329193,8390496.89,3572800000.0,714560000.0
1998-11-06,'000055,深圳方大,25.47,26.1,25.18,26.1,25.16,0.31,1.2321,1.7091,478550,12186940.06,3565800000.0,713160000.0
1998-11-05,'000055,深圳方大,25.16,25.2,24.62,25.01,24.82,0.34,1.3699,0.6235,174580,4353257.3,3522400000.0,704480000.0
1998-11-04,'000055,深圳方大,24.82,25.5,24.5,24.5,24.32,0.5,2.0559,0.7905,221347,5544790.95,3474800000.0,694960000.0
1998-11-03,'000055,深圳方大,24.32,24.4,24.26,24.3,24.14,0.18,0.7457,0.2764,77395,1882638.0,3404800000.0,680960000.0
1998-11-02,'000055,深圳方大,24.14,24.35,23.9,24.2,24.1,0.04,0.166,0.1625,45500,1094031.0,3379600000.0,675920000.0
1998-10-30,'000055,深圳方大,24.1,24.46,24.0,24.08,24.08,0.02,0.0831,0.1859,52045,1258840.9,3374000000.0,674800000.0
1998-10-29,'000055,深圳方大,24.08,24.48,23.8,24.0,24.0,0.08,0.3333,0.3957,110800,2642577.0,3371200000.0,674240000.0
1998-10-28,'000055,深圳方大,24.0,24.2,23.76,23.76,23.76,0.24,1.0101,0.1039,29100,695573.0,3360000000.0,672000000.0
1998-10-27,'000055,深圳方大,23.76,24.05,23.69,24.0,24.0,-0.24,-1.0,0.1854,51900,1236317.0,3326400000.0,665280000.0
1998-10-26,'000055,深圳方大,24.0,24.3,23.8,24.3,24.55,-0.55,-2.2403,0.2116,59250,1417685.0,3360000000.0,672000000.0
1998-10-23,'000055,深圳方大,24.55,25.0,24.35,25.0,24.71,-0.16,-0.6475,0.1396,39100,962953.0,3437000000.0,687400000.0
1998-10-22,'000055,深圳方大,24.71,25.0,23.6,23.9,23.88,0.83,3.4757,0.3355,93946,2274076.4,3459400000.0,691880000.0
1998-10-21,'000055,深圳方大,23.88,24.32,23.8,24.32,24.39,-0.51,-2.091,0.1882,52700,1260679.0,3343200000.0,668640000.0
1998-10-20,'000055,深圳方大,24.39,24.6,24.38,24.5,24.58,-0.19,-0.773,0.2042,57180,1400043.0,3414600000.0,682920000.0
1998-10-19,'000055,深圳方大,24.58,25.3,24.4,25.3,25.05,-0.47,-1.8762,0.1739,48700,1198969.0,3441200000.0,688240000.0
1998-10-16,'000055,深圳方大,25.05,25.05,24.38,24.55,24.49,0.56,2.2866,0.4286,120000,2938221.0,3507000000.0,701400000.0
1998-10-15,'000055,深圳方大,24.49,24.89,24.38,24.89,24.92,-0.43,-1.7255,0.2221,62190,1521177.8,3428600000.0,685720000.0
1998-10-14,'000055,深圳方大,24.92,25.99,24.35,24.35,24.35,0.57,2.3409,0.2279,63800,1591693.6,3488800000.0,697760000.0
1998-10-13,'000055,深圳方大,24.35,24.5,24.05,24.5,24.42,-0.07,-0.2867,0.2232,62500,1516533.0,3409000000.0,681800000.0
1998-10-12,'000055,深圳方大,24.42,24.88,24.1,24.1,24.98,-0.56,-2.2418,0.3213,89960,2183237.0,3418800000.0,683760000.0
1998-10-09,'000055,深圳方大,0.0,0.0,0.0,0.0,24.98,None,None,0.0,0,0.0,3497200000.0,699440000.0
1998-10-08,'000055,深圳方大,0.0,0.0,0.0,0.0,24.98,None,None,0.0,0,0.0,3497200000.0,699440000.0
1998-10-07,'000055,深圳方大,24.98,25.3,24.88,25.3,25.01,-0.03,-0.12,0.1259,35250,882502.6,3497200000.0,699440000.0
1998-10-06,'000055,深圳方大,25.01,25.45,24.93,25.45,25.18,-0.17,-0.6751,0.1975,55310,1384855.3,3501400000.0,700280000.0
1998-10-05,'000055,深圳方大,25.18,25.5,24.8,25.5,25.53,-0.35,-1.3709,0.1461,40903,1020962.4,3525200000.0,705040000.0
1998-09-30,'000055,深圳方大,25.53,26.0,24.82,24.83,24.89,0.64,2.5713,0.3674,102880,2596799.52,3574200000.0,714840000.0
1998-09-29,'000055,深圳方大,24.89,25.01,24.82,24.9,24.99,-0.1,-0.4002,0.1009,28260,703961.6,3484600000.0,696920000.0
1998-09-28,'000055,深圳方大,24.99,25.2,24.81,25.2,25.0,-0.01,-0.04,0.1325,37100,927523.6,3498600000.0,699720000.0
1998-09-25,'000055,深圳方大,25.0,25.12,24.3,24.81,24.81,0.19,0.7658,0.1209,33850,841592.0,3500000000.0,700000000.0
1998-09-24,'000055,深圳方大,24.81,25.28,24.6,25.0,25.11,-0.3,-1.1947,0.4107,115000,2871913.2,3473400000.0,694680000.0
1998-09-23,'000055,深圳方大,25.11,25.52,25.0,25.52,25.1,0.01,0.0398,0.3918,109713,2747743.0,3515400000.0,703080000.0
1998-09-22,'000055,深圳方大,25.1,25.9,24.56,24.6,24.86,0.24,0.9654,0.4021,112600,2839903.0,3514000000.0,702800000.0
1998-09-21,'000055,深圳方大,24.86,24.86,23.97,24.1,24.4,0.46,1.8852,0.2693,75400,1819201.0,3480400000.0,696080000.0
1998-09-18,'000055,深圳方大,24.4,24.96,24.2,24.88,24.95,-0.55,-2.2044,0.2464,69000,1705635.2,3416000000.0,683200000.0
1998-09-17,'000055,深圳方大,24.95,25.56,24.9,25.51,25.45,-0.5,-1.9646,0.5264,147400,3706759.0,3493000000.0,698600000.0
1998-09-16,'000055,深圳方大,25.45,25.8,25.12,25.39,25.43,0.02,0.0786,0.2497,69921,1773186.71,3563000000.0,712600000.0
1998-09-15,'000055,深圳方大,25.43,25.95,25.3,25.95,25.8,-0.37,-1.4341,0.3122,87402,2228238.6,3560200000.0,712040000.0
1998-09-14,'000055,深圳方大,25.8,26.0,25.51,25.98,25.98,-0.18,-0.6928,0.3062,85749,2209575.11,3612000000.0,722400000.0
1998-09-11,'000055,深圳方大,25.98,26.5,25.5,25.53,25.41,0.57,2.2432,0.7071,198000,5155151.5,3637200000.0,727440000.0
1998-09-10,'000055,深圳方大,25.41,25.88,24.98,25.08,24.95,0.46,1.8437,0.7449,208570,5306965.6,3557400000.0,711480000.0
1998-09-09,'000055,深圳方大,24.95,25.0,24.6,24.79,24.81,0.14,0.5643,0.1954,54709,1354713.3,3493000000.0,698600000.0
1998-09-08,'000055,深圳方大,24.81,25.4,24.75,25.11,25.12,-0.31,-1.2341,0.1831,51260,1279228.8,3473400000.0,694680000.0
1998-09-07,'000055,深圳方大,25.12,25.28,24.56,24.79,24.62,0.5,2.0309,0.2174,60870,1515561.0,3516800000.0,703360000.0
1998-09-04,'000055,深圳方大,24.62,24.75,24.46,24.55,24.4,0.22,0.9016,0.1982,55493,1365303.1,3446800000.0,689360000.0
1998-09-03,'000055,深圳方大,24.4,24.85,24.1,24.85,24.49,-0.09,-0.3675,0.1082,30300,737890.85,3416000000.0,683200000.0
1998-09-02,'000055,深圳方大,24.49,24.5,24.1,24.38,24.4,0.09,0.3689,0.086,24070,585302.0,3428600000.0,685720000.0
1998-09-01,'000055,深圳方大,24.4,24.85,24.0,24.5,24.99,-0.59,-2.3609,0.308,86230,2105912.1,3416000000.0,683200000.0
1998-08-31,'000055,深圳方大,24.99,25.1,23.05,24.17,24.45,0.54,2.2086,0.6174,172880,4227645.0,3498600000.0,699720000.0
1998-08-28,'000055,深圳方大,24.45,24.94,24.3,24.94,24.65,-0.2,-0.8114,0.1393,39000,957230.7,3423000000.0,684600000.0
1998-08-27,'000055,深圳方大,24.65,25.36,24.6,25.36,25.0,-0.35,-1.4,0.3786,106000,2622884.0,3451000000.0,690200000.0
1998-08-26,'000055,深圳方大,25.0,25.58,24.96,25.01,25.13,-0.13,-0.5173,0.2296,64300,1611227.0,3500000000.0,700000000.0
1998-08-25,'000055,深圳方大,25.13,25.4,25.0,25.28,25.72,-0.59,-2.2939,0.3371,94400,2372808.0,3518200000.0,703640000.0
1998-08-24,'000055,深圳方大,25.72,25.85,25.0,25.3,25.65,0.07,0.2729,0.2579,72218,1837478.5,3600800000.0,720160000.0
1998-08-21,'000055,深圳方大,25.65,25.7,24.67,24.9,24.89,0.76,3.0534,0.5239,146688,3704634.69,3591000000.0,718200000.0
1998-08-20,'000055,深圳方大,24.89,25.06,24.2,24.8,24.49,0.4,1.6333,0.9687,271225,6663650.35,3484600000.0,696920000.0
1998-08-19,'000055,深圳方大,24.49,24.5,23.7,23.89,23.2,1.29,5.5603,0.3388,94860,2290635.2,3428600000.0,685720000.0
1998-08-18,'000055,深圳方大,23.2,24.99,23.0,23.4,23.8,-0.6,-2.521,0.7742,216788,5106776.0,3248000000.0,649600000.0
1998-08-17,'000055,深圳方大,23.8,26.0,23.7,26.0,26.24,-2.44,-9.2988,0.5648,158150,3890505.25,3332000000.0,666400000.0
1998-08-14,'000055,深圳方大,26.24,28.0,26.2,26.6,26.65,-0.41,-1.5385,0.3691,103347,2755065.36,3673600000.0,734720000.0
1998-08-13,'000055,深圳方大,26.65,27.0,25.9,27.0,26.8,-0.15,-0.5597,0.485,135800,3598751.0,3731000000.0,746200000.0
1998-08-12,'000055,深圳方大,26.8,28.29,25.55,28.0,28.19,-1.39,-4.9308,1.0327,289147,7823192.1,3752000000.0,750400000.0
1998-08-11,'000055,深圳方大,28.19,28.65,28.0,28.1,28.2,-0.01,-0.0355,1.052,294547,8306361.18,3946600000.0,789320000.0
1998-08-10,'000055,深圳方大,28.2,28.85,28.0,28.1,28.75,-0.55,-1.913,0.7824,219080,6208276.74,3948000000.0,789600000.0
1998-08-07,'000055,深圳方大,28.75,29.2,28.0,28.28,28.71,0.04,0.1393,1.6685,467189,13322256.0,4025000000.0,805000000.0
1998-08-06,'000055,深圳方大,28.71,28.8,28.14,28.14,28.47,0.24,0.843,1.6655,466339,13275487.75,4019400000.0,803880000.0
1998-08-05,'000055,深圳方大,28.47,28.86,28.0,28.28,28.44,0.03,0.1055,1.3754,385100,10935662.0,3985800000.0,797160000.0
1998-08-04,'000055,深圳方大,28.44,28.55,28.0,28.31,28.45,-0.01,-0.0351,1.4574,408064,11511721.14,3981600000.0,796320000.0
1998-08-03,'000055,深圳方大,28.45,29.18,28.2,29.18,29.38,-0.93,-3.1654,1.423,398449,11364681.03,3983000000.0,796600000.0
1998-07-31,'000055,深圳方大,29.38,29.5,28.61,29.5,29.39,-0.01,-0.034,3.3869,948337,27475843.35,4113200000.0,822640000.0
1998-07-30,'000055,深圳方大,29.39,29.51,28.88,29.21,29.08,0.31,1.066,5.8,1624009,47453020.65,4114600000.0,822920000.0
1998-07-29,'000055,深圳方大,29.08,29.1,27.24,27.24,27.9,1.18,4.2294,11.8967,3331067,92770252.75,4071200000.0,814240000.0
1998-07-28,'000055,深圳方大,27.9,28.47,26.9,26.9,27.21,0.69,2.5358,7.7937,2182248,59685013.79,3906000000.0,781200000.0
1998-07-27,'000055,深圳方大,27.21,27.47,26.6,26.8,26.99,0.22,0.8151,4.1607,1165002,31561063.15,3809400000.0,761880000.0
1998-07-24,'000055,深圳方大,26.99,27.0,26.3,26.3,26.5,0.49,1.8491,1.1138,311857,8349332.13,3778600000.0,755720000.0
1998-07-23,'000055,深圳方大,26.5,26.5,25.8,26.0,26.38,0.12,0.4549,0.5067,141873,3717762.4,3710000000.0,742000000.0
1998-07-22,'000055,深圳方大,26.38,26.38,25.61,26.14,26.4,-0.02,-0.0758,0.33,92400,2397707.96,3693200000.0,738640000.0
1998-07-21,'000055,深圳方大,26.4,26.6,25.3,25.9,25.98,0.42,1.6166,0.8437,236240,6100062.16,3696000000.0,739200000.0
1998-07-20,'000055,深圳方大,25.98,26.36,25.65,26.36,26.34,-0.36,-1.3667,0.8614,241180,6274624.0,3637200000.0,727440000.0
1998-07-17,'000055,深圳方大,26.34,26.95,26.0,26.95,26.94,-0.6,-2.2272,0.6129,171600,4533191.5,3687600000.0,737520000.0
1998-07-16,'000055,深圳方大,26.94,27.05,26.6,26.81,27.09,-0.15,-0.5537,0.2732,76500,2044281.0,3771600000.0,754320000.0
1998-07-15,'000055,深圳方大,27.09,27.18,26.83,27.1,27.24,-0.15,-0.5507,0.2618,73300,1979128.0,3792600000.0,758520000.0
1998-07-14,'000055,深圳方大,27.24,27.5,26.85,27.5,27.6,-0.36,-1.3043,0.3261,91320,2486037.0,3813600000.0,762720000.0
1998-07-13,'000055,深圳方大,27.6,27.8,27.0,27.3,27.0,0.6,2.2222,1.0863,304156,8370519.76,3864000000.0,772800000.0
1998-07-10,'000055,深圳方大,27.0,27.3,26.7,27.3,27.07,-0.07,-0.2586,0.389,108920,2933532.6,3780000000.0,756000000.0
1998-07-09,'000055,深圳方大,27.07,27.3,26.7,27.0,27.22,-0.15,-0.5511,0.4088,114451,3095012.8,3789800000.0,757960000.0
1998-07-08,'000055,深圳方大,27.22,27.4,26.7,27.0,27.13,0.09,0.3317,0.3972,111226,3015924.16,3810800000.0,762160000.0
1998-07-07,'000055,深圳方大,27.13,27.47,26.65,27.27,27.26,-0.13,-0.4769,0.4543,127200,3425459.0,3798200000.0,759640000.0
1998-07-06,'000055,深圳方大,27.26,27.99,27.15,27.3,28.19,-0.93,-3.299,0.5336,149400,4093406.0,3816400000.0,763280000.0
1998-07-03,'000055,深圳方大,28.19,28.9,27.08,27.08,27.35,0.84,3.0713,2.8386,794820,22105057.93,3946600000.0,789320000.0
1998-07-02,'000055,深圳方大,27.35,27.36,26.66,26.8,27.22,0.13,0.4776,0.7286,203999,5509263.49,3829000000.0,765800000.0
1998-07-01,'000055,深圳方大,27.22,27.5,26.7,26.8,26.9,0.32,1.1896,0.7109,199040,5372831.8,3810800000.0,762160000.0
1998-06-30,'000055,深圳方大,26.9,26.9,26.19,26.78,26.84,0.06,0.2235,0.272,76160,2021235.2,3766000000.0,753200000.0
1998-06-29,'000055,深圳方大,26.84,27.1,26.48,26.87,26.83,0.01,0.0373,0.4029,112800,3018019.7,3757600000.0,751520000.0
1998-06-26,'000055,深圳方大,26.83,26.9,26.3,26.35,26.95,-0.12,-0.4453,0.1936,54210,1447946.4,3756200000.0,751240000.0
1998-06-25,'000055,深圳方大,26.95,27.0,26.12,27.0,26.77,0.18,0.6724,0.445,124603,3308987.21,3773000000.0,754600000.0
1998-06-24,'000055,深圳方大,26.77,27.5,26.6,27.4,27.27,-0.5,-1.8335,0.7146,200099,5381482.64,3747800000.0,749560000.0
1998-06-23,'000055,深圳方大,27.27,27.5,26.81,27.18,27.57,-0.3,-1.0881,0.8268,231500,6299138.63,3817800000.0,763560000.0
1998-06-22,'000055,深圳方大,27.57,27.77,26.51,26.98,27.0,0.57,2.1111,1.3943,390407,10561647.71,3859800000.0,771960000.0
1998-06-19,'000055,深圳方大,27.0,27.2,26.3,27.2,26.86,0.14,0.5212,0.9711,271900,7262372.0,3780000000.0,756000000.0
1998-06-18,'000055,深圳方大,26.86,27.0,26.5,26.74,26.86,0.0,0.0,0.2484,69550,1854351.79,3760400000.0,752080000.0
1998-06-17,'000055,深圳方大,26.86,27.2,26.5,27.2,26.88,-0.02,-0.0744,0.3605,100950,2693362.0,3760400000.0,752080000.0
1998-06-16,'000055,深圳方大,26.88,27.3,26.2,27.08,27.06,-0.18,-0.6652,0.2289,64100,1711082.78,3763200000.0,752640000.0
1998-06-15,'000055,深圳方大,27.06,27.45,26.65,27.4,27.39,-0.33,-1.2048,0.5282,147900,3993835.15,3788400000.0,757680000.0
1998-06-12,'000055,深圳方大,27.39,27.8,27.16,27.16,27.1,0.29,1.0701,0.6816,190840,5234085.85,3834600000.0,766920000.0
1998-06-11,'000055,深圳方大,27.1,27.98,27.05,27.38,27.38,-0.28,-1.0226,0.3439,96300,2620732.0,3794000000.0,758800000.0
1998-06-10,'000055,深圳方大,27.38,27.9,27.3,27.8,27.95,-0.57,-2.0394,0.4194,117421,3234544.56,3833200000.0,766640000.0
1998-06-09,'000055,深圳方大,27.95,28.0,26.8,27.5,27.82,0.13,0.4673,0.9558,267610,7299881.5,3913000000.0,782600000.0
1998-06-08,'000055,深圳方大,27.82,28.3,27.6,28.08,28.03,-0.21,-0.7492,1.0689,299293,8396131.48,3894800000.0,778960000.0
1998-06-05,'000055,深圳方大,28.03,28.1,27.4,27.45,27.45,0.58,2.1129,1.6212,453945,12576662.8,3924200000.0,784840000.0
1998-06-04,'000055,深圳方大,27.45,28.15,27.35,27.9,27.95,-0.5,-1.7889,0.7582,212303,5888937.0,3843000000.0,768600000.0
1998-06-03,'000055,深圳方大,27.95,28.5,27.2,28.18,28.49,-0.54,-1.8954,1.2802,358456,10042746.88,3913000000.0,782600000.0
1998-06-02,'000055,深圳方大,28.49,29.06,28.0,29.06,28.9,-0.41,-1.4187,1.8639,521882,14795452.76,3988600000.0,797720000.0
1998-06-01,'000055,深圳方大,28.9,28.96,27.18,27.18,27.35,1.55,5.6673,6.6679,1867017,52973554.87,4046000000.0,809200000.0
1998-05-29,'000055,深圳方大,27.35,27.57,27.0,27.51,27.48,-0.13,-0.4731,2.7574,772063,20979240.5,3829000000.0,765800000.0
1998-05-28,'000055,深圳方大,27.48,27.6,26.2,26.2,26.02,1.46,5.6111,5.4185,1517183,41250541.1,3847200000.0,769440000.0
1998-05-27,'000055,深圳方大,26.02,26.2,25.45,26.15,26.15,-0.13,-0.4971,0.7432,208100,5351026.3,3642800000.0,728560000.0
1998-05-26,'000055,深圳方大,26.15,26.58,26.03,26.58,26.38,-0.23,-0.8719,0.3817,106876,2792973.6,3661000000.0,732200000.0
1998-05-25,'000055,深圳方大,26.38,26.58,26.11,26.3,26.35,0.03,0.1139,0.5841,163547,4293250.19,3693200000.0,738640000.0
1998-05-22,'000055,深圳方大,26.35,27.13,26.0,26.7,26.7,-0.35,-1.3109,0.3943,110416,2924892.4,3689000000.0,737800000.0
1998-05-21,'000055,深圳方大,26.7,27.23,26.3,26.67,26.96,-0.26,-0.9644,0.3507,98200,2609207.38,3738000000.0,747600000.0
1998-05-20,'000055,深圳方大,26.96,26.99,26.1,26.45,26.27,0.69,2.6266,0.4117,115262,3059683.72,3774400000.0,754880000.0
1998-05-19,'000055,深圳方大,26.27,26.7,26.26,26.38,26.8,-0.53,-1.9776,0.2464,69000,1820157.0,3677800000.0,735560000.0
1998-05-18,'000055,深圳方大,26.8,26.95,26.0,26.9,27.0,-0.2,-0.7407,0.4406,123360,3279426.5,3752000000.0,750400000.0
1998-05-15,'000055,深圳方大,27.0,27.6,26.8,26.9,26.81,0.19,0.7087,0.6709,187855,5065835.75,3780000000.0,756000000.0
1998-05-14,'000055,深圳方大,26.81,27.0,26.6,26.8,26.8,0.01,0.0373,0.3396,95100,2549425.5,3753400000.0,750680000.0
1998-05-13,'000055,深圳方大,26.8,28.0,26.6,26.6,26.67,0.13,0.4874,0.3839,107499,2889021.35,3752000000.0,750400000.0
1998-05-12,'000055,深圳方大,26.67,27.4,26.05,27.0,27.55,-0.88,-3.1942,0.7813,218755,5830276.42,3733800000.0,746760000.0
1998-05-11,'000055,深圳方大,27.55,28.1,27.13,27.5,27.82,-0.27,-0.9705,0.6998,195930,5388866.4,3857000000.0,771400000.0
1998-05-08,'000055,深圳方大,27.82,27.99,26.8,26.94,26.95,0.87,3.2282,2.7535,770974,21306361.54,3894800000.0,778960000.0
1998-05-07,'000055,深圳方大,26.95,27.68,26.9,27.5,27.68,-0.73,-2.6373,0.8575,240100,6530338.92,3773000000.0,754600000.0
1998-05-06,'000055,深圳方大,27.68,28.0,27.55,28.0,28.22,-0.54,-1.9135,2.0279,567800,15717691.75,3875200000.0,775040000.0
1998-05-05,'000055,深圳方大,28.22,28.4,26.91,27.5,27.72,0.5,1.8038,1.6986,475600,13333024.34,3950800000.0,790160000.0
1998-05-04,'000055,深圳方大,27.72,28.38,27.66,27.75,27.75,-0.03,-0.1081,1.2414,347590,9679142.75,3880800000.0,776160000.0
1998-04-30,'000055,深圳方大,0.0,0.0,0.0,0.0,27.75,None,None,0.0,0,0.0,3885000000.0,777000000.0
1998-04-29,'000055,深圳方大,27.75,27.86,26.87,27.45,27.49,0.26,0.9458,2.1905,613352,16827166.47,3885000000.0,777000000.0
1998-04-28,'000055,深圳方大,27.49,27.76,25.9,26.5,26.21,1.28,4.8836,3.7184,1041144,28433090.42,3848600000.0,769720000.0
1998-04-27,'000055,深圳方大,26.21,26.5,25.52,25.8,25.7,0.51,1.9844,1.0555,295550,7660304.56,3669400000.0,733880000.0
1998-04-24,'000055,深圳方大,25.7,26.2,25.65,25.85,26.09,-0.39,-1.4948,0.5034,140948,3647611.2,3598000000.0,719600000.0
1998-04-23,'000055,深圳方大,26.09,26.55,25.75,26.51,26.63,-0.54,-2.0278,0.7228,202395,5272306.25,3652600000.0,730520000.0
1998-04-22,'000055,深圳方大,26.63,26.99,25.6,25.6,26.18,0.45,1.7189,1.8593,520602,13857716.48,3728200000.0,745640000.0
1998-04-21,'000055,深圳方大,26.18,26.39,25.1,26.0,26.28,-0.1,-0.3805,0.5518,154500,4002806.0,3665200000.0,733040000.0
1998-04-20,'000055,深圳方大,26.28,26.3,25.37,25.88,26.48,-0.2,-0.7553,0.8324,233067,6020371.13,3679200000.0,735840000.0
1998-04-17,'000055,深圳方大,26.48,26.6,25.3,26.2,26.58,-0.1,-0.3762,1.7265,483407,12544572.94,3707200000.0,741440000.0
1998-04-16,'000055,深圳方大,26.58,26.8,25.41,25.41,25.67,0.91,3.545,3.534,989517,26055896.19,3721200000.0,744240000.0
1998-04-15,'000055,深圳方大,25.67,26.1,25.5,25.95,25.95,-0.28,-1.079,1.0579,296220,7623287.41,3593800000.0,718760000.0
1998-04-14,'000055,深圳方大,25.95,26.2,25.77,25.99,26.21,-0.26,-0.992,1.4015,392429,10175328.65,3633000000.0,726600000.0
1998-04-13,'000055,深圳方大,26.21,27.1,25.96,27.0,26.78,-0.57,-2.1285,2.7931,782080,20727234.86,3669400000.0,733880000.0
1998-04-10,'000055,深圳方大,26.78,27.0,26.01,26.01,26.03,0.75,2.8813,2.7995,783872,20943862.26,3749200000.0,749840000.0
1998-04-09,'000055,深圳方大,26.03,26.26,25.32,25.85,25.72,0.31,1.2053,2.8424,795878,20587614.1,3644200000.0,728840000.0
1998-04-08,'000055,深圳方大,25.72,26.25,25.48,25.5,25.34,0.38,1.4996,3.5581,996265,25903575.65,3600800000.0,720160000.0
1998-04-07,'000055,深圳方大,25.34,26.3,24.0,25.0,25.3,0.04,0.1581,4.0514,1134384,29237987.92,3547600000.0,709520000.0
1998-04-06,'000055,深圳方大,25.3,25.3,24.66,25.2,25.17,0.13,0.5165,3.0138,843856,20981266.25,3542000000.0,708400000.0
1998-04-03,'000055,深圳方大,25.17,25.38,24.81,25.3,25.12,0.05,0.199,2.814,787926,19825509.73,3523800000.0,704760000.0
1998-04-02,'000055,深圳方大,25.12,25.6,24.9,25.0,25.13,-0.01,-0.0398,2.8581,800255,20168802.22,3516800000.0,703360000.0
1998-04-01,'000055,深圳方大,25.13,25.31,24.53,25.31,24.86,0.27,1.0861,2.7022,756607,18851555.49,3518200000.0,703640000.0
1998-03-31,'000055,深圳方大,24.86,25.1,24.63,25.05,25.03,-0.17,-0.6792,2.4369,682326,16971036.55,3480400000.0,696080000.0
1998-03-30,'000055,深圳方大,25.03,25.55,23.5,24.47,24.26,0.77,3.1739,7.3872,2068418,51899623.18,3504200000.0,700840000.0
1998-03-27,'000055,深圳方大,24.26,24.35,22.8,23.0,23.23,1.03,4.4339,5.6134,1571763,37586184.29,3396400000.0,679280000.0
1998-03-26,'000055,深圳方大,23.23,23.64,21.1,21.5,21.49,1.74,8.0968,10.7305,3004539,69412455.17,3252200000.0,650440000.0
1998-03-25,'000055,深圳方大,21.49,22.0,20.05,20.98,22.12,-0.63,-2.8481,4.7793,1338209,28347415.31,3008600000.0,601720000.0
1998-03-24,'000055,深圳方大,22.12,22.7,21.76,22.1,21.83,0.29,1.3284,1.3007,364200,8098656.08,3096800000.0,619360000.0
1998-03-23,'000055,深圳方大,21.83,22.77,21.6,22.0,22.0,-0.17,-0.7727,1.6938,474250,10441788.7,3056200000.0,611240000.0
1998-03-20,'000055,深圳方大,22.0,22.5,21.8,22.4,22.04,-0.04,-0.1815,1.1003,308087,6824335.67,3080000000.0,616000000.0
1998-03-19,'000055,深圳方大,22.04,22.8,22.0,22.7,22.51,-0.47,-2.088,1.5771,441600,9857629.0,3085600000.0,617120000.0
1998-03-18,'000055,深圳方大,22.51,23.01,21.8,21.9,21.62,0.89,4.1166,3.9506,1106175,25108606.61,3151400000.0,630280000.0
1998-03-17,'000055,深圳方大,21.62,21.88,20.9,21.5,21.19,0.43,2.0293,4.2309,1184640,25316902.0,3026800000.0,605360000.0
1998-03-16,'000055,深圳方大,21.19,21.5,21.0,21.2,21.0,0.19,0.9048,1.5446,432488,9150202.56,2966600000.0,593320000.0
1998-03-13,'000055,深圳方大,21.0,21.1,20.7,21.08,20.81,0.19,0.913,1.1335,317381,6624870.64,2940000000.0,588000000.0
1998-03-12,'000055,深圳方大,20.81,21.49,20.78,21.0,21.13,-0.32,-1.5144,1.84,515200,10790327.0,2913400000.0,582680000.0
1998-03-11,'000055,深圳方大,21.13,21.9,21.08,21.29,21.39,-0.26,-1.2155,2.3079,646200,13879775.96,2958200000.0,591640000.0
1998-03-10,'000055,深圳方大,21.39,21.8,21.2,21.78,21.42,-0.03,-0.1401,2.082,582960,12490709.6,2994600000.0,598920000.0
1998-03-09,'000055,深圳方大,21.42,21.5,20.68,21.19,21.23,0.19,0.895,1.5867,444262,9397502.22,2998800000.0,599760000.0
1998-03-06,'000055,深圳方大,21.23,21.6,21.1,21.3,21.7,-0.47,-2.1659,0.9935,278188,5943840.8,2972200000.0,594440000.0
1998-03-05,'000055,深圳方大,21.7,22.32,21.4,22.32,22.32,-0.62,-2.7778,1.2354,345900,7576622.0,3038000000.0,607600000.0
1998-03-04,'000055,深圳方大,22.32,22.32,21.51,21.51,21.58,0.74,3.4291,1.9401,543228,11878990.98,3124800000.0,624960000.0
1998-03-03,'000055,深圳方大,21.58,21.6,20.75,21.16,20.89,0.69,3.303,2.0755,581150,12250054.18,3021200000.0,604240000.0
1998-03-02,'000055,深圳方大,20.89,21.39,20.5,21.0,21.39,-0.5,-2.3375,1.7353,485890,10125994.0,2924600000.0,584920000.0
1998-02-27,'000055,深圳方大,21.39,22.2,21.38,22.01,22.01,-0.62,-2.8169,0.4432,124094,2690292.59,2994600000.0,598920000.0
1998-02-26,'000055,深圳方大,22.01,22.4,21.5,21.6,21.5,0.51,2.3721,0.4309,120662,2639855.57,3081400000.0,616280000.0
1998-02-25,'000055,深圳方大,21.5,21.9,21.35,21.55,21.71,-0.21,-0.9673,0.3164,88600,1907697.0,3010000000.0,602000000.0
1998-02-24,'000055,深圳方大,21.71,22.2,21.65,22.2,22.15,-0.44,-1.9865,0.4466,125050,2725684.0,3039400000.0,607880000.0
1998-02-23,'000055,深圳方大,22.15,22.5,21.9,22.5,22.6,-0.45,-1.9912,0.4446,124480,2747720.5,3101000000.0,620200000.0
1998-02-20,'000055,深圳方大,22.6,22.98,22.5,22.81,22.6,0.0,0.0,0.665,186200,4220159.1,3164000000.0,632800000.0
1998-02-19,'000055,深圳方大,22.6,22.9,22.45,22.9,22.65,-0.05,-0.2208,0.4484,125550,2833645.0,3164000000.0,632800000.0
1998-02-18,'000055,深圳方大,22.65,22.94,22.48,22.85,22.8,-0.15,-0.6579,0.5589,156500,3542488.0,3171000000.0,634200000.0
1998-02-17,'000055,深圳方大,22.8,23.1,22.7,22.78,22.8,0.0,0.0,0.56,156799,3584131.28,3192000000.0,638400000.0
1998-02-16,'000055,深圳方大,22.8,23.3,22.65,22.8,23.1,-0.3,-1.2987,0.5029,140798,3210981.84,3192000000.0,638400000.0
1998-02-13,'000055,深圳方大,23.1,23.35,22.7,22.79,22.88,0.22,0.9615,0.2862,80130,1843526.7,3234000000.0,646800000.0
1998-02-12,'000055,深圳方大,22.88,23.2,22.8,23.0,22.99,-0.11,-0.4785,0.3924,109860,2517693.0,3203200000.0,640640000.0
1998-02-11,'000055,深圳方大,22.99,23.49,22.7,22.8,22.99,0.0,0.0,0.3384,94750,2180123.0,3218600000.0,643720000.0
1998-02-10,'000055,深圳方大,22.99,23.8,22.89,23.8,23.71,-0.72,-3.0367,0.6105,170950,3947455.0,3218600000.0,643720000.0
1998-02-09,'000055,深圳方大,23.71,25.1,23.58,25.1,23.45,0.26,1.1087,0.5868,164300,3932274.8,3319400000.0,663880000.0
1998-01-23,'000055,深圳方大,23.45,23.58,23.2,23.36,23.3,0.15,0.6438,0.3627,101550,2377182.5,3283000000.0,656600000.0
1998-01-22,'000055,深圳方大,23.3,23.36,22.6,23.0,22.89,0.41,1.7912,0.4125,115490,2658609.2,3262000000.0,652400000.0
1998-01-21,'000055,深圳方大,22.89,23.08,22.0,22.5,22.78,0.11,0.4829,0.5253,147090,3337130.5,3204600000.0,640920000.0
1998-01-20,'000055,深圳方大,22.78,23.5,22.5,23.1,23.35,-0.57,-2.4411,0.5521,154600,3551005.0,3189200000.0,637840000.0
1998-01-19,'000055,深圳方大,23.35,23.7,23.0,23.59,23.76,-0.41,-1.7256,0.573,160430,3754105.2,3269000000.0,653800000.0
1998-01-16,'000055,深圳方大,23.76,23.98,23.5,23.7,23.6,0.16,0.678,0.604,169110,4014920.5,3326400000.0,665280000.0
1998-01-15,'000055,深圳方大,23.6,24.2,23.3,23.3,23.2,0.4,1.7241,0.871,243881,5774488.97,3304000000.0,660800000.0
1998-01-14,'000055,深圳方大,23.2,23.78,22.9,23.01,23.14,0.06,0.2593,1.9289,540091,12579677.95,3248000000.0,649600000.0
1998-01-13,'000055,深圳方大,23.14,24.49,22.44,24.2,24.93,-1.79,-7.1801,2.2061,617701,14353303.84,3239600000.0,647920000.0
1998-01-12,'000055,深圳方大,24.93,25.5,24.63,25.0,24.65,0.28,1.1359,1.9847,555710,13943623.76,3490200000.0,698040000.0
1998-01-09,'000055,深圳方大,24.65,24.8,24.0,24.4,24.55,0.1,0.4073,1.6686,467217,11365390.85,3451000000.0,690200000.0
1998-01-08,'000055,深圳方大,24.55,25.2,24.5,24.9,24.94,-0.39,-1.5638,1.3844,387620,9619981.33,3437000000.0,687400000.0
1998-01-07,'000055,深圳方大,24.94,25.25,24.7,25.25,25.29,-0.35,-1.3839,1.1683,327110,8165059.74,3491600000.0,698320000.0
1998-01-06,'000055,深圳方大,25.29,26.0,24.71,25.16,25.16,0.13,0.5167,2.3169,648738,16506794.82,3540600000.0,708120000.0
1998-01-05,'000055,深圳方大,25.16,25.33,24.16,24.16,24.18,0.98,4.0529,2.6691,747339,18749091.67,3522400000.0,704480000.0
1997-12-31,'000055,深圳方大,24.18,24.2,23.65,23.77,23.78,0.4,1.6821,1.508,422244,10075993.82,3385200000.0,677040000.0
1997-12-30,'000055,深圳方大,23.78,24.2,23.75,24.05,24.06,-0.28,-1.1638,1.0089,282500,6768181.78,3329200000.0,665840000.0
1997-12-29,'000055,深圳方大,24.06,24.47,24.0,24.0,24.1,-0.04,-0.166,1.0211,285900,6907570.25,3368400000.0,673680000.0
1997-12-26,'000055,深圳方大,24.1,25.02,24.02,24.5,24.63,-0.53,-2.1518,1.9754,553100,13493890.04,3374000000.0,674800000.0
1997-12-25,'000055,深圳方大,24.63,24.72,24.38,24.47,24.46,0.17,0.695,1.0585,296390,7276110.47,3448200000.0,689640000.0
1997-12-24,'000055,深圳方大,24.46,25.0,24.33,24.71,24.63,-0.17,-0.6902,1.1264,315399,7736633.4,3424400000.0,684880000.0
1997-12-23,'000055,深圳方大,24.63,25.45,24.53,25.36,25.18,-0.55,-2.1843,1.3329,373200,9234627.9,3448200000.0,689640000.0
1997-12-22,'000055,深圳方大,25.18,25.36,24.0,24.6,24.4,0.78,3.1967,1.8193,509400,12736583.7,3525200000.0,705040000.0
1997-12-19,'000055,深圳方大,24.4,24.64,24.0,24.42,24.42,-0.02,-0.0819,1.3299,372385,9006321.9,3416000000.0,683200000.0
1997-12-18,'000055,深圳方大,24.42,24.83,23.85,24.0,24.35,0.07,0.2875,1.2912,361549,8841144.09,3418800000.0,683760000.0
1997-12-17,'000055,深圳方大,24.35,25.2,24.3,25.2,25.5,-1.15,-4.5098,2.2696,635500,15622831.6,3409000000.0,681800000.0
1997-12-16,'000055,深圳方大,25.5,25.65,24.0,24.47,24.34,1.16,4.7658,4.0815,1142810,28564331.9,3570000000.0,714000000.0
1997-12-15,'000055,深圳方大,24.34,24.38,23.55,24.0,23.85,0.49,2.0545,0.8994,251845,6034345.5,3407600000.0,681520000.0
1997-12-12,'000055,深圳方大,23.85,24.48,23.45,24.16,23.99,-0.14,-0.5836,0.875,245000,5880345.6,3339000000.0,667800000.0
1997-12-11,'000055,深圳方大,23.99,24.0,23.4,24.0,24.06,-0.07,-0.2909,1.0075,282106,6692734.44,3358600000.0,671720000.0
1997-12-10,'000055,深圳方大,24.06,24.5,23.85,24.24,24.0,0.06,0.25,1.1564,323800,7817482.5,3368400000.0,673680000.0
1997-12-09,'000055,深圳方大,24.0,24.31,23.7,24.2,24.13,-0.13,-0.5387,1.3512,378328,9074372.44,3360000000.0,672000000.0
1997-12-08,'000055,深圳方大,24.13,24.65,23.5,23.7,23.15,0.98,4.2333,4.2197,1181514,28526413.29,3378200000.0,675640000.0
1997-12-05,'000055,深圳方大,23.15,24.4,22.69,22.69,22.18,0.97,4.3733,4.0996,1147895,27260743.42,3241000000.0,648200000.0
1997-12-04,'000055,深圳方大,22.18,22.35,21.51,21.65,21.26,0.92,4.3274,0.9789,274099,6059363.98,3105200000.0,621040000.0
1997-12-03,'000055,深圳方大,21.26,21.77,21.2,21.77,21.5,-0.24,-1.1163,0.2193,61400,1312150.9,2976400000.0,595280000.0
1997-12-02,'000055,深圳方大,21.5,21.7,21.4,21.6,21.45,0.05,0.2331,0.1532,42900,924722.0,3010000000.0,602000000.0
1997-12-01,'000055,深圳方大,21.45,21.72,21.36,21.46,21.84,-0.39,-1.7857,0.3,84000,1809109.0,3003000000.0,600600000.0
1997-11-28,'000055,深圳方大,21.84,21.9,20.81,20.81,21.33,0.51,2.391,0.6275,175700,3738521.0,3057600000.0,611520000.0
1997-11-27,'000055,深圳方大,21.33,22.5,21.3,22.19,22.18,-0.85,-3.8323,1.1442,320370,7067600.5,2986200000.0,597240000.0
1997-11-26,'000055,深圳方大,22.18,22.25,20.8,21.0,20.99,1.19,5.6694,1.4665,410625,8992763.95,3105200000.0,621040000.0
1997-11-25,'000055,深圳方大,20.99,21.05,20.31,20.5,20.7,0.29,1.401,0.4641,129940,2680151.2,2938600000.0,587720000.0
1997-11-24,'000055,深圳方大,20.7,21.0,20.6,21.0,21.25,-0.55,-2.5882,0.4835,135379,2809300.56,2898000000.0,579600000.0
1997-11-21,'000055,深圳方大,21.25,21.78,21.1,21.53,21.78,-0.53,-2.4334,0.6146,172100,3684928.0,2975000000.0,595000000.0
1997-11-20,'000055,深圳方大,21.78,22.16,21.78,22.1,22.0,-0.22,-1.0,0.5821,162975,3578316.4,3049200000.0,609840000.0
1997-11-19,'000055,深圳方大,22.0,22.35,21.56,21.56,21.88,0.12,0.5484,0.5246,146900,3238188.0,3080000000.0,616000000.0
1997-11-18,'000055,深圳方大,21.88,22.4,21.8,22.3,22.3,-0.42,-1.8834,0.9277,259750,5696812.35,3063200000.0,612640000.0
1997-11-17,'000055,深圳方大,22.3,23.0,22.0,22.56,22.55,-0.25,-1.1086,0.6952,194650,4366376.62,3122000000.0,624400000.0
1997-11-14,'000055,深圳方大,22.55,22.78,22.0,22.6,22.5,0.05,0.2222,0.6581,184270,4144589.86,3157000000.0,631400000.0
1997-11-13,'000055,深圳方大,22.5,22.5,21.51,22.0,22.3,0.2,0.8969,0.8432,236082,5171155.16,3150000000.0,630000000.0
1997-11-12,'000055,深圳方大,22.3,22.75,22.28,22.75,22.65,-0.35,-1.5453,0.6076,170127,3823331.66,3122000000.0,624400000.0
1997-11-11,'000055,深圳方大,22.65,22.8,22.2,22.5,22.9,-0.25,-1.0917,0.5696,159482,3584123.5,3171000000.0,634200000.0
1997-11-10,'000055,深圳方大,22.9,23.6,22.6,23.35,23.38,-0.48,-2.053,0.7113,199160,4576767.08,3206000000.0,641200000.0
1997-11-07,'000055,深圳方大,23.38,23.9,23.0,23.1,23.1,0.28,1.2121,0.9507,266188,6203679.14,3273200000.0,654640000.0
1997-11-06,'000055,深圳方大,23.1,24.25,22.98,24.21,23.74,-0.64,-2.6959,1.4063,393769,9293637.24,3234000000.0,646800000.0
1997-11-05,'000055,深圳方大,23.74,23.98,23.28,23.3,23.25,0.49,2.1075,0.434,121512,2840005.6,3323600000.0,664720000.0
1997-11-04,'000055,深圳方大,23.25,23.4,22.8,23.0,22.95,0.3,1.3072,0.9076,254114,5852788.71,3255000000.0,651000000.0
1997-11-03,'000055,深圳方大,22.95,23.5,22.71,23.5,23.08,-0.13,-0.5633,0.7322,205005,4710271.65,3213000000.0,642600000.0
1997-10-31,'000055,深圳方大,23.08,23.5,22.41,22.5,23.49,-0.41,-1.7454,1.8814,526802,12104853.92,3231200000.0,646240000.0
1997-10-30,'000055,深圳方大,23.49,24.68,23.4,24.5,23.95,-0.46,-1.9207,3.6873,1032440,24751500.29,3288600000.0,657720000.0
1997-10-29,'000055,深圳方大,23.95,24.5,23.2,23.2,23.0,0.95,4.1304,4.2241,1182753,28159454.4,3353000000.0,670600000.0
1997-10-28,'000055,深圳方大,23.0,24.2,22.2,22.5,22.05,0.95,4.3084,6.7451,1888616,43763978.16,3220000000.0,644000000.0
1997-10-27,'000055,深圳方大,22.05,22.6,21.7,22.5,21.81,0.24,1.1004,1.8353,513870,11426318.6,3087000000.0,617400000.0
1997-10-24,'000055,深圳方大,21.81,22.0,21.5,21.72,21.7,0.11,0.5069,1.4587,408441,8880278.56,3053400000.0,610680000.0
1997-10-23,'000055,深圳方大,21.7,22.25,20.81,21.2,21.3,0.4,1.8779,1.4529,406809,8793066.85,3038000000.0,607600000.0
1997-10-22,'000055,深圳方大,21.3,22.65,20.2,22.2,22.0,-0.7,-3.1818,2.229,624120,13716194.62,2982000000.0,596400000.0
1997-10-21,'000055,深圳方大,22.0,22.05,21.01,21.39,21.47,0.53,2.4686,1.4464,404987,8741347.61,3080000000.0,616000000.0
1997-10-20,'000055,深圳方大,21.47,21.9,21.2,21.2,21.17,0.3,1.4171,2.235,625805,13488567.55,3005800000.0,601160000.0
1997-10-17,'000055,深圳方大,21.17,21.5,20.6,20.89,20.56,0.61,2.9669,1.7788,498070,10537163.9,2963800000.0,592760000.0
1997-10-16,'000055,深圳方大,20.56,20.7,19.1,19.1,19.2,1.36,7.0833,1.6889,472883,9556891.32,2878400000.0,575680000.0
1997-10-15,'000055,深圳方大,19.2,19.39,18.9,18.9,18.9,0.3,1.5873,0.3001,84020,1608968.05,2688000000.0,537600000.0
1997-10-14,'000055,深圳方大,18.9,18.96,18.62,18.7,19.0,-0.1,-0.5263,0.3783,105920,1987067.4,2646000000.0,529200000.0
1997-10-13,'000055,深圳方大,19.0,19.28,18.89,19.28,19.18,-0.18,-0.9385,0.3434,96150,1834404.45,2660000000.0,532000000.0
1997-10-10,'000055,深圳方大,19.18,19.31,18.8,19.0,18.88,0.3,1.589,0.4642,129989,2479001.68,2685200000.0,537040000.0
1997-10-09,'000055,深圳方大,18.88,19.3,18.87,19.08,19.13,-0.25,-1.3068,0.2229,62400,1191943.0,2643200000.0,528640000.0
1997-10-08,'000055,深圳方大,19.13,19.31,18.6,19.0,18.32,0.81,4.4214,0.7003,196090,3735351.05,2678200000.0,535640000.0
1997-10-07,'000055,深圳方大,18.32,18.48,18.05,18.05,18.0,0.32,1.7778,0.3529,98821,1792635.8,2564800000.0,512960000.0
1997-10-06,'000055,深圳方大,18.0,18.5,18.0,18.5,18.2,-0.2,-1.0989,0.1893,53000,965419.0,2520000000.0,504000000.0
1997-09-30,'000055,深圳方大,18.2,18.5,18.0,18.18,17.97,0.23,1.2799,0.3371,94400,1725613.0,2548000000.0,509600000.0
1997-09-29,'000055,深圳方大,17.97,18.3,17.7,18.3,18.2,-0.23,-1.2637,0.405,113400,2032591.0,2515800000.0,503160000.0
1997-09-26,'000055,深圳方大,18.2,18.5,18.01,18.5,18.55,-0.35,-1.8868,0.3198,89540,1629803.0,2548000000.0,509600000.0
1997-09-25,'000055,深圳方大,18.55,19.1,18.5,18.6,18.6,-0.05,-0.2688,0.6496,181900,3411059.28,2597000000.0,519400000.0
1997-09-24,'000055,深圳方大,18.6,18.6,17.5,17.5,17.41,1.19,6.8352,0.8852,247860,4525698.5,2604000000.0,520800000.0
1997-09-23,'000055,深圳方大,17.41,19.0,17.16,19.0,19.02,-1.61,-8.4648,0.8286,232015,4239911.0,2437400000.0,487480000.0
1997-09-22,'000055,深圳方大,19.02,20.4,19.0,20.4,20.4,-1.38,-6.7647,0.6036,169000,3292666.35,2662800000.0,532560000.0
1997-09-19,'000055,深圳方大,20.4,20.6,20.28,20.4,20.38,0.02,0.0981,0.1432,40100,820099.0,2856000000.0,571200000.0
1997-09-18,'000055,深圳方大,20.38,20.52,20.28,20.5,20.3,0.08,0.3941,0.185,51800,1054469.0,2853200000.0,570640000.0
1997-09-17,'000055,深圳方大,20.3,20.6,20.25,20.6,20.49,-0.19,-0.9273,0.1848,51745,1052500.6,2842000000.0,568400000.0
1997-09-16,'000055,深圳方大,20.49,20.6,20.3,20.4,20.35,0.14,0.688,0.2948,82540,1686827.8,2868600000.0,573720000.0
1997-09-15,'000055,深圳方大,20.35,20.9,20.34,20.53,20.7,-0.35,-1.6908,0.4564,127800,2623176.0,2849000000.0,569800000.0
1997-09-12,'000055,深圳方大,20.7,21.39,20.7,21.0,21.11,-0.41,-1.9422,0.4393,123000,2580152.5,2898000000.0,579600000.0
1997-09-11,'000055,深圳方大,21.11,22.0,20.7,20.75,20.7,0.41,1.9807,0.753,210827,4492333.35,2955400000.0,591080000.0
1997-09-10,'000055,深圳方大,20.7,20.99,20.53,20.85,20.9,-0.2,-0.9569,0.5114,143200,2961911.5,2898000000.0,579600000.0
1997-09-09,'000055,深圳方大,20.9,21.3,20.9,21.02,21.02,-0.12,-0.5709,0.3911,109510,2302158.7,2926000000.0,585200000.0
1997-09-08,'000055,深圳方大,21.02,21.38,20.85,21.38,21.43,-0.41,-1.9132,0.5508,154210,3238668.3,2942800000.0,588560000.0
1997-09-05,'000055,深圳方大,21.43,21.89,21.38,21.7,21.77,-0.34,-1.5618,0.3757,105200,2274296.2,3000200000.0,600040000.0
1997-09-04,'000055,深圳方大,21.77,22.28,21.73,22.28,22.15,-0.38,-1.7156,0.5214,146000,3198871.0,3047800000.0,609560000.0
1997-09-03,'000055,深圳方大,22.15,22.15,21.41,21.66,21.4,0.75,3.5047,1.5111,423117,9308676.89,3101000000.0,620200000.0
1997-09-02,'000055,深圳方大,21.4,21.48,21.0,21.38,21.5,-0.1,-0.4651,0.6289,176083,3755407.4,2996000000.0,599200000.0
1997-09-01,'000055,深圳方大,21.5,21.9,20.28,20.7,20.8,0.7,3.3654,0.8697,243522,5031070.75,3010000000.0,602000000.0
1997-08-29,'000055,深圳方大,20.8,21.2,20.7,21.2,21.19,-0.39,-1.8405,0.9132,255700,5317277.2,2912000000.0,582400000.0
1997-08-28,'000055,深圳方大,21.19,21.6,21.07,21.07,21.37,-0.18,-0.8423,0.6744,188821,4012769.55,2966600000.0,593320000.0
1997-08-27,'000055,深圳方大,21.37,21.95,21.31,21.91,22.0,-0.63,-2.8636,0.8359,234060,5049173.09,2991800000.0,598360000.0
1997-08-26,'000055,深方大Ａ,22.0,22.6,21.98,22.39,22.2,-0.2,-0.9009,0.7311,204712,4528162.3,3080000000.0,616000000.0
1997-08-25,'000055,深方大Ａ,22.2,22.5,21.7,22.05,21.91,0.29,1.3236,1.0391,290950,6438144.2,3108000000.0,621600000.0
1997-08-22,'000055,深方大Ａ,21.91,22.6,21.2,21.5,21.4,0.51,2.3832,1.1996,335900,7345878.2,3067400000.0,613480000.0
1997-08-21,'000055,深方大Ａ,21.4,21.48,20.42,20.42,20.53,0.87,4.2377,0.9453,264695,5562099.15,2996000000.0,599200000.0
1997-08-20,'000055,深方大Ａ,20.53,20.9,20.4,20.8,20.5,0.03,0.1463,0.3909,109450,2264185.5,2874200000.0,574840000.0
1997-08-19,'000055,深方大Ａ,20.5,20.9,20.2,20.3,20.45,0.05,0.2445,0.4207,117800,2425800.54,2870000000.0,574000000.0
1997-08-18,'000055,深方大Ａ,20.45,20.65,19.99,20.0,20.42,0.03,0.1469,0.7765,217430,4377771.2,2863000000.0,572600000.0
1997-08-15,'000055,深方大Ａ,20.42,21.15,20.21,20.96,20.96,-0.54,-2.5763,0.8173,228830,4715208.13,2858800000.0,571760000.0
1997-08-14,'000055,深方大Ａ,20.96,20.98,20.0,20.0,20.15,0.81,4.0199,0.8344,233635,4834985.5,2934400000.0,586880000.0
1997-08-13,'000055,深方大Ａ,20.15,21.0,19.7,20.02,20.26,-0.11,-0.5429,1.068,299050,6156674.75,2821000000.0,564200000.0
1997-08-12,'000055,深方大Ａ,20.26,20.4,18.68,20.0,20.58,-0.32,-1.5549,1.7309,484649,9640471.99,2836400000.0,567280000.0
1997-08-11,'000055,深方大Ａ,20.58,22.2,20.51,22.2,22.25,-1.67,-7.5056,1.5202,425650,8915122.6,2881200000.0,576240000.0
1997-08-08,'000055,深方大Ａ,22.25,22.57,21.5,21.58,21.53,0.72,3.3442,0.9795,274270,6069961.9,3115000000.0,623000000.0
1997-08-07,'000055,深方大Ａ,21.53,22.15,21.06,21.97,22.03,-0.5,-2.2696,1.1598,324746,7007841.93,3014200000.0,602840000.0
1997-08-06,'000055,深方大Ａ,22.03,22.71,22.0,22.7,22.79,-0.76,-3.3348,1.0177,284960,6387964.2,3084200000.0,616840000.0
1997-08-05,'000055,深方大Ａ,22.79,23.2,22.75,22.9,23.07,-0.28,-1.2137,0.755,211400,4852111.5,3190600000.0,638120000.0
1997-08-04,'000055,深方大Ａ,23.07,23.69,22.9,23.69,23.68,-0.61,-2.576,0.7255,203150,4683865.0,3229800000.0,645960000.0
1997-08-01,'000055,深方大Ａ,23.68,23.75,23.0,23.5,23.43,0.25,1.067,0.6005,168132,3944505.38,3315200000.0,663040000.0
1997-07-31,'000055,深方大Ａ,23.43,23.82,23.4,23.48,23.32,0.11,0.4717,0.5743,160800,3791976.0,3280200000.0,656040000.0
1997-07-30,'000055,深方大Ａ,23.32,23.4,22.9,22.9,22.83,0.49,2.1463,0.9004,252103,5822499.85,3264800000.0,652960000.0
1997-07-29,'000055,深方大Ａ,22.83,23.2,22.6,22.7,22.95,-0.12,-0.5229,1.0541,295150,6759080.6,3196200000.0,639240000.0
1997-07-28,'000055,深方大Ａ,22.95,24.2,22.8,24.2,24.12,-1.17,-4.8507,1.1739,328700,7649321.2,3213000000.0,642600000.0
1997-07-25,'000055,深方大Ａ,24.12,24.5,24.0,24.0,24.38,-0.26,-1.0664,1.1654,326302,7887976.42,3376800000.0,675360000.0
1997-07-24,'000055,深方大Ａ,24.38,25.2,24.38,25.2,25.35,-0.97,-3.8264,0.8686,243200,5984919.96,3413200000.0,682640000.0
1997-07-23,'000055,深方大Ａ,25.35,25.82,24.7,25.5,25.3,0.05,0.1976,1.4279,399802,10076703.64,3549000000.0,709800000.0
1997-07-22,'000055,深方大Ａ,25.3,25.55,24.0,25.0,25.21,0.09,0.357,1.7307,484601,11981509.97,3542000000.0,708400000.0
1997-07-21,'000055,深方大Ａ,25.21,26.22,25.0,26.2,25.89,-0.68,-2.6265,1.1529,322810,8270242.7,3529400000.0,705880000.0
1997-07-18,'000055,深方大Ａ,25.89,26.05,25.63,26.0,25.92,-0.03,-0.1157,1.6464,460997,11926386.34,3624600000.0,724920000.0
1997-07-17,'000055,深方大Ａ,25.92,26.3,25.3,25.55,25.55,0.37,1.4481,2.7788,778065,20236371.39,3628800000.0,725760000.0
1997-07-16,'000055,深方大Ａ,25.55,25.83,24.7,25.0,25.0,0.55,2.2,2.6861,752114,19209144.63,3577000000.0,715400000.0
1997-07-15,'000055,深方大Ａ,25.0,25.6,24.8,25.31,25.3,-0.3,-1.1858,1.3712,383941,9618786.1,3500000000.0,700000000.0
1997-07-14,'000055,深方大Ａ,25.3,25.8,24.9,25.5,25.28,0.02,0.0791,1.73,484410,12279765.3,3542000000.0,708400000.0
1997-07-11,'000055,深方大Ａ,25.28,25.5,23.35,23.5,23.95,1.33,5.5532,1.7237,482630,11874330.2,3539200000.0,707840000.0
1997-07-10,'000055,深方大Ａ,23.95,24.75,23.8,24.1,24.16,-0.21,-0.8692,0.8968,251100,6134027.8,3353000000.0,670600000.0
1997-07-09,'000055,深方大Ａ,24.16,24.5,23.5,24.5,24.15,0.01,0.0414,0.9849,275769,6616653.75,3382400000.0,676480000.0
1997-07-08,'000055,深方大Ａ,24.15,24.69,22.61,24.11,23.81,0.34,1.428,1.9512,546341,12932468.8,3381000000.0,676200000.0
1997-07-07,'000055,深方大Ａ,23.81,26.15,23.68,26.0,25.9,-2.09,-8.0695,1.8464,517000,12695403.86,3333400000.0,666680000.0
1997-07-04,'000055,深方大Ａ,25.9,26.0,24.15,24.59,25.12,0.78,3.1051,1.5764,441390,11091507.7,3626000000.0,725200000.0
1997-07-03,'000055,深方大Ａ,25.12,26.34,25.1,26.34,26.44,-1.32,-4.9924,2.2203,621671,15830628.1,3516800000.0,703360000.0
1997-07-02,'000055,深方大Ａ,26.44,27.4,24.0,27.0,26.39,0.05,0.1895,3.9836,1115406,29280458.45,3701600000.0,740320000.0
1997-06-27,'000055,深方大Ａ,26.39,27.2,25.7,25.7,25.65,0.74,2.885,7.2251,2023028,54106208.79,3694600000.0,738920000.0
1997-06-26,'000055,深方大Ａ,25.65,25.88,25.35,25.5,25.99,-0.34,-1.3082,2.1458,600821,15397249.94,3591000000.0,718200000.0
1997-06-25,'000055,深方大Ａ,25.99,26.65,25.85,26.29,26.3,-0.31,-1.1787,1.9167,536673,14077614.04,3638600000.0,727720000.0
1997-06-24,'000055,深方大Ａ,26.3,26.48,25.38,26.0,25.79,0.51,1.9775,2.5359,710041,18444660.5,3682000000.0,736400000.0
1997-06-23,'000055,深方大Ａ,25.79,27.04,25.0,26.5,26.05,-0.26,-0.9981,4.1425,1159889,30412248.96,3610600000.0,722120000.0
1997-06-20,'000055,深方大Ａ,26.05,26.18,24.6,25.0,24.45,1.6,6.544,3.8365,1074210,27447841.88,3647000000.0,729400000.0
1997-06-19,'000055,深方大Ａ,24.45,24.9,24.32,24.9,24.68,-0.23,-0.9319,0.965,270206,6636812.06,3423000000.0,684600000.0
1997-06-18,'000055,深方大Ａ,24.68,25.3,24.51,24.7,24.75,-0.07,-0.2828,0.8743,244810,6056266.4,3455200000.0,691040000.0
1997-06-17,'000055,深方大Ａ,24.75,25.68,24.68,25.68,24.68,0.07,0.2836,1.4439,404300,10094752.0,3465000000.0,693000000.0
1997-06-16,'000055,深方大Ａ,24.68,25.45,24.5,24.5,24.47,0.21,0.8582,2.4962,698940,17441465.2,3455200000.0,691040000.0
1997-06-13,'000055,深方大Ａ,24.47,24.58,22.0,22.0,23.09,1.38,5.9766,3.2879,920620,21865835.5,3425800000.0,685160000.0
1997-06-12,'000055,深方大Ａ,23.09,23.7,22.45,22.78,22.91,0.18,0.7857,1.6926,473920,10940199.6,3232600000.0,646520000.0
1997-06-11,'000055,深方大Ａ,22.91,24.29,21.88,24.29,24.31,-1.4,-5.7589,3.4641,969934,22280727.12,3207400000.0,641480000.0
1997-06-10,'000055,深方大Ａ,24.31,25.49,24.0,25.38,25.24,-0.93,-3.6846,1.948,545440,13467984.6,3403400000.0,680680000.0
1997-06-09,'000055,深方大Ａ,25.24,25.5,24.6,24.99,25.09,0.15,0.5978,2.4966,699060,17480270.78,3533600000.0,706720000.0
1997-06-06,'000055,深方大Ａ,25.09,26.0,24.5,25.5,26.64,-1.55,-5.8183,6.0221,1686198,42708608.53,3512600000.0,702520000.0
1997-06-05,'000055,深方大Ａ,26.64,27.08,26.45,26.96,26.86,-0.22,-0.8191,3.9265,1099420,29260553.55,3729600000.0,745920000.0
1997-06-04,'000055,深方大Ａ,26.86,27.98,26.5,27.89,27.58,-0.72,-2.6106,3.8873,1088455,29291277.99,3760400000.0,752080000.0
1997-06-03,'000055,深方大Ａ,27.58,28.1,27.1,27.6,27.59,-0.01,-0.0362,5.7827,1619167,44639106.18,3861200000.0,772240000.0
1997-06-02,'000055,深方大Ａ,27.59,28.08,26.91,27.2,26.79,0.8,2.9862,6.8532,1918886,53027565.51,3862600000.0,772520000.0
1997-05-30,'000055,深方大Ａ,26.79,26.85,26.0,26.1,26.25,0.54,2.0571,2.4458,684818,18155412.75,3750600000.0,750120000.0
1997-05-29,'000055,深方大Ａ,26.25,27.2,25.5,25.5,26.21,0.04,0.1526,3.8087,1066428,28287329.61,3675000000.0,735000000.0
1997-05-28,'000055,深方大Ａ,26.21,26.95,26.0,26.5,26.7,-0.49,-1.8352,3.3499,937978,24759229.59,3669400000.0,733880000.0
1997-05-27,'000055,深方大Ａ,26.7,27.35,26.21,26.85,26.3,0.4,1.5209,7.2438,2028270,54329420.8,3738000000.0,747600000.0
1997-05-26,'000055,深方大Ａ,26.3,26.7,24.01,25.1,24.74,1.56,6.3056,5.6327,1577155,40426505.74,3682000000.0,736400000.0
1997-05-23,'000055,深方大Ａ,24.74,25.0,23.65,23.7,23.5,1.24,5.2766,3.9639,1109890,27297327.44,3463600000.0,692720000.0
1997-05-22,'000055,深方大Ａ,23.5,25.3,23.49,23.49,26.1,-2.6,-9.9617,6.5694,1839421,44272659.28,3290000000.0,658000000.0
1997-05-21,'000055,深方大Ａ,26.1,27.1,25.85,26.7,27.14,-1.04,-3.832,4.134,1157511,30450464.96,3654000000.0,730800000.0
1997-05-20,'000055,深方大Ａ,27.14,27.3,25.85,26.0,25.81,1.33,5.153,6.0124,1683478,45118325.99,3799600000.0,759920000.0
1997-05-19,'000055,深方大Ａ,25.81,25.99,24.62,25.2,25.02,0.79,3.1575,3.7811,1058695,26853252.15,3613400000.0,722680000.0
1997-05-16,'000055,深方大Ａ,25.02,26.3,24.26,24.5,27.0,-1.98,-7.3333,7.5673,2118835,53389432.0,3502800000.0,700560000.0
1997-05-15,'000055,深方大Ａ,27.0,27.1,24.9,25.22,25.81,1.19,4.6106,4.7176,1320914,34288219.25,3780000000.0,756000000.0
1997-05-14,'000055,深方大Ａ,25.81,27.49,25.5,27.0,27.74,-1.93,-6.9575,4.856,1359683,35856733.55,3613400000.0,722680000.0
1997-05-13,'000055,深方大Ａ,27.74,28.9,26.4,28.0,28.55,-0.81,-2.8371,5.875,1645007,44785499.97,3883600000.0,776720000.0
1997-05-12,'000055,深方大Ａ,28.55,30.2,28.18,29.9,28.99,-0.44,-1.5178,5.0698,1419532,41353526.76,3997000000.0,799400000.0
1997-05-09,'000055,深方大Ａ,28.99,29.4,26.8,27.06,27.86,1.13,4.056,7.1149,1992179,56112270.72,4058600000.0,811720000.0
1997-05-08,'000055,深方大Ａ,27.86,30.31,27.86,30.31,30.95,-3.09,-9.9838,8.7216,2442035,71565336.8,3900400000.0,780080000.0
1997-05-07,'000055,深方大Ａ,30.95,31.24,27.95,28.8,28.5,2.45,8.5965,12.4629,3489612,104846014.76,4333000000.0,866600000.0
1997-05-06,'000055,深方大Ａ,28.5,28.5,26.0,26.1,26.0,2.5,9.6154,8.6818,2430914,66315451.72,3990000000.0,798000000.0
1997-05-05,'000055,深方大Ａ,26.0,26.3,25.0,25.0,25.19,0.81,3.2156,4.4378,1242596,32234837.94,3640000000.0,728000000.0
1997-04-30,'000055,深方大Ａ,25.19,25.3,24.1,24.7,24.7,0.49,1.9838,2.9414,823600,20535133.64,3526600000.0,705320000.0
1997-04-29,'000055,深方大Ａ,24.7,26.49,24.3,26.1,25.94,-1.24,-4.7803,6.2466,1749050,43705629.49,3458000000.0,691600000.0
1997-04-28,'000055,深方大Ａ,25.94,26.2,24.8,25.0,24.3,1.64,6.749,7.6677,2146945,55188741.62,3631600000.0,726320000.0
1997-04-25,'000055,深方大Ａ,24.3,25.11,23.26,23.3,23.75,0.55,2.3158,6.0291,1688136,41437702.32,3402000000.0,680400000.0
1997-04-24,'000055,深方大Ａ,23.75,23.96,22.5,22.79,23.26,0.49,2.1066,5.5391,1550943,36185355.98,3325000000.0,665000000.0
1997-04-23,'000055,深方大Ａ,23.26,23.79,22.79,22.9,22.94,0.32,1.3949,3.9841,1115536,26044905.78,3256400000.0,651280000.0
1997-04-22,'000055,深方大Ａ,22.94,23.0,22.0,22.9,22.75,0.19,0.8352,2.061,577066,13162699.07,3211600000.0,642320000.0
1997-04-21,'000055,深方大Ａ,22.75,23.35,22.6,22.7,22.52,0.23,1.0213,4.3318,1212901,27922660.93,3185000000.0,637000000.0
1997-04-18,'000055,深方大Ａ,22.52,22.9,21.9,22.9,22.75,-0.23,-1.011,4.3545,1219270,27223342.2,3152800000.0,630560000.0
1997-04-17,'000055,深方大Ａ,22.75,23.49,21.33,21.5,21.37,1.38,6.4577,7.6125,2131489,47907840.34,3185000000.0,637000000.0
1997-04-16,'000055,深方大Ａ,21.37,21.64,20.7,21.0,21.0,0.37,1.7619,3.3835,947387,20153028.98,2991800000.0,598360000.0
1997-04-15,'000055,深方大Ａ,21.0,21.23,20.85,21.22,20.8,0.2,0.9615,2.3925,669900,14068297.0,2940000000.0,588000000.0
1997-04-14,'000055,深方大Ａ,20.8,21.28,20.35,20.5,20.27,0.53,2.6147,2.694,754309,15676931.52,2912000000.0,582400000.0
1997-04-11,'000055,深方大Ａ,20.27,20.7,20.0,20.7,20.91,-0.64,-3.0607,4.6612,1305144,26382684.14,2837800000.0,567560000.0
1997-04-10,'000055,深方大Ａ,20.91,21.65,20.8,21.4,21.36,-0.45,-2.1067,4.3479,1217400,25683659.7,2927400000.0,585480000.0
1997-04-09,'000055,深方大Ａ,21.36,21.55,20.6,20.9,20.91,0.45,2.1521,12.4667,3490662,74560658.79,2990400000.0,598080000.0
1997-04-08,'000055,深方大Ａ,20.91,21.68,20.5,21.6,21.74,-0.83,-3.8178,7.8462,2196923,46472100.97,2927400000.0,585480000.0
1997-04-07,'000055,深方大Ａ,21.74,21.78,19.9,20.48,20.2,1.54,7.6238,10.9133,3055722,64945723.16,3043600000.0,608720000.0
1997-04-04,'000055,深方大Ａ,20.2,20.5,19.3,19.3,19.0,1.2,6.3158,11.4796,3214301,64385980.22,2828000000.0,565600000.0
1997-04-03,'000055,深方大Ａ,19.0,19.3,18.41,18.5,18.61,0.39,2.0956,9.5146,2664086,50529757.85,2660000000.0,532000000.0
1997-04-02,'000055,深方大Ａ,18.61,18.72,18.38,18.68,18.6,0.01,0.0538,3.2511,910300,16881367.27,2605400000.0,521080000.0
1997-04-01,'000055,深方大Ａ,18.6,18.75,18.25,18.75,18.5,0.1,0.5405,3.0037,841030,15558864.1,2604000000.0,520800000.0
1997-03-31,'000055,深方大Ａ,18.5,18.65,17.9,18.2,18.01,0.49,2.7207,3.3723,944249,17186220.35,2590000000.0,518000000.0
1997-03-28,'000055,深方大Ａ,18.01,18.35,17.98,18.2,18.25,-0.24,-1.3151,4.3799,1226380,22177221.3,2521400000.0,504280000.0
1997-03-27,'000055,深方大Ａ,18.25,19.08,18.0,18.64,18.65,-0.4,-2.1448,4.5135,1263770,23288626.8,2555000000.0,511000000.0
1997-03-26,'000055,深方大Ａ,0.0,0.0,0.0,0.0,18.65,None,None,0.0,0,0.0,2611000000.0,522200000.0
1997-03-25,'000055,深方大Ａ,18.65,19.1,18.51,18.9,18.9,-0.25,-1.3228,5.3858,1508020,28214995.8,2611000000.0,522200000.0
1997-03-24,'000055,深方大Ａ,18.9,19.1,18.46,18.52,18.3,0.6,3.2787,7.5324,2109076,39525375.96,2646000000.0,529200000.0
1997-03-21,'000055,深方大Ａ,18.3,18.4,17.6,17.6,17.84,0.46,2.5785,5.0986,1427617,25738180.35,2562000000.0,512400000.0
1997-03-20,'000055,深方大Ａ,17.84,18.9,17.8,18.6,18.73,-0.89,-4.7517,3.9229,1098400,20275188.1,2497600000.0,499520000.0
1997-03-19,'000055,深方大Ａ,18.73,19.0,18.32,18.6,18.77,-0.04,-0.2131,4.9764,1393380,25874364.47,2622200000.0,524440000.0
1997-03-18,'000055,深方大Ａ,18.77,19.55,18.31,18.77,18.87,-0.1,-0.5299,12.8438,3596272,68117654.5,2627800000.0,525560000.0
1997-03-17,'000055,深方大Ａ,18.87,18.89,17.34,17.34,17.19,1.68,9.7731,17.0818,4782912,87286283.85,2641800000.0,528360000.0
1997-03-14,'000055,深方大Ａ,17.19,17.28,16.8,16.8,17.0,0.19,1.1176,3.6224,1014270,17245045.74,2406600000.0,481320000.0
1997-03-13,'000055,深方大Ａ,17.0,17.3,16.6,17.3,17.4,-0.4,-2.2989,4.6155,1292340,22048312.0,2380000000.0,476000000.0
1997-03-12,'000055,深方大Ａ,17.4,17.95,17.35,17.4,17.3,0.1,0.578,8.4945,2378450,41824774.41,2436000000.0,487200000.0
1997-03-11,'000055,深方大Ａ,17.3,17.35,16.28,16.3,16.26,1.04,6.3961,9.9872,2796418,47697200.44,2422000000.0,484400000.0
1997-03-10,'000055,深方大Ａ,16.26,16.48,16.25,16.25,16.25,0.01,0.0615,1.945,544600,8900092.0,2276400000.0,455280000.0
1997-03-07,'000055,深方大Ａ,16.25,16.51,16.0,16.3,16.26,-0.01,-0.0615,4.83,1352390,22069227.5,2275000000.0,455000000.0
1997-03-06,'000055,深方大Ａ,16.26,16.27,15.8,16.1,16.11,0.15,0.9311,2.154,603106,9709024.3,2276400000.0,455280000.0
1997-03-05,'000055,深方大Ａ,16.11,16.65,16.0,16.6,16.61,-0.5,-3.0102,3.11,870800,14337597.44,2255400000.0,451080000.0
1997-03-04,'000055,深方大Ａ,16.61,16.85,16.38,16.8,16.75,-0.14,-0.8358,6.3502,1778066,29592365.64,2325400000.0,465080000.0
1997-03-03,'000055,深方大Ａ,16.75,16.76,16.2,16.25,16.25,0.5,3.0769,5.619,1573319,25905005.06,2345000000.0,469000000.0
1997-02-28,'000055,深方大Ａ,16.25,16.5,15.95,16.31,16.37,-0.12,-0.733,2.8669,802741,12970279.86,2275000000.0,455000000.0
1997-02-27,'000055,深方大Ａ,16.37,16.6,16.08,16.1,16.05,0.32,1.9938,4.4582,1248302,20392744.66,2291800000.0,458360000.0
1997-02-26,'000055,深方大Ａ,16.05,16.12,15.7,15.7,15.76,0.29,1.8401,3.1084,870360,13914370.8,2247000000.0,449400000.0
1997-02-25,'000055,深方大Ａ,15.76,15.98,15.25,15.59,15.59,0.17,1.0904,4.2398,1187141,18524853.32,2206400000.0,441280000.0
1997-02-24,'000055,深方大Ａ,15.59,15.9,15.0,15.8,16.18,-0.59,-3.6465,4.6163,1292571,20146839.47,2182600000.0,436520000.0
1997-02-21,'000055,深方大Ａ,16.18,16.37,15.99,16.0,15.99,0.19,1.1882,1.8895,529060,8527134.0,2265200000.0,453040000.0
1997-02-20,'000055,深方大Ａ,15.99,16.38,14.76,14.76,16.4,-0.41,-2.5,5.0569,1415925,22263556.65,2238600000.0,447720000.0
1997-02-19,'000055,深方大Ａ,16.4,16.5,15.5,15.5,15.38,1.02,6.632,3.6843,1031609,16513635.72,2296000000.0,459200000.0
1997-02-18,'000055,深方大Ａ,15.38,17.0,15.38,17.0,17.09,-1.71,-10.0059,4.2796,1198280,19201696.0,2153200000.0,430640000.0
1997-02-17,'000055,深方大Ａ,17.09,17.2,16.7,16.9,17.03,0.06,0.3523,1.5457,432799,7325555.95,2392600000.0,478520000.0
1997-01-31,'000055,深方大Ａ,17.03,17.23,16.91,17.0,17.03,0.0,0.0,3.6707,1027800,17589204.18,2384200000.0,476840000.0
1997-01-30,'000055,深方大Ａ,17.03,17.1,16.8,16.9,16.91,0.12,0.7096,2.0374,570480,9704031.13,2384200000.0,476840000.0
1997-01-29,'000055,深方大Ａ,16.91,17.2,16.8,16.9,16.98,-0.07,-0.4122,1.8066,505842,8572865.14,2367400000.0,473480000.0
1997-01-28,'000055,深方大Ａ,16.98,17.3,16.72,17.24,17.24,-0.26,-1.5081,3.3533,938937,15895899.24,2377200000.0,475440000.0
1997-01-27,'000055,深方大Ａ,17.24,17.25,16.7,16.9,17.0,0.24,1.4118,4.5499,1273977,21437986.32,2413600000.0,482720000.0
1997-01-24,'000055,深方大Ａ,17.0,17.45,16.68,17.45,17.51,-0.51,-2.9126,9.1159,2552453,43433450.52,2380000000.0,476000000.0
1997-01-23,'000055,深方大Ａ,17.51,17.8,17.3,17.5,17.5,0.01,0.0571,4.8528,1358771,23865372.55,2451400000.0,490280000.0
1997-01-22,'000055,深方大Ａ,17.5,17.96,16.92,16.96,16.9,0.6,3.5503,4.9172,1376815,24180115.81,2450000000.0,490000000.0
1997-01-21,'000055,深方大Ａ,16.9,17.3,16.45,16.6,16.63,0.27,1.6236,3.9302,1100451,18557554.78,2366000000.0,473200000.0
1997-01-20,'000055,深方大Ａ,16.63,16.8,16.3,16.68,16.48,0.15,0.9102,5.4372,1522416,25212644.94,2328200000.0,465640000.0
1997-01-17,'000055,深方大Ａ,16.48,16.68,15.4,15.49,15.5,0.98,6.3226,11.6162,3252525,52804296.0,2307200000.0,461440000.0
1997-01-16,'000055,深方大Ａ,15.5,15.78,15.04,15.04,15.26,0.24,1.5727,3.6508,1022220,15815628.5,2170000000.0,434000000.0
1997-01-15,'000055,深方大Ａ,15.26,15.5,14.8,14.91,15.0,0.26,1.7333,1.6445,460470,7013588.5,2136400000.0,427280000.0
1997-01-14,'000055,深方大Ａ,15.0,15.27,14.88,15.25,15.26,-0.26,-1.7038,1.6775,469700,7058977.3,2100000000.0,420000000.0
1997-01-13,'000055,深方大Ａ,15.26,15.3,14.88,14.88,14.88,0.38,2.5538,1.777,497550,7501300.52,2136400000.0,427280000.0
1997-01-10,'000055,深方大Ａ,14.88,14.95,14.7,14.7,14.85,0.03,0.202,1.0373,290450,4320210.2,2083200000.0,416640000.0
1997-01-09,'000055,深方大Ａ,14.85,14.96,14.63,14.63,14.75,0.1,0.678,0.9461,264912,3937636.7,2079000000.0,415800000.0
1997-01-08,'000055,深方大Ａ,14.75,14.95,14.5,14.78,14.75,0.0,0.0,1.2481,349480,5140007.24,2065000000.0,413000000.0
1997-01-07,'000055,深方大Ａ,14.75,14.98,14.0,14.2,14.29,0.46,3.219,1.9678,550970,8018191.68,2065000000.0,413000000.0
1997-01-06,'000055,深方大Ａ,14.29,15.16,14.28,15.0,15.06,-0.77,-5.1129,2.2568,631900,9384743.22,2000600000.0,400120000.0
1997-01-03,'000055,深方大Ａ,15.06,15.43,15.0,15.4,15.25,-0.19,-1.2459,3.1051,869440,13210365.05,2108400000.0,421680000.0
1997-01-02,'000055,深方大Ａ,15.25,15.5,14.98,15.0,15.25,0.0,0.0,3.1272,875610,13266445.4,2135000000.0,427000000.0
1996-12-31,'000055,深方大Ａ,15.25,16.18,14.89,16.18,15.96,-0.71,-4.4486,5.1475,1441300,22176958.0,2135000000.0,427000000.0
1996-12-30,'000055,深方大Ａ,15.98,16.0,14.98,15.3,15.13,0.85,5.618,5.8764,1645400,25603208.0,2237200000.0,447440000.0
1996-12-27,'000055,深方大Ａ,15.2,15.25,14.52,15.0,14.65,0.55,3.7543,5.2275,1463700,21874122.0,2128000000.0,425600000.0
1996-12-26,'000055,深方大Ａ,14.65,14.9,14.4,14.78,14.66,-0.01,-0.0682,1.8446,516500,7613645.0,2051000000.0,410200000.0
1996-12-25,'000055,深方大Ａ,14.67,14.8,13.4,13.9,13.71,0.96,7.0022,6.3182,1769100,25366566.0,2053800000.0,410760000.0
1996-12-24,'000055,深方大Ａ,13.65,14.98,13.65,14.7,14.67,-1.02,-6.953,4.2293,1184200,16913260.0,1911000000.0,382200000.0
1996-12-23,'000055,深方大Ａ,14.67,14.73,13.45,13.49,13.39,1.28,9.5594,8.2286,2304000,32973242.0,2053800000.0,410760000.0
1996-12-20,'000055,深方大Ａ,13.38,14.3,13.25,14.0,14.65,-1.27,-8.6689,5.3346,1493700,20403224.0,1873200000.0,374640000.0
1996-12-19,'000055,深方大Ａ,14.65,16.78,14.65,16.22,16.28,-1.63,-10.0123,10.6986,2995600,46794248.0,2051000000.0,410200000.0
1996-12-18,'000055,深方大Ａ,16.9,17.73,14.52,14.52,16.13,0.77,4.7737,13.6407,3819400,60594788.0,2366000000.0,473200000.0
1996-12-17,'000055,深方大Ａ,16.13,16.13,16.13,16.13,17.92,-1.79,-9.9888,0.7618,213300,3440529.0,2258200000.0,451640000.0
1996-12-16,'000055,深方大Ａ,17.92,17.92,17.92,17.92,19.91,-1.99,-9.995,0.1293,36200,648704.0,2508800000.0,501760000.0
1996-12-13,'000055,深方大Ａ,19.98,21.0,19.51,21.0,21.15,-1.17,-5.5319,3.8307,1072600,21784716.0,2797200000.0,559440000.0
1996-12-12,'000055,深方大Ａ,21.15,22.2,20.55,21.8,21.75,-0.6,-2.7586,4.9132,1375700,29522864.0,2961000000.0,592200000.0
1996-12-11,'000055,深方大Ａ,21.75,22.25,21.3,21.5,21.58,0.17,0.7878,8.2739,2316700,50208268.0,3045000000.0,609000000.0
1996-12-10,'000055,深方大Ａ,21.58,22.3,21.0,22.3,22.3,-0.72,-3.2287,9.9668,2790700,60392504.0,3021200000.0,604240000.0
1996-12-09,'000055,深方大Ａ,22.3,22.3,19.59,19.75,19.44,2.86,14.7119,19.7882,5540700,115692432.0,3122000000.0,624400000.0
1996-12-06,'000055,深方大Ａ,19.44,19.55,18.8,19.0,18.97,0.47,2.4776,7.1896,2013100,38603064.0,2721600000.0,544320000.0
1996-12-05,'000055,深方大Ａ,18.97,19.15,18.8,19.0,19.2,-0.23,-1.1979,4.4907,1257400,23789680.0,2655800000.0,531160000.0
1996-12-04,'000055,深方大Ａ,19.2,19.55,19.0,19.3,19.1,0.1,0.5236,4.0496,1133900,21802764.0,2688000000.0,537600000.0
1996-12-03,'000055,深方大Ａ,19.1,19.15,18.45,18.6,18.88,0.22,1.1653,3.0971,867200,16371575.0,2674000000.0,534800000.0
1996-12-02,'000055,深方大Ａ,18.88,19.78,18.8,19.38,19.22,-0.34,-1.769,3.6943,1034400,19999204.0,2643200000.0,528640000.0
1996-11-29,'000055,深方大Ａ,19.22,19.49,18.95,19.07,19.03,0.19,0.9984,12.1004,3388100,65282716.0,2690800000.0,538160000.0
1996-11-28,'000055,深方大Ａ,19.03,19.6,18.95,19.0,19.28,-0.25,-1.2967,2.2732,636500,12163066.0,2664200000.0,532840000.0
1996-11-27,'000055,深方大Ａ,19.28,20.1,18.8,18.8,18.8,0.48,2.5532,4.2539,1191100,23307082.0,2699200000.0,539840000.0
1996-11-26,'000055,深方大Ａ,18.8,19.18,18.55,19.0,19.0,-0.2,-1.0526,3.3432,936100,17662762.0,2632000000.0,526400000.0
1996-11-25,'000055,深方大Ａ,19.0,19.21,18.5,19.21,19.2,-0.2,-1.0417,2.3636,661800,12559145.0,2660000000.0,532000000.0
1996-11-22,'000055,深方大Ａ,19.2,19.3,18.0,18.2,19.2,0.0,0.0,2.4375,682500,12679620.0,2688000000.0,537600000.0
1996-11-21,'000055,深方大Ａ,19.2,20.3,18.5,20.2,20.3,-1.1,-5.4187,3.2264,903400,17831068.0,2688000000.0,537600000.0
1996-11-20,'000055,深方大Ａ,20.3,20.8,19.51,20.19,20.19,0.11,0.5448,4.7907,1341400,27008426.0,2842000000.0,568400000.0
1996-11-19,'000055,深方大Ａ,20.19,20.2,19.0,19.4,19.5,0.69,3.5385,5.3382,1494700,29270634.0,2826600000.0,565320000.0
1996-11-18,'000055,深方大Ａ,19.5,19.85,19.3,19.5,19.36,0.14,0.7231,4.4614,1249200,24497344.0,2730000000.0,546000000.0
1996-11-15,'000055,深方大Ａ,19.36,19.45,18.0,19.4,19.48,-0.12,-0.616,4.5629,1277600,24520350.0,2710400000.0,542080000.0
1996-11-14,'000055,深方大Ａ,19.48,19.7,19.2,19.56,19.4,0.08,0.4124,4.1532,1162900,22652356.0,2727200000.0,545440000.0
1996-11-13,'000055,深方大Ａ,19.4,19.66,19.0,19.55,19.49,-0.09,-0.4618,9.6254,2695100,52384416.0,2716000000.0,543200000.0
1996-11-12,'000055,深方大Ａ,19.49,19.82,19.15,19.8,19.05,0.44,2.3097,10.3254,2891100,56133532.0,2728600000.0,545720000.0
1996-11-11,'000055,深方大Ａ,19.05,19.09,18.05,18.1,18.05,1.0,5.5402,11.7661,3294500,60964596.0,2667000000.0,533400000.0
1996-11-08,'000055,深方大Ａ,18.05,18.15,17.8,17.88,18.05,0.0,0.0,1.0268,287500,5175357.5,2527000000.0,505400000.0
1996-11-07,'000055,深方大Ａ,18.05,18.05,17.6,17.9,17.99,0.06,0.3335,3.1625,885500,15792308.0,2527000000.0,505400000.0
1996-11-06,'000055,深方大Ａ,17.99,18.45,17.6,18.39,18.28,-0.29,-1.5864,5.6586,1584400,28473938.0,2518600000.0,503720000.0
1996-11-05,'000055,深方大Ａ,18.28,18.8,17.8,18.75,18.75,-0.47,-2.5067,3.3386,934800,16926384.0,2559200000.0,511840000.0
1996-11-04,'000055,深方大Ａ,18.75,19.0,17.85,18.9,18.8,-0.05,-0.266,3.1686,887200,16241341.0,0.0,525000000.0
1996-11-01,'000055,深方大Ａ,18.8,19.5,17.8,18.5,19.7,-0.9,-4.5685,3.9195,783900,14529142.0,1880000000.0,376000000.0
1996-10-31,'000055,深方大Ａ,19.7,20.5,18.1,18.1,18.0,1.7,9.4444,6.9585,1391700,27081326.0,1970000000.0,394000000.0
1996-10-30,'000055,深方大Ａ,25.2,26.0,25.0,25.6,25.2,0.0,0.0,4.4355,887100,22732688.0,2520000000.0,504000000.0
1996-10-29,'000055,深方大Ａ,25.2,26.0,23.8,25.0,25.0,0.2,0.8,2.4195,483900,12033817.0,2520000000.0,504000000.0
1996-10-28,'000055,深方大Ａ,25.0,25.0,21.45,21.5,21.19,3.81,17.9802,5.132,1026400,24014704.0,2500000000.0,500000000.0
1996-10-25,'000055,深方大Ａ,21.19,21.2,20.2,20.2,20.55,0.64,3.1144,4.1615,832300,17539834.0,2119000000.0,423800000.0
1996-10-24,'000055,深方大Ａ,20.55,21.2,20.2,21.0,20.88,-0.33,-1.5805,3.957,791400,16333486.0,2055000000.0,411000000.0
1996-10-23,'000055,深方大Ａ,20.88,21.5,20.12,20.58,20.7,0.18,0.8696,4.0535,810700,16786152.0,2088000000.0,417600000.0
1996-10-22,'000055,深方大Ａ,20.7,20.8,19.0,19.0,20.7,0.0,0.0,13.421,2684200,53681172.0,2070000000.0,414000000.0
1996-10-21,'000055,深方大Ａ,20.7,21.0,20.11,20.29,20.0,0.7,3.5,5.7405,1148100,23633768.0,2070000000.0,414000000.0
1996-10-18,'000055,深方大Ａ,20.0,20.3,18.65,19.28,19.4,0.6,3.0928,21.256,4251200,81427616.0,2000000000.0,400000000.0
1996-10-17,'000055,深方大Ａ,19.4,20.0,18.6,19.3,18.3,1.1,6.0109,12.655,2277900,44131008.0,1940000000.0,349200000.0
1996-10-16,'000055,深方大Ａ,0.0,0.0,0.0,0.0,18.3,None,None,0.0,0,0.0,1830000000.0,329400000.0
1996-10-15,'000055,深方大Ａ,18.3,18.86,18.0,18.7,18.6,-0.3,-1.6129,7.9033,1422600,26201468.0,1830000000.0,329400000.0
1996-10-14,'000055,深方大Ａ,18.6,19.5,17.58,17.75,17.5,1.1,6.2857,12.4367,2238600,41706524.0,1860000000.0,334800000.0
1996-10-11,'000055,深方大Ａ,17.5,17.98,16.6,17.71,17.51,-0.01,-0.0571,19.4167,3495000,61381704.0,1750000000.0,315000000.0
1996-10-10,'000055,深方大Ａ,17.51,17.55,15.58,15.6,15.5,2.01,12.9677,28.2656,5087800,84969000.0,1751000000.0,315180000.0
1996-10-09,'000055,深方大Ａ,15.5,15.85,14.2,14.48,14.48,1.02,7.0442,28.6317,5153700,78898600.0,1550000000.0,279000000.0
1996-10-08,'000055,深方大Ａ,14.48,14.5,13.71,13.85,13.85,0.63,4.5487,8.2333,1482000,20905832.0,1448000000.0,260640000.0
1996-10-07,'000055,深方大Ａ,13.85,13.92,13.4,13.85,13.85,0.0,0.0,3.9128,704300,9682603.0,1385000000.0,249300000.0
1996-10-04,'000055,深方大Ａ,13.85,13.88,13.5,13.78,13.83,0.02,0.1446,4.1361,744500,10193680.0,1385000000.0,249300000.0
1996-10-03,'000055,深方大Ａ,13.83,14.1,13.7,13.8,13.4,0.43,3.209,7.525,1354500,18865884.0,1383000000.0,248940000.0
1996-09-27,'000055,深方大Ａ,13.4,13.5,13.11,13.38,13.2,0.2,1.5152,4.5117,812100,10898887.0,1340000000.0,241200000.0
1996-09-26,'000055,深方大Ａ,13.2,13.4,13.0,13.0,12.92,0.28,2.1672,5.4472,980500,13018655.0,1320000000.0,237600000.0
1996-09-25,'000055,深方大Ａ,12.92,13.4,12.82,13.2,13.12,-0.2,-1.5244,2.9406,529300,6938851.0,1292000000.0,232560000.0
1996-09-24,'000055,深方大Ａ,13.12,13.6,12.7,12.7,12.64,0.48,3.7975,5.4233,976200,12928717.0,1312000000.0,236160000.0
1996-09-23,'000055,深方大Ａ,12.64,13.05,12.6,13.0,12.98,-0.34,-2.6194,1.8111,326000,4174879.0,1264000000.0,227520000.0
1996-09-20,'000055,深方大Ａ,12.98,12.98,12.51,12.58,12.68,0.3,2.3659,2.8056,505000,6411114.0,1298000000.0,233640000.0
1996-09-19,'000055,深方大Ａ,12.68,12.68,12.0,12.15,12.31,0.37,3.0057,2.6994,485900,5941800.0,1268000000.0,228240000.0
1996-09-18,'000055,深方大Ａ,12.31,13.16,12.21,13.1,13.05,-0.74,-5.6705,4.1894,754100,9535857.0,1231000000.0,221580000.0
1996-09-17,'000055,深方大Ａ,13.05,13.29,12.9,13.2,13.02,0.03,0.2304,2.9811,536600,7034685.0,1305000000.0,234900000.0
1996-09-16,'000055,深方大Ａ,13.02,13.06,12.65,12.9,12.8,0.22,1.7188,3.065,551700,7107167.0,1302000000.0,234360000.0
1996-09-13,'000055,深方大Ａ,12.8,12.85,12.29,12.4,12.56,0.24,1.9108,2.3578,424400,5324755.0,1280000000.0,230400000.0
1996-09-12,'000055,深方大Ａ,12.56,13.08,12.45,13.08,12.9,-0.34,-2.6357,3.0472,548500,7014392.0,1256000000.0,226080000.0
1996-09-11,'000055,深方大Ａ,12.9,13.2,12.75,12.8,12.89,0.01,0.0776,2.2778,410000,5316113.0,1290000000.0,232200000.0
1996-09-10,'000055,深方大Ａ,12.89,13.44,12.8,13.05,13.28,-0.39,-2.9367,2.8011,504200,6587665.0,1289000000.0,232020000.0
1996-09-09,'000055,深方大Ａ,13.28,13.6,13.28,13.6,13.78,-0.5,-3.6284,2.7817,500700,6724235.0,1328000000.0,239040000.0
1996-09-06,'000055,深方大Ａ,13.78,14.09,13.36,13.46,13.5,0.28,2.0741,5.7189,1029400,14048261.0,1378000000.0,248040000.0
1996-09-05,'000055,深方大Ａ,13.5,14.75,13.45,14.7,14.55,-1.05,-7.2165,7.68,1382400,19471812.0,1350000000.0,243000000.0
1996-09-04,'000055,深方大Ａ,14.55,14.95,13.8,13.85,13.9,0.65,4.6763,11.7389,2113000,30776996.0,1455000000.0,261900000.0
1996-09-03,'000055,深方大Ａ,13.9,14.29,13.71,14.2,14.2,-0.3,-2.1127,6.3983,1151700,16055298.0,1390000000.0,250200000.0
1996-09-02,'000055,深方大Ａ,14.2,14.48,13.8,14.35,14.26,-0.06,-0.4208,7.5144,1352600,19080586.0,1420000000.0,255600000.0
1996-08-30,'000055,深方大Ａ,14.26,14.5,14.0,14.1,14.0,0.26,1.8571,8.1933,1474800,21081776.0,1426000000.0,256680000.0
1996-08-29,'000055,深方大Ａ,14.0,14.0,13.45,13.8,13.8,0.2,1.4493,4.2911,772400,10601730.0,1400000000.0,252000000.0
1996-08-28,'000055,深方大Ａ,13.8,13.8,13.34,13.41,13.38,0.42,3.139,4.8467,872400,11875236.0,1380000000.0,248400000.0
1996-08-27,'000055,深方大Ａ,13.38,13.44,12.88,12.95,13.0,0.38,2.9231,2.8661,515900,6845870.0,1338000000.0,240840000.0
1996-08-26,'000055,深方大Ａ,13.0,13.15,12.85,13.15,13.2,-0.2,-1.5152,3.8872,699700,9132163.0,1300000000.0,234000000.0
1996-08-23,'000055,深方大Ａ,13.2,13.68,13.01,13.6,13.45,-0.25,-1.8587,5.8956,1061200,13996383.0,1320000000.0,237600000.0
1996-08-22,'000055,深方大Ａ,13.45,14.1,13.36,14.01,13.83,-0.38,-2.7477,2.7183,489300,6667376.0,1345000000.0,242100000.0
1996-08-21,'000055,深方大Ａ,13.83,14.0,13.41,13.41,13.5,0.33,2.4444,4.7878,861800,11860698.0,1383000000.0,248940000.0
1996-08-20,'000055,深方大Ａ,13.5,13.8,13.4,13.55,13.53,-0.03,-0.2217,3.8128,686300,9344449.0,1350000000.0,243000000.0
1996-08-19,'000055,深方大Ａ,13.53,13.98,13.53,13.79,13.85,-0.32,-2.3105,2.9639,533500,7374378.0,1353000000.0,243540000.0
1996-08-16,'000055,深方大Ａ,13.85,13.9,13.48,13.9,13.99,-0.14,-1.0007,5.4778,986000,13503809.0,1385000000.0,249300000.0
1996-08-15,'000055,深方大Ａ,13.99,14.45,13.95,14.31,14.42,-0.43,-2.982,5.5917,1006500,14247082.0,1399000000.0,251820000.0
1996-08-14,'000055,深方大Ａ,14.42,14.58,14.25,14.4,14.48,-0.06,-0.4144,4.0322,725800,10460961.0,1442000000.0,259560000.0
1996-08-13,'000055,深方大Ａ,14.48,14.9,14.31,14.8,14.84,-0.36,-2.4259,6.1422,1105600,16129271.0,1448000000.0,260640000.0
1996-08-12,'000055,深方大Ａ,14.84,15.38,14.3,14.3,14.04,0.8,5.698,8.9028,1602500,23859040.0,1484000000.0,267120000.0
1996-08-09,'000055,深方大Ａ,14.04,14.2,13.85,14.1,14.13,-0.09,-0.6369,6.055,1089900,15286631.0,1404000000.0,252720000.0
1996-08-08,'000055,深方大Ａ,14.13,14.16,13.85,14.1,14.15,-0.02,-0.1413,6.2633,1127400,15778940.0,1413000000.0,254340000.0
1996-08-07,'000055,深方大Ａ,14.15,14.3,13.7,14.08,14.1,0.05,0.3546,5.6578,1018400,14287616.0,1415000000.0,254700000.0
1996-08-06,'000055,深方大Ａ,14.1,14.3,13.81,14.25,14.3,-0.2,-1.3986,5.2811,950600,13382051.0,1410000000.0,253800000.0
1996-08-05,'000055,深方大Ａ,14.3,14.3,13.31,13.7,13.6,0.7,5.1471,6.4178,1155200,16004982.0,1430000000.0,257400000.0
1996-08-02,'000055,深方大Ａ,13.6,14.15,13.38,14.0,14.0,-0.4,-2.8571,4.9733,895200,12218947.0,1360000000.0,244800000.0
1996-08-01,'000055,深方大Ａ,14.0,14.3,13.6,14.04,13.95,0.05,0.3584,7.4656,1343800,18711894.0,1400000000.0,252000000.0
1996-07-31,'000055,深方大Ａ,13.95,14.5,13.75,13.8,14.08,-0.13,-0.9233,10.6644,1919600,27028046.0,1395000000.0,251100000.0
1996-07-30,'000055,深方大Ａ,14.08,14.5,13.6,13.7,13.51,0.57,4.2191,33.3667,6006000,84723712.0,1408000000.0,253440000.0
1996-07-29,'000055,深方大Ａ,13.51,14.3,12.0,12.02,11.38,2.13,18.717,31.0383,5586900,74070128.0,1351000000.0,243180000.0
1996-07-26,'000055,深方大Ａ,11.38,11.82,11.22,11.3,11.4,-0.02,-0.1754,10.6711,1920800,21932798.0,1138000000.0,204840000.0
1996-07-25,'000055,深方大Ａ,11.4,12.0,11.36,12.0,11.86,-0.46,-3.8786,8.2767,1489800,17373776.0,1140000000.0,205200000.0
1996-07-24,'000055,深方大Ａ,11.86,12.38,11.61,12.3,12.0,-0.14,-1.1667,12.1339,2184100,26284840.0,1186000000.0,213480000.0
1996-07-23,'000055,深方大Ａ,12.0,12.45,11.55,12.0,11.98,0.02,0.1669,15.1744,2731400,32883346.0,1200000000.0,216000000.0
1996-07-22,'000055,深方大Ａ,11.98,12.7,11.9,12.49,12.53,-0.55,-4.3895,22.3889,4030000,48962988.0,1198000000.0,215640000.0
1996-07-19,'000055,深方大Ａ,12.53,12.75,11.7,11.7,11.45,1.08,9.4323,38.5661,6941900,85374240.0,1253000000.0,225540000.0
1996-07-18,'000055,深方大Ａ,11.45,11.45,10.05,10.05,10.0,1.45,14.5,23.0967,4157400,45850900.0,1145000000.0,206100000.0
1996-07-17,'000055,深方大Ａ,10.0,10.49,10.0,10.45,10.5,-0.5,-4.7619,5.5617,1001100,10314735.0,1000000000.0,180000000.0
1996-07-16,'000055,深方大Ａ,10.5,10.55,10.0,10.0,10.19,0.31,3.0422,12.4472,2240500,23160778.0,1050000000.0,189000000.0
1996-07-15,'000055,深方大Ａ,10.19,10.55,9.5,10.2,10.54,-0.35,-3.3207,10.1167,1821000,18519862.0,1019000000.0,183420000.0
1996-07-12,'000055,深方大Ａ,10.54,10.54,9.65,10.0,10.11,0.43,4.2532,11.4006,2052100,20750806.0,1054000000.0,189720000.0
1996-07-11,'000055,深方大Ａ,10.11,10.5,9.6,9.6,9.58,0.53,5.5324,18.7811,3380600,34360084.0,1011000000.0,181980000.0
1996-07-10,'000055,深方大Ａ,9.58,9.6,9.05,9.1,9.02,0.56,6.2084,14.4772,2605900,24304992.0,958000000.0,172440000.0
1996-07-09,'000055,深方大Ａ,9.02,9.3,8.88,8.9,8.7,0.32,3.6782,11.1172,2001100,18178814.0,902000000.0,162360000.0
1996-07-08,'000055,深方大Ａ,8.7,9.48,8.7,9.35,8.86,-0.16,-1.8059,13.9172,2505100,22737834.0,870000000.0,156600000.0
1996-07-05,'000055,深方大Ａ,8.86,9.25,8.71,8.98,8.85,0.01,0.113,18.71,3367800,30326744.0,886000000.0,159480000.0
1996-07-04,'000055,深方大Ａ,8.85,8.94,8.5,8.88,8.82,0.03,0.3401,13.1044,2358800,20679326.0,885000000.0,159300000.0
1996-07-03,'000055,深方大Ａ,8.82,8.87,8.4,8.65,8.5,0.32,3.7647,14.1728,2551100,21996838.0,882000000.0,158760000.0
1996-07-02,'000055,深方大Ａ,8.5,9.0,8.2,8.3,8.3,0.2,2.4096,20.8594,3754700,32871208.0,850000000.0,153000000.0
1996-07-01,'000055,深方大Ａ,8.3,8.3,7.76,7.87,7.9,0.4,5.0633,12.8056,2305000,18742572.0,830000000.0,149400000.0
1996-06-28,'000055,深方大Ａ,7.9,8.15,7.7,7.7,7.8,0.1,1.2821,9.75,1755000,13943743.0,790000000.0,142200000.0
1996-06-27,'000055,深方大Ａ,7.8,7.92,7.65,7.92,7.9,-0.1,-1.2658,3.0383,546900,4256922.0,780000000.0,140400000.0
1996-06-26,'000055,深方大Ａ,7.9,7.9,7.52,7.84,7.9,0.0,0.0,4.8172,867100,6707893.5,790000000.0,142200000.0
1996-06-25,'000055,深方大Ａ,7.9,8.05,7.45,7.7,7.78,0.12,1.5424,10.6006,1908100,14976328.0,790000000.0,142200000.0
1996-06-24,'000055,深方大Ａ,7.78,7.83,7.35,7.4,7.36,0.42,5.7065,5.7161,1028900,7767900.5,778000000.0,140040000.0
1996-06-21,'000055,深方大Ａ,7.36,7.51,7.35,7.45,7.4,-0.04,-0.5405,2.7483,494700,3671702.0,736000000.0,132480000.0
1996-06-20,'000055,深方大Ａ,7.4,7.55,7.25,7.39,7.4,0.0,0.0,2.9983,539700,4004469.5,740000000.0,133200000.0
1996-06-19,'000055,深方大Ａ,7.4,7.56,7.3,7.51,7.48,-0.08,-1.0695,2.9939,538900,3974766.0,740000000.0,133200000.0
1996-06-18,'000055,深方大Ａ,7.48,7.6,7.15,7.3,7.38,0.1,1.355,3.0039,540700,3999467.75,748000000.0,134640000.0
1996-06-17,'000055,深方大Ａ,7.38,7.73,7.35,7.7,7.66,-0.28,-3.6554,3.6244,652400,4881259.0,738000000.0,132840000.0
1996-06-14,'000055,深方大Ａ,7.66,8.0,7.53,7.9,7.88,-0.22,-2.7919,7.2872,1311700,10138247.0,766000000.0,137880000.0
1996-06-13,'000055,深方大Ａ,7.8,7.94,7.02,7.02,7.0,0.8,11.4286,18.3072,3295300,25099722.0,780000000.0,140400000.0
1996-06-12,'000055,深方大Ａ,7.0,7.2,6.88,7.08,6.95,0.05,0.7194,4.9228,886100,6238911.0,700000000.0,126000000.0
1996-06-11,'000055,深方大Ａ,6.95,7.05,6.82,6.82,6.92,0.03,0.4335,3.2678,588200,4092657.5,695000000.0,125100000.0
1996-06-10,'000055,深方大Ａ,6.92,7.29,6.9,7.29,7.3,-0.38,-5.2055,4.7422,853600,6008692.5,692000000.0,124560000.0
1996-06-07,'000055,深方大Ａ,7.3,7.38,7.0,7.16,7.07,0.23,3.2532,9.645,1736100,12521593.0,730000000.0,131400000.0
1996-06-06,'000055,深方大Ａ,7.07,7.12,6.76,7.0,7.0,0.07,1.0,5.0544,909800,6354454.5,707000000.0,127260000.0
1996-06-05,'000055,深方大Ａ,7.0,7.35,6.69,6.9,6.89,0.11,1.5965,7.1139,1280500,8963303.0,700000000.0,126000000.0
1996-06-04,'000055,深方大Ａ,6.89,7.05,6.69,6.86,6.89,0.0,0.0,4.8378,870800,5955130.0,689000000.0,124020000.0
1996-06-03,'000055,深方大Ａ,6.89,7.2,6.81,7.2,7.23,-0.34,-4.7026,5.4072,973300,6771804.5,689000000.0,124020000.0
1996-05-31,'000055,深方大Ａ,7.23,7.4,7.11,7.18,7.2,0.03,0.4167,7.8372,1410700,10225951.0,723000000.0,130140000.0
1996-05-30,'000055,深方大Ａ,7.2,7.3,6.9,7.02,6.99,0.21,3.0043,9.615,1730700,12364673.0,720000000.0,129600000.0
1996-05-29,'000055,深方大Ａ,6.99,6.99,6.58,6.6,6.65,0.34,5.1128,4.1439,745900,5108533.0,699000000.0,125820000.0
1996-05-28,'000055,深方大Ａ,6.65,6.77,6.6,6.77,6.75,-0.1,-1.4815,1.2822,230800,1538224.0,665000000.0,119700000.0
1996-05-27,'000055,深方大Ａ,6.75,6.88,6.48,6.65,6.8,-0.05,-0.7353,3.6017,648300,4355152.5,675000000.0,121500000.0
1996-05-24,'000055,深方大Ａ,6.8,7.0,6.59,6.59,6.68,0.12,1.7964,4.0306,725500,4946296.0,680000000.0,122400000.0
1996-05-23,'000055,深方大Ａ,6.68,7.19,6.6,7.1,7.2,-0.52,-7.2222,6.3172,1137100,7798558.0,668000000.0,120240000.0
1996-05-22,'000055,深方大Ａ,7.2,7.41,7.0,7.2,7.15,0.05,0.6993,5.4672,984100,7098910.5,720000000.0,129600000.0
1996-05-21,'000055,深方大Ａ,7.15,7.6,7.08,7.5,8.16,-1.01,-12.3775,4.7678,858200,6308159.0,715000000.0,128700000.0
1996-05-20,'000055,深方大Ａ,0.0,0.0,0.0,0.0,8.16,None,None,0.0,0,0.0,816000000.0,146880000.0
1996-05-17,'000055,深方大Ａ,8.16,8.16,7.83,7.95,7.96,0.2,2.5126,4.6822,842800,6696055.0,816000000.0,146880000.0
1996-05-16,'000055,深方大Ａ,7.96,8.3,7.81,7.9,7.9,0.06,0.7595,5.3633,965400,7762580.5,796000000.0,143280000.0
1996-05-15,'000055,深方大Ａ,7.9,7.9,7.73,7.75,7.81,0.09,1.1524,3.5294,635300,4963669.5,790000000.0,142200000.0
1996-05-14,'000055,深方大Ａ,7.81,8.0,7.79,7.96,7.95,-0.14,-1.761,3.0333,546000,4306146.5,781000000.0,140580000.0
1996-05-13,'000055,深方大Ａ,7.95,7.95,7.8,7.85,7.9,0.05,0.6329,3.3289,599200,4718703.5,795000000.0,143100000.0
1996-05-10,'000055,深方大Ａ,7.9,7.97,7.66,7.97,7.96,-0.06,-0.7538,2.9872,537700,4193745.5,790000000.0,142200000.0
1996-05-09,'000055,深方大Ａ,7.96,8.3,7.8,7.8,8.03,-0.07,-0.8717,2.9678,534200,4331552.0,796000000.0,143280000.0
1996-05-08,'000055,深方大Ａ,8.03,8.22,7.95,8.2,8.2,-0.17,-2.0732,4.1339,744100,5994204.5,803000000.0,144540000.0
1996-05-07,'000055,深方大Ａ,8.2,8.7,8.07,8.1,7.97,0.23,2.8858,10.1544,1827800,15252428.0,820000000.0,147600000.0
1996-05-06,'000055,深方大Ａ,7.97,8.1,7.85,7.85,7.88,0.09,1.1421,5.8917,1060500,8449416.0,797000000.0,143460000.0
1996-05-03,'000055,深方大Ａ,7.88,8.1,7.6,7.85,7.7,0.18,2.3377,7.6933,1384800,10918818.0,788000000.0,141840000.0
1996-05-02,'000055,深方大Ａ,7.7,8.98,7.55,8.9,8.31,-0.61,-7.3406,7.7278,1391000,11348253.0,770000000.0,138600000.0
1996-04-30,'000055,深方大Ａ,8.31,9.22,8.3,9.18,9.1,-0.79,-8.6813,10.5794,1904300,16487104.0,831000000.0,149580000.0
1996-04-29,'000055,深方大Ａ,9.1,9.5,8.96,9.4,9.1,0.0,0.0,14.5917,2626500,24008054.0,910000000.0,163800000.0
1996-04-26,'000055,深方大Ａ,9.1,9.35,8.72,8.72,8.7,0.4,4.5977,15.8972,2861500,26039100.0,910000000.0,163800000.0
1996-04-25,'000055,深方大Ａ,8.7,9.98,8.68,9.85,9.6,-0.9,-9.375,14.3456,2582200,23781716.0,870000000.0,156600000.0
1996-04-24,'000055,深方大Ａ,9.6,9.65,8.9,8.91,8.91,0.69,7.7441,17.54,3157200,28908960.0,960000000.0,172800000.0
1996-04-23,'000055,深方大Ａ,8.91,8.97,8.7,8.75,8.8,0.11,1.25,10.9917,1978500,17493460.0,891000000.0,160380000.0
1996-04-22,'000055,深方大Ａ,8.8,9.4,8.78,9.0,8.78,0.02,0.2278,18.1528,3267500,29666778.0,880000000.0,158400000.0
1996-04-19,'000055,深方大Ａ,8.78,9.05,8.64,8.71,8.72,0.06,0.6881,17.1483,3086700,27177074.0,878000000.0,158040000.0
1996-04-18,'000055,深方大Ａ,8.72,8.74,8.31,8.31,8.4,0.32,3.8095,14.0611,2531000,21762736.0,872000000.0,156960000.0
1996-04-17,'000055,深方大Ａ,8.4,8.78,8.39,8.72,8.67,-0.27,-3.1142,17.235,3102300,26450888.0,840000000.0,151200000.0
1996-04-16,'000055,深方大Ａ,8.67,8.75,8.22,8.3,8.46,0.21,2.4823,24.2522,4365400,37399744.0,867000000.0,156060000.0
1996-04-15,'000055,深方大Ａ,8.46,8.93,7.38,7.5,5.18,3.28,63.3205,81.17,14610600,119645976.0,846000000.0,152280000.0
