日期,股票代码,名称,收盘价,最高价,最低价,开盘价,前收盘,涨跌额,涨跌幅,换手率,成交量,成交金额,总市值,流通市值
2019-03-12,'000407,胜利股份,4.69,4.71,4.52,4.64,4.61,0.08,1.7354,3.8929,29965983,139051897.37,4127597036.64,3610215081.06
2019-03-11,'000407,胜利股份,4.61,4.63,4.45,4.51,4.44,0.17,3.8288,2.8312,21793655,99248707.82,4057190264.16,3548633587.14
2019-03-08,'000407,胜利股份,4.44,4.75,4.44,4.74,4.83,-0.39,-8.0745,4.0341,31053607,143540508.35,3907575872.64,3417772912.56
2019-03-07,'000407,胜利股份,4.83,4.95,4.68,4.81,4.85,-0.02,-0.4124,7.2876,56097764,269161107.55,4250808888.48,3717982695.42
2019-03-06,'000407,胜利股份,4.85,4.85,4.41,4.44,4.41,0.44,9.9773,8.0961,62320949,295967594.57,4268410581.6,3733378068.9
2019-03-05,'000407,胜利股份,4.41,4.41,4.26,4.29,4.31,0.1,2.3202,3.0875,23766515,103210780.93,3881173332.96,3394679852.34
2019-03-04,'000407,胜利股份,4.31,4.37,4.22,4.25,4.26,0.05,1.1737,4.0851,31445830,134875713.98,3793164867.36,3317702984.94
2019-03-01,'000407,胜利股份,4.26,4.27,4.12,4.19,4.19,0.07,1.6706,2.2845,17585420,73764150.55,3749160634.56,3279214551.24
2019-02-28,'000407,胜利股份,4.19,4.24,4.12,4.21,4.21,-0.02,-0.4751,2.0694,15929462,66633985.56,3687554708.64,3225330744.06
2019-02-27,'000407,胜利股份,4.21,4.27,4.18,4.23,4.25,-0.04,-0.9412,2.1124,16260243,68665473.84,3705156401.76,3240726117.54
2019-02-26,'000407,胜利股份,4.25,4.35,4.21,4.31,4.27,-0.02,-0.4684,2.6155,20133412,86110205.28,3740359788.0,3271516864.5
2019-02-25,'000407,胜利股份,4.27,4.28,4.12,4.12,4.11,0.16,3.8929,3.2878,25308593,106138686.62,3757961481.12,3286912237.98
2019-02-22,'000407,胜利股份,4.11,4.11,3.97,4.07,4.09,0.02,0.489,1.4238,10960009,44448859.46,3617147936.16,3163749250.14
2019-02-21,'000407,胜利股份,4.09,4.22,4.06,4.08,4.08,0.01,0.2451,1.8366,14137906,58566187.66,3599546243.04,3148353876.66
2019-02-20,'000407,胜利股份,4.08,4.1,4.05,4.07,4.08,0.0,0.0,0.6437,4954753,20194039.18,3590745396.48,3140656189.92
2019-02-19,'000407,胜利股份,4.08,4.11,4.04,4.07,4.08,0.0,0.0,1.0239,7881676,32087237.22,3590745396.48,3140656189.92
2019-02-18,'000407,胜利股份,4.08,4.09,3.99,3.99,3.98,0.1,2.5126,1.3838,10652011,43181379.31,3590745396.48,3140656189.92
2019-02-15,'000407,胜利股份,3.98,4.03,3.96,4.0,4.01,-0.03,-0.7481,0.7599,5849530,23369063.8,3502736930.88,3063679322.52
2019-02-14,'000407,胜利股份,4.01,4.04,3.95,4.0,3.99,0.02,0.5013,0.9112,7014212,28051666.41,3529139470.56,3086772382.74
2019-02-13,'000407,胜利股份,3.99,4.05,3.94,3.94,3.9,0.09,2.3077,1.2663,9747436,38933148.96,3511537777.44,3071377009.26
2019-02-12,'000407,胜利股份,3.9,3.94,3.88,3.88,3.88,0.02,0.5155,0.593,4564449,17834521.59,3432330158.4,3002097828.6
2019-02-11,'000407,胜利股份,3.88,3.91,3.74,3.75,3.74,0.14,3.7433,1.1128,8566360,32909248.0,3414728465.28,2986702455.12
2019-02-01,'000407,胜利股份,3.74,3.75,3.65,3.65,3.64,0.1,2.7473,0.3644,2804804,10417354.92,3291516613.44,2878934840.76
2019-01-31,'000407,胜利股份,3.64,3.72,3.62,3.7,3.71,-0.07,-1.8868,0.6685,5146045,18888600.21,3203508147.84,2801957973.36
2019-01-30,'000407,胜利股份,3.71,3.78,3.7,3.72,3.73,-0.02,-0.5362,0.354,2724600,10173356.0,3265114073.76,2855841780.54
2019-01-29,'000407,胜利股份,3.73,3.81,3.6,3.81,3.81,-0.08,-2.0997,0.6199,4772051,17751522.21,3282715766.88,2871237154.02
2019-01-28,'000407,胜利股份,3.81,3.88,3.8,3.86,3.86,-0.05,-1.2953,0.8518,6557000,25089645.0,3353122539.36,2932818647.94
2019-01-25,'000407,胜利股份,3.86,3.93,3.86,3.91,3.9,-0.04,-1.0256,0.5611,4318800,16842424.0,3397126772.16,2971307081.64
2019-01-24,'000407,胜利股份,3.9,3.94,3.89,3.92,3.92,-0.02,-0.5102,0.5405,4160800,16296805.0,3432330158.4,3002097828.6
2019-01-23,'000407,胜利股份,3.92,3.94,3.89,3.92,3.94,-0.02,-0.5076,0.5882,4528064,17714338.24,3449931851.52,3017493202.08
2019-01-22,'000407,胜利股份,3.94,3.97,3.9,3.91,3.92,0.02,0.5102,0.8467,6517250,25613426.43,3467533544.64,3032888575.56
2019-01-21,'000407,胜利股份,3.92,3.96,3.89,3.94,3.94,-0.02,-0.5076,0.921,7089700,27848507.0,3449931851.52,3017493202.08
2019-01-18,'000407,胜利股份,3.94,4.1,3.92,3.96,3.86,0.08,2.0725,1.4755,11358221,45108499.74,3467533544.64,3032888575.56
2019-01-17,'000407,胜利股份,3.86,3.91,3.85,3.89,3.9,-0.04,-1.0256,0.622,4788211,18549154.56,3397126772.16,2971307081.64
2019-01-16,'000407,胜利股份,3.9,3.94,3.88,3.94,3.94,-0.04,-1.0152,0.6931,5334890,20837816.9,3432330158.4,3002097828.6
2019-01-15,'000407,胜利股份,3.94,3.96,3.9,3.92,3.9,0.04,1.0256,0.6419,4940983,19419088.96,3467533544.64,3032888575.56
2019-01-14,'000407,胜利股份,3.9,3.96,3.9,3.94,3.93,-0.03,-0.7634,0.5577,4292711,16854575.08,3432330158.4,3002097828.6
2019-01-11,'000407,胜利股份,3.93,3.95,3.91,3.91,3.91,0.02,0.5115,0.5803,4466705,17533141.6,3458732698.08,3025190888.82
2019-01-10,'000407,胜利股份,3.91,3.97,3.91,3.95,3.95,-0.04,-1.0127,0.7458,5740600,22622568.0,3441131004.96,3009795515.34
2019-01-09,'000407,胜利股份,3.95,4.05,3.94,4.02,4.01,-0.06,-1.4963,1.5099,11622594,46444283.46,3476334391.2,3040586262.3
2019-01-08,'000407,胜利股份,4.01,4.06,3.86,3.9,3.9,0.11,2.8205,1.9622,15104158,60002108.78,3529139470.56,3086772382.74
2019-01-07,'000407,胜利股份,3.9,3.92,3.85,3.89,3.87,0.03,0.7752,0.7503,5775914,22448001.06,3432330158.4,3002097828.6
2019-01-04,'000407,胜利股份,3.87,3.87,3.77,3.79,3.81,0.06,1.5748,0.7325,5638363,21660658.29,3405927618.72,2979004768.38
2019-01-03,'000407,胜利股份,3.81,3.85,3.77,3.78,3.78,0.03,0.7937,0.6406,4931427,18851141.91,3353122539.36,2932818647.94
2019-01-02,'000407,胜利股份,3.78,3.79,3.73,3.73,3.73,0.05,1.3405,0.4882,3758160,14141166.1,3326719999.68,2909725587.72
2018-12-28,'000407,胜利股份,3.73,3.77,3.71,3.73,3.73,0.0,0.0,0.7179,5526500,20695033.0,3282715766.88,2871237154.02
2018-12-27,'000407,胜利股份,3.73,3.82,3.71,3.78,3.73,0.0,0.0,0.7287,5609442,21113980.22,3282715766.88,2871237154.02
2018-12-26,'000407,胜利股份,3.73,3.77,3.71,3.75,3.76,-0.03,-0.7979,0.4911,3780501,14127557.74,3282715766.88,2871237154.02
2018-12-25,'000407,胜利股份,3.76,3.8,3.66,3.8,3.84,-0.08,-2.0833,0.9659,7435124,27744605.28,3309118306.56,2894330214.24
2018-12-24,'000407,胜利股份,3.84,3.88,3.72,3.72,3.72,0.12,3.2258,0.9266,7132996,27148028.15,3379525079.04,2955911708.16
2018-12-21,'000407,胜利股份,3.72,3.76,3.71,3.74,3.74,-0.02,-0.5348,0.4777,3676905,13702537.7,3273914920.32,2863539467.28
2018-12-20,'000407,胜利股份,3.74,3.77,3.71,3.76,3.74,0.0,0.0,0.5334,4106012,15371587.87,3291516613.44,2878934840.76
2018-12-19,'000407,胜利股份,3.74,3.81,3.73,3.8,3.78,-0.04,-1.0582,0.6636,5108182,19275424.95,3291516613.44,2878934840.76
2018-12-18,'000407,胜利股份,3.78,3.83,3.75,3.81,3.82,-0.04,-1.0471,0.6667,5131817,19475005.04,3326719999.68,2909725587.72
2018-12-17,'000407,胜利股份,3.82,3.87,3.78,3.87,3.88,-0.06,-1.5464,0.9741,7498116,28652267.01,3361923385.92,2940516334.68
2018-12-14,'000407,胜利股份,3.88,3.98,3.87,3.98,3.99,-0.11,-2.7569,1.177,9060467,35575843.03,3414728465.28,2986702455.12
2018-12-13,'000407,胜利股份,3.99,4.04,3.89,3.91,3.88,0.11,2.8351,2.0469,15756756,62818791.52,3511537777.44,3071377009.26
2018-12-12,'000407,胜利股份,3.88,3.93,3.85,3.92,3.91,-0.03,-0.7673,0.7352,5659338,22000711.44,3414728465.28,2986702455.12
2018-12-11,'000407,胜利股份,3.91,3.93,3.86,3.9,3.87,0.04,1.0336,1.1317,8711400,33964767.0,3441131004.96,3009795515.34
2018-12-10,'000407,胜利股份,3.87,4.04,3.86,3.97,3.97,-0.1,-2.5189,1.6291,12540433,49641404.15,3405927618.72,2979004768.38
2018-12-07,'000407,胜利股份,3.97,4.02,3.95,3.98,3.97,0.0,0.0,0.8357,6432700,25549337.0,3493936084.32,3055981635.78
2018-12-06,'000407,胜利股份,3.97,4.06,3.95,4.02,4.03,-0.06,-1.4888,1.0757,8280631,33106125.54,3493936084.32,3055981635.78
2018-12-05,'000407,胜利股份,4.03,4.05,3.96,3.99,4.06,-0.03,-0.7389,1.2351,9507683,38059994.7,3546741163.68,3102167756.22
2018-12-04,'000407,胜利股份,4.06,4.08,3.93,3.95,3.96,0.1,2.5253,1.609,12385300,49749566.76,3573143703.36,3125260816.44
2018-12-03,'000407,胜利股份,3.96,3.98,3.9,3.95,3.85,0.11,2.8571,1.5961,12286572,48581401.68,3485135237.76,3048283949.04
2018-11-30,'000407,胜利股份,3.85,3.86,3.76,3.77,3.81,0.04,1.0499,0.924,7112500,27161732.0,3388325925.6,2963609394.9
2018-11-29,'000407,胜利股份,3.81,3.96,3.8,3.95,3.92,-0.11,-2.8061,1.0738,8265430,32209422.6,3353122539.36,2932818647.94
2018-11-28,'000407,胜利股份,3.92,3.93,3.78,3.9,3.87,0.05,1.292,1.214,9345169,36096763.64,3449931851.52,3017493202.08
2018-11-27,'000407,胜利股份,3.87,3.93,3.83,3.91,3.86,0.01,0.2591,0.897,6904614,26779409.48,3405927618.72,2979004768.38
2018-11-26,'000407,胜利股份,3.86,3.95,3.83,3.88,3.9,-0.04,-1.0256,0.9147,7041330,27349135.5,3397126772.16,2971307081.64
2018-11-23,'000407,胜利股份,3.9,4.13,3.86,4.13,4.12,-0.22,-5.3398,2.0074,15451974,61545031.16,3432330158.4,3002097828.6
2018-11-22,'000407,胜利股份,4.12,4.17,4.04,4.07,4.05,0.07,1.7284,2.4569,18912200,78008449.0,3625948782.72,3171446936.88
2018-11-21,'000407,胜利股份,4.05,4.06,3.93,3.93,4.0,0.05,1.25,1.295,9968378,39976523.54,3564342856.8,3117563129.7
2018-11-20,'000407,胜利股份,4.0,4.17,3.99,4.16,4.19,-0.19,-4.5346,2.4122,18568700,75819350.0,3520338624.0,3079074696.0
2018-11-19,'000407,胜利股份,4.19,4.21,4.08,4.13,4.15,0.04,0.9639,2.1906,16862845,70006619.54,3687554708.64,3225330744.06
2018-11-16,'000407,胜利股份,4.15,4.16,4.09,4.1,4.19,-0.04,-0.9547,3.2142,24741856,102046923.99,3652351322.4,3194539997.1
2018-11-15,'000407,胜利股份,4.19,4.23,4.06,4.14,4.04,0.15,3.7129,3.6169,27841418,115843126.83,3687554708.64,3225330744.06
2018-11-14,'000407,胜利股份,4.04,4.23,4.01,4.15,4.08,-0.04,-0.9804,2.8492,21932563,90116555.68,3555542010.24,3109865442.96
2018-11-13,'000407,胜利股份,4.08,4.12,3.92,3.95,3.99,0.09,2.2556,2.9928,23037268,93328974.7,3590745396.48,3140656189.92
2018-11-12,'000407,胜利股份,3.99,3.99,3.86,3.88,3.84,0.15,3.9063,2.2476,17301327,68241326.44,3511537777.44,3071377009.26
2018-11-09,'000407,胜利股份,3.84,3.91,3.81,3.83,3.87,-0.03,-0.7752,1.1433,8800437,33928083.76,3379525079.04,2955911708.16
2018-11-08,'000407,胜利股份,3.87,3.97,3.86,3.95,3.93,-0.06,-1.5267,1.4129,10876114,42593480.9,3405927618.72,2979004768.38
2018-11-07,'000407,胜利股份,3.93,4.03,3.92,4.0,4.04,-0.11,-2.7228,1.8424,14181903,56291357.22,3458732698.08,3025190888.82
2018-11-06,'000407,胜利股份,4.04,4.12,3.87,3.95,3.97,0.07,1.7632,3.1428,24192022,97056509.14,3555542010.24,3109865442.96
2018-11-05,'000407,胜利股份,3.97,3.97,3.8,3.82,3.82,0.15,3.9267,2.3038,17733600,68677781.0,3493936084.32,3055981635.78
2018-11-02,'000407,胜利股份,3.82,3.84,3.75,3.79,3.73,0.09,2.4129,1.7469,13446754,51051173.8,3361923385.92,2940516334.68
2018-11-01,'000407,胜利股份,3.73,3.81,3.72,3.77,3.78,-0.05,-1.3228,1.6256,12513531,47244189.56,3282715766.88,2871237154.02
2018-10-31,'000407,胜利股份,3.78,3.79,3.64,3.65,3.65,0.13,3.5616,1.5211,11708793,43718995.53,3326719999.68,2909725587.72
2018-10-30,'000407,胜利股份,3.65,3.68,3.56,3.6,3.63,0.02,0.551,0.9754,7508535,27213927.8,3212308994.4,2809655660.1
2018-10-29,'000407,胜利股份,3.63,3.68,3.6,3.68,3.69,-0.06,-1.626,0.8751,6736100,24514352.76,3194707301.28,2794260286.62
2018-10-26,'000407,胜利股份,3.69,3.78,3.67,3.73,3.67,0.02,0.545,1.0188,7842482,29153578.64,3247512380.64,2840446407.06
2018-10-25,'000407,胜利股份,3.67,3.71,3.55,3.56,3.72,-0.05,-1.3441,1.2119,9328610,33796947.08,3229910687.52,2825051033.58
2018-10-24,'000407,胜利股份,3.72,3.82,3.65,3.7,3.76,-0.04,-1.0638,1.4761,11362459,42456948.37,3273914920.32,2863539467.28
2018-10-23,'000407,胜利股份,3.76,3.86,3.72,3.82,3.84,-0.08,-2.0833,1.4685,11304200,42753634.72,3309118306.56,2894330214.24
2018-10-22,'000407,胜利股份,3.84,3.87,3.65,3.65,3.63,0.21,5.7851,2.1702,16705867,63232209.02,3379525079.04,2955911708.16
2018-10-19,'000407,胜利股份,3.63,3.66,3.4,3.47,3.55,0.08,2.2535,1.4689,11307233,40373380.5,3194707301.28,2794260286.62
2018-10-18,'000407,胜利股份,3.55,3.83,3.51,3.83,3.89,-0.34,-8.7404,2.2064,16984316,62284523.55,3124300528.8,2732678792.7
2018-10-17,'000407,胜利股份,3.89,4.15,3.67,4.12,4.08,-0.19,-4.6569,2.7938,21505810,84382329.6,3423529311.84,2994400141.86
2018-10-16,'000407,胜利股份,4.08,4.17,4.0,4.04,4.03,0.05,1.2407,2.0938,16117146,65772807.96,3590745396.48,3140656189.92
2018-10-15,'000407,胜利股份,4.03,4.25,4.02,4.22,4.22,-0.19,-4.5024,2.1583,16614288,68882773.68,3546741163.68,3102167756.22
2018-10-12,'000407,胜利股份,4.22,4.47,4.08,4.4,4.49,-0.27,-6.0134,3.9173,30153984,127683050.49,3713957248.32,3248423804.28
2018-10-11,'000407,胜利股份,4.49,4.83,4.38,4.65,4.87,-0.38,-7.8029,4.895,37679940,173699674.62,3951580105.44,3456261346.26
2018-10-10,'000407,胜利股份,4.87,5.04,4.67,4.76,4.77,0.1,2.0964,5.5469,42697943,206258699.35,4286012274.72,3748773442.38
2018-10-09,'000407,胜利股份,4.77,4.77,4.57,4.64,4.63,0.14,3.0238,3.8946,29979533,140677052.21,4198003809.12,3671796574.98
2018-10-08,'000407,胜利股份,4.63,4.7,4.5,4.53,4.61,0.02,0.4338,3.6999,28480827,131732752.19,4074791957.28,3564028960.62
2018-09-28,'000407,胜利股份,4.61,4.61,4.51,4.55,4.51,0.1,2.2173,1.6514,12712147,57898435.25,4057190264.16,3548633587.14
2018-09-27,'000407,胜利股份,4.51,4.65,4.51,4.59,4.62,-0.11,-2.381,2.6688,20543860,93893533.0,3969181798.56,3471656719.74
2018-09-26,'000407,胜利股份,4.62,4.71,4.52,4.61,4.61,0.01,0.2169,4.2453,32679325,151075645.47,4065991110.72,3556331273.88
2018-09-25,'000407,胜利股份,4.61,4.81,4.56,4.71,4.76,-0.15,-3.1513,4.2218,32498210,151249700.52,4057190264.16,3548633587.14
2018-09-21,'000407,胜利股份,4.76,4.89,4.67,4.88,4.91,-0.15,-3.055,4.3088,33168085,157003703.03,4189202962.56,3664098888.24
2018-09-20,'000407,胜利股份,4.91,5.01,4.87,5.0,4.98,-0.07,-1.4056,2.4202,18630029,91695018.77,4321215660.96,3779564189.34
2018-09-19,'000407,胜利股份,4.98,5.09,4.78,4.83,4.87,0.11,2.2587,4.1473,31924631,158446985.68,4382821586.88,3833447996.52
2018-09-18,'000407,胜利股份,4.87,4.93,4.69,4.77,4.82,0.05,1.0373,3.5788,27548148,132777005.21,4286012274.72,3748773442.38
2018-09-17,'000407,胜利股份,4.82,4.87,4.66,4.7,4.71,0.11,2.3355,3.1463,24219558,115679208.02,4242008041.92,3710285008.68
2018-09-14,'000407,胜利股份,4.71,4.88,4.69,4.78,4.8,-0.09,-1.875,3.3871,26073200,124426651.27,4145198729.76,3625610454.54
2018-09-13,'000407,胜利股份,4.8,4.92,4.52,4.52,4.51,0.29,6.4302,4.0411,31107049,147161231.02,4224406348.8,3694889635.2
2018-09-12,'000407,胜利股份,4.51,4.63,4.5,4.55,4.52,-0.01,-0.2212,0.9058,6972800,31773699.0,3969181798.56,3471656719.74
2018-09-11,'000407,胜利股份,4.52,4.62,4.41,4.62,4.62,-0.1,-2.1645,1.4606,11242939,50706180.28,3977982645.12,3479354406.48
2018-09-10,'000407,胜利股份,4.62,4.76,4.53,4.54,4.57,0.05,1.0941,2.4062,18522522,86260741.84,4065991110.72,3556331273.88
2018-09-07,'000407,胜利股份,4.57,4.57,4.44,4.5,4.45,0.12,2.6966,1.5392,11848401,53425728.24,4021986877.92,3517842840.18
2018-09-06,'000407,胜利股份,4.45,4.63,4.42,4.42,4.4,0.05,1.1364,1.6433,12649923,57406645.88,3916376719.2,3425470599.3
2018-09-05,'000407,胜利股份,4.4,4.6,4.4,4.57,4.59,-0.19,-4.1394,0.9851,7583100,34094918.0,3872372486.4,3386982165.6
2018-09-04,'000407,胜利股份,4.59,4.62,4.49,4.51,4.52,0.07,1.5487,0.9198,7080400,32386879.0,4039588571.04,3533238213.66
2018-09-03,'000407,胜利股份,4.52,4.56,4.42,4.47,4.51,0.01,0.2217,0.8057,6202301,27849480.47,3977982645.12,3479354406.48
2018-08-31,'000407,胜利股份,4.51,4.62,4.49,4.54,4.56,-0.05,-1.0965,0.7913,6091123,27731806.5,3969181798.56,3471656719.74
2018-08-30,'000407,胜利股份,4.56,4.77,4.55,4.76,4.71,-0.15,-3.1847,1.1632,8953961,41552104.75,4013186031.36,3510145153.44
2018-08-29,'000407,胜利股份,4.71,4.77,4.69,4.75,4.77,-0.06,-1.2579,0.8696,6693954,31613327.8,4145198729.76,3625610454.54
2018-08-28,'000407,胜利股份,4.77,4.92,4.63,4.72,4.73,0.04,0.8457,1.7772,13680388,64919568.53,4198003809.12,3671796574.98
2018-08-27,'000407,胜利股份,4.73,4.75,4.58,4.59,4.63,0.1,2.1598,1.4779,11376295,53211586.45,4162800422.88,3641005828.02
2018-08-24,'000407,胜利股份,4.63,4.72,4.62,4.69,4.71,-0.08,-1.6985,1.1531,8876500,41523110.0,4074791957.28,3564028960.62
2018-08-23,'000407,胜利股份,4.71,4.88,4.63,4.79,4.81,-0.1,-2.079,2.0347,15662753,74525005.02,4145198729.76,3625610454.54
2018-08-22,'000407,胜利股份,4.81,4.88,4.72,4.81,4.92,-0.11,-2.2358,2.469,19005946,91346671.2,4233207195.36,3702587321.94
2018-08-21,'000407,胜利股份,4.92,4.99,4.75,4.85,4.86,0.06,1.2346,3.9294,30247632,147717817.21,4330016507.52,3787261876.08
2018-08-20,'000407,胜利股份,4.86,5.0,4.46,4.61,4.63,0.23,4.9676,3.104,23893353,112246692.52,4277211428.16,3741075755.64
2018-08-17,'000407,胜利股份,4.63,4.76,4.53,4.55,4.5,0.13,2.8889,3.0684,23619694,109353284.19,4074791957.28,3564028960.62
2018-08-16,'000407,胜利股份,4.5,4.61,4.43,4.51,4.61,-0.11,-2.3861,2.1441,16504294,74646707.32,3960380952.0,3463959033.0
2018-08-15,'000407,胜利股份,4.61,4.78,4.61,4.72,4.73,-0.12,-2.537,2.266,17442900,81195601.0,4057190264.16,3548633587.14
2018-08-14,'000407,胜利股份,4.73,4.92,4.67,4.72,4.73,0.0,0.0,4.0015,30802159,147613213.51,4162800422.88,3641005828.02
2018-08-13,'000407,胜利股份,4.73,4.85,4.6,4.73,4.93,-0.2,-4.0568,4.9003,37720753,177332420.12,4162800422.88,3641005828.02
2018-08-10,'000407,胜利股份,4.93,5.37,4.93,5.18,5.12,-0.19,-3.7109,9.6824,74532285,383489239.78,4338817354.08,3794959562.82
2018-08-09,'000407,胜利股份,5.12,5.12,4.43,4.49,4.65,0.47,10.1075,8.2344,63385587,301495556.0,4506033438.72,3941215610.88
2018-08-08,'000407,胜利股份,4.65,4.95,4.49,4.55,4.51,0.14,3.1042,8.7568,67407440,315481112.87,4092393650.4,3579424334.1
2018-08-07,'000407,胜利股份,4.51,4.51,4.1,4.13,4.1,0.41,10.0,4.7852,36835349,162532653.93,3969181798.56,3471656719.74
2018-08-06,'000407,胜利股份,4.1,4.16,4.03,4.08,4.07,0.03,0.7371,1.2353,9509159,38942990.2,3608347089.6,3156051563.4
2018-08-03,'000407,胜利股份,4.07,4.18,4.05,4.08,4.07,0.0,0.0,0.955,7351158,30154577.54,3581944549.92,3132958503.18
2018-08-02,'000407,胜利股份,4.07,4.18,3.95,4.18,4.17,-0.1,-2.3981,1.3362,10285562,41696837.1,3581944549.92,3132958503.18
2018-08-01,'000407,胜利股份,4.17,4.36,4.15,4.35,4.34,-0.17,-3.9171,1.4206,10935124,46616533.6,3669953015.52,3209935370.58
2018-07-31,'000407,胜利股份,4.34,4.44,4.3,4.44,4.41,-0.07,-1.5873,1.3414,10325685,45029006.51,3819567407.04,3340796045.16
2018-07-30,'000407,胜利股份,4.41,4.43,4.3,4.37,4.41,0.0,0.0,1.5283,11764436,51368457.96,3881173332.96,3394679852.34
2018-07-27,'000407,胜利股份,4.41,4.45,4.3,4.43,4.45,-0.04,-0.8989,1.6734,12881582,56333997.9,3881173332.96,3394679852.34
2018-07-26,'000407,胜利股份,4.45,4.58,4.21,4.22,4.21,0.24,5.7007,3.0286,23313364,103471177.06,3916376719.2,3425470599.3
2018-07-25,'000407,胜利股份,4.21,4.24,4.16,4.2,4.18,0.03,0.7177,1.1344,8732401,36671189.19,3705156401.76,3240726117.54
2018-07-24,'000407,胜利股份,4.18,4.24,4.08,4.08,4.08,0.1,2.451,1.4824,11411220,47555527.08,3678753862.08,3217633057.32
2018-07-23,'000407,胜利股份,4.08,4.09,3.97,4.02,4.02,0.06,1.4925,1.1327,8719468,35262598.95,3590745396.48,3140656189.92
2018-07-20,'000407,胜利股份,4.02,4.04,3.9,3.92,3.91,0.11,2.8133,1.062,8174720,32585198.96,3537940317.12,3094470069.48
2018-07-19,'000407,胜利股份,3.91,4.0,3.87,3.95,3.97,-0.06,-1.5113,1.0971,8445389,33149824.39,3441131004.96,3009795515.34
2018-07-18,'000407,胜利股份,3.97,4.13,3.95,4.13,4.12,-0.15,-3.6408,2.3212,17867901,71699882.77,3493936084.32,3055981635.78
2018-07-17,'000407,胜利股份,4.12,4.13,4.03,4.07,4.1,0.02,0.4878,0.8404,6468922,26345679.34,3625948782.72,3171446936.88
2018-07-16,'000407,胜利股份,4.1,4.19,4.07,4.16,4.11,-0.01,-0.2433,0.9053,6968376,28763339.85,3608347089.6,3156051563.4
2018-07-13,'000407,胜利股份,4.11,4.14,4.07,4.09,4.09,0.02,0.489,0.607,4672404,19140025.85,3617147936.16,3163749250.14
2018-07-12,'000407,胜利股份,4.09,4.11,4.02,4.04,4.01,0.08,1.995,1.0256,7894506,32142618.54,3599546243.04,3148353876.66
2018-07-11,'000407,胜利股份,4.01,4.13,3.8,4.13,4.15,-0.14,-3.3735,1.404,10807700,43230084.62,3529139470.56,3086772382.74
2018-07-10,'000407,胜利股份,4.15,4.18,4.12,4.12,4.12,0.03,0.7282,0.7754,5968490,24770903.81,3652351322.4,3194539997.1
2018-07-09,'000407,胜利股份,4.12,4.14,4.03,4.03,4.03,0.09,2.2333,0.7078,5448383,22344479.24,3625948782.72,3171446936.88
2018-07-06,'000407,胜利股份,4.03,4.12,3.94,4.05,4.05,-0.02,-0.4938,0.9711,7475378,30171448.12,3546741163.68,3102167756.22
2018-07-05,'000407,胜利股份,4.05,4.15,4.02,4.11,4.11,-0.06,-1.4599,0.5938,4571223,18693347.53,3564342856.8,3117563129.7
2018-07-04,'000407,胜利股份,4.11,4.22,4.09,4.17,4.2,-0.09,-2.1429,0.7603,5852293,24265497.3,3617147936.16,3163749250.14
2018-07-03,'000407,胜利股份,4.2,4.22,4.08,4.08,4.08,0.12,2.9412,1.0541,8114264,33702723.04,3696355555.2,3233028430.8
2018-07-02,'000407,胜利股份,4.08,4.31,4.02,4.16,4.13,-0.05,-1.2107,1.133,8721816,36416686.1,3590745396.48,3140656189.92
2018-06-29,'000407,胜利股份,4.13,4.17,3.94,3.96,3.96,0.17,4.2929,1.0222,7868895,32026519.0,3634749629.28,3179144623.62
2018-06-28,'000407,胜利股份,3.96,4.16,3.94,4.08,4.09,-0.13,-3.1785,1.1031,8491600,34381529.7,3485135237.76,3048283949.04
2018-06-27,'000407,胜利股份,4.09,4.23,4.07,4.09,4.1,-0.01,-0.2439,0.7633,5876020,24324482.0,3599546243.04,3148353876.66
2018-06-26,'000407,胜利股份,4.1,4.13,4.01,4.01,4.11,-0.01,-0.2433,0.9245,7116220,29088081.0,3608347089.6,3156051563.4
2018-06-25,'000407,胜利股份,4.11,4.24,4.1,4.24,4.12,-0.01,-0.2427,0.4421,3402800,14144045.0,3617147936.16,3163749250.14
2018-06-22,'000407,胜利股份,4.12,4.15,3.88,4.03,4.03,0.09,2.2333,0.7961,6128001,24842407.93,3625948782.72,3171446936.88
2018-06-21,'000407,胜利股份,4.03,4.47,3.98,4.41,4.42,-0.39,-8.8235,1.1389,8766944,37075831.69,3546741163.68,3102167756.22
2018-06-20,'000407,胜利股份,4.42,4.58,4.22,4.44,4.46,-0.04,-0.8969,0.7621,5866743,25763176.5,3889974179.52,3402377539.08
2018-06-19,'000407,胜利股份,4.46,4.91,4.46,4.91,4.96,-0.5,-10.0806,1.2637,9727225,44337447.95,3925177565.76,3433168286.04
2018-06-15,'000407,胜利股份,4.96,5.12,4.89,5.12,5.09,-0.13,-2.554,0.6813,5244525,26186954.25,4365219893.76,3818052623.04
2018-06-14,'000407,胜利股份,5.09,5.29,5.06,5.15,5.19,-0.1,-1.9268,0.4677,3600400,18610600.0,4479630899.04,3918122550.66
2018-06-13,'000407,胜利股份,5.19,5.32,5.15,5.32,5.31,-0.12,-2.2599,0.491,3779691,19847328.64,4567639364.64,3995099418.06
2018-06-12,'000407,胜利股份,5.31,5.37,5.27,5.32,5.31,0.0,0.0,0.4071,3133429,16616824.51,4673249523.36,4087471658.94
2018-06-11,'000407,胜利股份,5.31,5.4,5.27,5.31,5.39,-0.08,-1.4842,0.3316,2552569,13581237.38,4673249523.36,4087471658.94
2018-06-08,'000407,胜利股份,5.39,5.45,5.24,5.45,5.45,-0.06,-1.1009,0.7751,5966101,31777678.31,4743656295.84,4149053152.86
2018-06-07,'000407,胜利股份,5.45,5.61,5.44,5.51,5.53,-0.08,-1.4467,0.4345,3344600,18447825.0,4796461375.2,4195239273.3
2018-06-06,'000407,胜利股份,5.53,5.59,5.48,5.48,5.47,0.06,1.0969,0.5491,4226800,23386407.7,4866868147.68,4256820767.22
2018-06-05,'000407,胜利股份,5.47,5.5,5.36,5.36,5.36,0.11,2.0522,0.4779,3678524,19970281.64,4814063068.32,4210634646.78
2018-06-04,'000407,胜利股份,5.36,5.46,5.33,5.42,5.42,-0.06,-1.107,0.4981,3834220,20699451.9,4717253756.16,4125960092.64
2018-06-01,'000407,胜利股份,5.42,5.54,5.39,5.48,5.5,-0.08,-1.4545,0.4332,3334520,18169409.8,4770058835.52,4172146213.08
2018-05-31,'000407,胜利股份,5.5,5.62,5.42,5.42,5.42,0.08,1.476,0.599,4610700,25486686.32,4840465608.0,4233727707.0
2018-05-30,'000407,胜利股份,5.42,5.55,5.31,5.5,5.59,-0.17,-3.0411,0.7258,5587211,30291349.96,4770058835.52,4172146213.08
2018-05-29,'000407,胜利股份,5.59,5.67,5.51,5.56,5.56,0.03,0.5396,0.5125,3944721,22104936.19,4919673227.04,4303006887.66
2018-05-28,'000407,胜利股份,5.56,5.72,5.52,5.69,5.66,-0.1,-1.7668,0.8295,6385326,35863997.98,4893270687.36,4279913827.44
2018-05-25,'000407,胜利股份,5.66,5.93,5.61,5.92,5.92,-0.26,-4.3919,1.3408,10321284,59107886.2,4981279152.96,4356890694.84
2018-05-24,'000407,胜利股份,5.92,6.1,5.91,6.01,6.06,-0.14,-2.3102,0.9295,7155096,42821708.82,5210101163.52,4557030550.08
2018-05-23,'000407,胜利股份,6.06,6.28,6.04,6.28,6.33,-0.27,-4.2654,1.3672,10524162,64637669.15,5333313015.36,4664798164.44
2018-05-22,'000407,胜利股份,6.33,6.46,6.23,6.27,6.29,0.04,0.6359,2.2473,17298766,109973212.21,5570935872.48,4872635706.42
2018-05-21,'000407,胜利股份,6.29,6.4,6.06,6.22,6.19,0.1,1.6155,1.8858,14516252,91238939.9,5535732486.24,4841844959.46
2018-05-18,'000407,胜利股份,6.19,6.26,5.99,5.99,6.01,0.18,2.995,1.153,8875644,54651812.79,5447724020.64,4764868092.06
2018-05-17,'000407,胜利股份,6.01,6.07,5.97,6.02,5.99,0.02,0.3339,0.4618,3554682,21410173.58,5289308782.56,4626309730.74
2018-05-16,'000407,胜利股份,5.99,6.08,5.98,6.04,6.04,-0.05,-0.8278,0.3631,2795322,16848373.22,5271707089.44,4610914357.26
2018-05-15,'000407,胜利股份,6.04,6.09,5.91,5.94,5.94,0.1,1.6835,0.7237,5570511,33444450.25,5315711322.24,4649402790.96
2018-05-14,'000407,胜利股份,5.94,6.26,5.94,6.2,6.18,-0.24,-3.8835,0.7445,5730873,34658771.49,5227702856.64,4572425923.56
2018-05-11,'000407,胜利股份,6.18,6.28,6.13,6.21,6.19,-0.01,-0.1616,0.8048,6194864,38468118.58,5438923174.08,4757170405.32
2018-05-10,'000407,胜利股份,6.19,6.47,5.98,5.98,5.98,0.21,3.5117,1.5438,11883545,74410307.71,5447724020.64,4764868092.06
2018-05-09,'000407,胜利股份,5.98,6.03,5.94,5.96,5.99,-0.01,-0.1669,0.3871,2979400,17803036.0,5262906242.88,4603216670.52
2018-05-08,'000407,胜利股份,5.99,6.04,5.89,5.94,5.96,0.03,0.5034,0.7698,5925713,35415585.74,5271707089.44,4610914357.26
2018-05-07,'000407,胜利股份,5.96,5.96,5.8,5.82,5.83,0.13,2.2298,0.8605,6624087,38938236.39,5245304549.76,4587821297.04
2018-05-04,'000407,胜利股份,5.83,5.89,5.79,5.89,5.89,-0.06,-1.0187,0.4804,3697940,21554306.4,5130893544.48,4487751369.42
2018-05-03,'000407,胜利股份,5.89,5.92,5.7,5.79,5.79,0.1,1.7271,0.6262,4820071,28011247.68,5183698623.84,4533937489.86
2018-05-02,'000407,胜利股份,5.79,5.87,5.75,5.8,5.79,0.0,0.0,0.4571,3518860,20402919.6,5095690158.24,4456960622.46
2018-04-27,'000407,胜利股份,5.79,5.82,5.68,5.68,5.7,0.09,1.5789,0.6103,4698196,27153858.53,5095690158.24,4456960622.46
2018-04-26,'000407,胜利股份,5.7,5.84,5.7,5.82,5.82,-0.12,-2.0619,0.7898,6079911,35046289.14,5016482539.2,4387681441.8
2018-04-25,'000407,胜利股份,5.82,5.84,5.69,5.74,5.76,0.06,1.0417,0.8261,6359104,36733313.08,5122092697.92,4480053682.68
2018-04-24,'000407,胜利股份,5.76,5.84,5.64,5.75,5.75,0.01,0.1739,1.2418,9559369,54891539.92,5069287618.56,4433867562.24
2018-04-23,'000407,胜利股份,5.75,5.84,5.25,5.3,5.31,0.44,8.2863,2.237,17219842,97950446.93,5060486772.0,4426169875.5
2018-04-20,'000407,胜利股份,5.31,5.52,5.31,5.48,5.5,-0.19,-3.4545,0.5152,3965500,21450406.0,4673249523.36,4087471658.94
2018-04-19,'000407,胜利股份,5.5,5.54,5.47,5.5,5.49,0.01,0.1821,0.4693,3612900,19897557.76,4840465608.0,4233727707.0
2018-04-18,'000407,胜利股份,5.49,5.57,5.43,5.55,5.5,-0.01,-0.1818,0.5792,4458512,24416294.75,4831664761.44,4226030020.26
2018-04-17,'000407,胜利股份,5.5,5.64,5.47,5.63,5.61,-0.11,-1.9608,0.4847,3730801,20709380.65,4840465608.0,4233727707.0
2018-04-16,'000407,胜利股份,5.61,5.72,5.6,5.66,5.74,-0.13,-2.2648,0.4531,3487516,19678295.18,4937274920.16,4318402261.14
2018-04-13,'000407,胜利股份,5.74,5.79,5.62,5.74,5.73,0.01,0.1745,0.7365,5669424,32283979.46,5051685925.44,4418472188.76
2018-04-12,'000407,胜利股份,5.73,5.93,5.7,5.91,5.93,-0.2,-3.3727,1.0742,8268768,47845507.71,5042885078.88,4410774502.02
2018-04-11,'000407,胜利股份,5.93,5.93,5.85,5.87,5.85,0.08,1.3675,0.5171,3980458,23470328.37,5218902010.08,4564728236.82
2018-04-10,'000407,胜利股份,5.85,5.85,5.78,5.81,5.81,0.04,0.6885,0.3973,3057998,17796655.26,5148495237.6,4503146742.9
2018-04-09,'000407,胜利股份,5.81,5.89,5.73,5.85,5.85,-0.04,-0.6838,0.4945,3806707,22102935.35,5113291851.36,4472355995.94
2018-04-04,'000407,胜利股份,5.85,5.99,5.83,5.96,5.96,-0.11,-1.8456,0.5641,4342402,25738103.77,5148495237.6,4503146742.9
2018-04-03,'000407,胜利股份,5.96,6.06,5.75,5.91,5.93,0.03,0.5059,0.9948,7657800,45368401.56,5245304549.76,4587821297.04
2018-04-02,'000407,胜利股份,5.93,5.98,5.92,5.93,5.93,0.0,0.0,0.5691,4380398,26047550.16,5218902010.08,4564728236.82
2018-03-30,'000407,胜利股份,5.93,5.97,5.85,5.95,5.92,0.01,0.1689,0.4795,3691100,21827250.0,5218902010.08,4564728236.82
2018-03-29,'000407,胜利股份,5.92,5.94,5.83,5.83,5.84,0.08,1.3699,0.551,4241195,24983201.13,5210101163.52,4557030550.08
2018-03-28,'000407,胜利股份,5.84,5.99,5.76,5.8,5.85,-0.01,-0.1709,0.7917,6094032,35834371.66,5139694391.04,4495449056.16
2018-03-27,'000407,胜利股份,5.85,5.96,5.78,5.82,5.77,0.08,1.3865,0.9429,7258301,42600245.85,5148495237.6,4503146742.9
2018-03-26,'000407,胜利股份,5.77,5.77,5.53,5.74,5.77,0.0,0.0,0.8067,6209721,35115504.62,5078088465.12,4441565248.98
2018-03-23,'000407,胜利股份,5.77,6.2,5.71,6.2,6.31,-0.54,-8.5578,1.1874,9140240,54274141.89,5078088465.12,4441565248.98
2018-03-22,'000407,胜利股份,6.31,6.47,6.3,6.4,6.4,-0.09,-1.4063,0.583,4487638,28524223.65,5553334179.36,4857240332.94
2018-03-21,'000407,胜利股份,6.4,6.57,6.4,6.55,6.56,-0.16,-2.439,0.6508,5009800,32614277.0,5632541798.4,4926519513.6
2018-03-20,'000407,胜利股份,6.56,6.63,6.48,6.56,6.59,-0.03,-0.4552,0.6359,4894638,32050014.66,5773355343.36,5049682501.44
2018-03-19,'000407,胜利股份,6.59,6.6,6.44,6.59,6.6,-0.01,-0.1515,1.0315,7939991,51911108.13,5799757883.04,5072775561.66
2018-03-16,'000407,胜利股份,6.6,6.62,6.26,6.26,6.28,0.32,5.0955,1.3735,10573151,68444891.22,5808558729.6,5080473248.4
2018-03-15,'000407,胜利股份,6.28,6.46,6.26,6.41,6.39,-0.11,-1.7214,0.6733,5182549,32896480.32,5526931639.68,4834147272.72
2018-03-14,'000407,胜利股份,6.39,6.59,6.3,6.45,6.46,-0.07,-1.0836,1.0044,7731752,49897916.58,5623740951.84,4918821826.86
2018-03-13,'000407,胜利股份,6.46,6.78,6.2,6.22,6.19,0.27,4.3619,1.8627,14338230,93122741.21,5685346877.76,4972705634.04
2018-03-12,'000407,胜利股份,6.19,6.19,6.14,6.17,6.15,0.04,0.6504,0.7348,5656232,34890354.26,5447724020.64,4764868092.06
2018-03-09,'000407,胜利股份,6.15,6.15,6.06,6.11,6.1,0.05,0.8197,0.732,5634878,34432612.14,5412520634.4,4734077345.1
2018-03-08,'000407,胜利股份,6.1,6.15,5.96,5.96,5.99,0.11,1.8364,0.8325,6408381,38951168.1,5368516401.6,4695588911.4
2018-03-07,'000407,胜利股份,5.99,6.09,5.91,6.0,5.99,0.0,0.0,0.7809,6011154,36085384.66,5271707089.44,4610914357.26
2018-03-06,'000407,胜利股份,5.99,6.0,5.84,5.86,5.83,0.16,2.7444,0.7292,5612880,33234197.18,5271707089.44,4610914357.26
2018-03-05,'000407,胜利股份,5.83,6.01,5.81,5.99,5.99,-0.16,-2.6711,0.6501,5004596,29421930.68,5130893544.48,4487751369.42
2018-03-02,'000407,胜利股份,5.99,6.03,5.96,6.0,6.03,-0.04,-0.6633,0.5753,4428494,26511549.78,5271707089.44,4610914357.26
2018-03-01,'000407,胜利股份,6.03,6.06,6.0,6.05,6.04,-0.01,-0.1656,0.7113,5475033,32969337.34,5306910475.68,4641705104.22
2018-02-28,'000407,胜利股份,6.04,6.05,5.92,6.02,6.02,0.02,0.3322,0.5801,4465507,26768765.43,5315711322.24,4649402790.96
2018-02-27,'000407,胜利股份,6.02,6.1,6.02,6.05,6.06,-0.04,-0.6601,0.5383,4143290,25099378.66,5298109629.12,4634007417.48
2018-02-26,'000407,胜利股份,6.06,6.1,6.03,6.08,6.06,0.0,0.0,0.7379,5679901,34431686.25,5333313015.36,4664798164.44
2018-02-23,'000407,胜利股份,6.06,6.14,6.02,6.05,6.03,0.03,0.4975,0.4756,3661222,22181038.88,5333313015.36,4664798164.44
2018-02-22,'000407,胜利股份,6.03,6.15,5.97,6.01,5.98,0.05,0.8361,0.5187,3993100,24280343.0,5306910475.68,4641705104.22
2018-02-14,'000407,胜利股份,5.98,6.08,5.9,5.95,5.9,0.08,1.3559,0.6748,5194383,31208866.9,5262906242.88,4603216670.52
2018-02-13,'000407,胜利股份,5.9,5.94,5.65,5.77,5.64,0.26,4.6099,1.3667,10520467,61205636.19,5192499470.4,4541635176.6
2018-02-12,'000407,胜利股份,5.64,5.72,5.42,5.6,5.58,0.06,1.0753,1.3161,10130700,56196730.0,4963677459.84,4341495321.36
2018-02-09,'000407,胜利股份,5.58,6.04,5.58,5.86,6.2,-0.62,-10.0,1.3772,10600900,60563289.0,4910872380.48,4295309200.92
2018-02-08,'000407,胜利股份,6.2,6.3,6.08,6.14,6.2,0.0,0.0,0.7588,5840700,35972593.04,5456524867.2,4772565778.8
2018-02-07,'000407,胜利股份,6.2,6.54,6.06,6.25,6.39,-0.19,-2.9734,1.0406,8010006,49935628.94,5456524867.2,4772565778.8
2018-02-06,'000407,胜利股份,6.39,6.67,6.33,6.6,6.76,-0.37,-5.4734,0.9362,7206884,46557752.79,5623740951.84,4918821826.86
2018-02-05,'000407,胜利股份,6.76,6.79,6.21,6.62,6.69,0.07,1.0463,0.794,6112067,39979480.58,5949372274.56,5203636236.24
2018-02-02,'000407,胜利股份,6.69,7.39,6.61,7.34,7.34,-0.65,-8.8556,1.6384,12612234,84935702.44,5887766348.64,5149752429.06
2018-02-01,'000407,胜利股份,7.34,7.67,7.31,7.63,7.63,-0.29,-3.8008,0.9021,6943801,51862523.02,6459821375.04,5650102067.16
2018-01-31,'000407,胜利股份,7.63,7.72,7.57,7.68,7.68,-0.05,-0.651,0.7112,5474313,41729449.05,6715045925.28,5873334982.62
2018-01-30,'000407,胜利股份,7.68,7.84,7.68,7.73,7.72,-0.04,-0.5181,0.576,4434200,34496506.44,6759050158.08,5911823416.32
2018-01-29,'000407,胜利股份,7.72,7.82,7.7,7.76,7.77,-0.05,-0.6435,0.4249,3271013,25349593.77,6794253544.32,5942614163.28
2018-01-26,'000407,胜利股份,7.77,7.79,7.71,7.77,7.77,0.0,0.0,0.3375,2598173,20144555.18,6838257777.12,5981102596.98
2018-01-25,'000407,胜利股份,7.77,7.93,7.76,7.87,7.89,-0.12,-1.5209,0.5573,4290200,33436626.0,6838257777.12,5981102596.98
2018-01-24,'000407,胜利股份,7.89,7.95,7.83,7.91,7.91,-0.02,-0.2528,0.8697,6694454,52749820.88,6943867935.84,6073474837.86
2018-01-23,'000407,胜利股份,7.91,7.92,7.71,7.71,7.72,0.19,2.4611,1.0668,8211621,64592976.26,6961469628.96,6088870211.34
2018-01-22,'000407,胜利股份,7.72,7.76,7.57,7.57,7.57,0.15,1.9815,0.536,4126314,31690338.01,6794253544.32,5942614163.28
2018-01-19,'000407,胜利股份,7.57,7.71,7.56,7.59,7.59,-0.02,-0.2635,0.5511,4242336,32418212.02,6662240845.92,5827148862.18
2018-01-18,'000407,胜利股份,7.59,7.61,7.48,7.5,7.52,0.07,0.9309,0.4909,3779090,28510934.29,6679842539.04,5842544235.66
2018-01-17,'000407,胜利股份,7.52,7.75,7.45,7.66,7.69,-0.17,-2.2107,0.7918,6095215,45922022.5,6618236613.12,5788660428.48
2018-01-16,'000407,胜利股份,7.69,7.78,7.62,7.62,7.62,0.07,0.9186,0.7265,5592009,42996705.37,6767851004.64,5919521103.06
2018-01-15,'000407,胜利股份,7.62,7.87,7.62,7.7,7.7,-0.08,-1.039,0.7985,6146239,47436864.81,6706245078.72,5865637295.88
2018-01-12,'000407,胜利股份,7.7,7.94,7.68,7.87,7.91,-0.21,-2.6549,1.0357,7972410,61981229.66,6776651851.2,5927218789.8
2018-01-11,'000407,胜利股份,7.91,8.08,7.9,8.05,8.12,-0.21,-2.5862,1.2281,9453319,75367760.27,6961469628.96,6088870211.34
2018-01-10,'000407,胜利股份,8.12,8.15,7.84,7.92,7.96,0.16,2.0101,2.1083,16229099,130566472.92,7146287406.72,6250521632.88
2018-01-09,'000407,胜利股份,7.96,8.18,7.89,7.98,7.83,0.13,1.6603,1.6925,13028214,104375613.1,7005473861.76,6127358645.04
2018-01-08,'000407,胜利股份,7.83,7.85,7.68,7.75,7.77,0.06,0.7722,0.7711,5935814,46151209.08,6891062856.48,6027288717.42
2018-01-05,'000407,胜利股份,7.77,7.81,7.7,7.79,7.82,-0.05,-0.6394,0.5445,4191425,32517498.98,6838257777.12,5981102596.98
2018-01-04,'000407,胜利股份,7.82,7.9,7.75,7.81,7.8,0.02,0.2564,0.7897,6078882,47519705.29,6882262009.92,6019591030.68
2018-01-03,'000407,胜利股份,7.8,7.84,7.73,7.76,7.79,0.01,0.1284,0.6734,5183619,40372766.0,6864660316.8,6004195657.2
2018-01-02,'000407,胜利股份,7.79,7.89,7.67,7.72,7.69,0.1,1.3004,0.7066,5439381,42381731.5,6855859470.24,5996497970.46
2017-12-29,'000407,胜利股份,7.69,7.73,7.63,7.63,7.63,0.06,0.7864,0.5238,4031731,30955077.84,6767851004.64,5919521103.06
2017-12-28,'000407,胜利股份,7.63,7.8,7.61,7.79,7.81,-0.18,-2.3047,1.0831,8337472,64075196.25,6715045925.28,5873334982.62
2017-12-27,'000407,胜利股份,7.81,8.15,7.8,7.96,8.0,-0.19,-2.375,1.2492,9616221,76783414.63,6873461163.36,6011893343.94
2017-12-26,'000407,胜利股份,8.0,8.1,7.75,7.98,7.96,0.04,0.5025,1.606,12362749,98291908.45,7040677248.0,6158149392.0
2017-12-25,'000407,胜利股份,7.96,8.31,7.96,8.05,8.1,-0.14,-1.7284,2.3201,17859545,144484514.51,7005473861.76,6127358645.04
2017-12-22,'000407,胜利股份,8.1,8.29,7.74,7.79,7.79,0.31,3.9795,2.9709,22869019,183913539.15,7128685713.6,6235126259.4
2017-12-21,'000407,胜利股份,7.79,7.84,7.51,7.55,7.62,0.17,2.231,1.3008,10013385,77305168.61,6855859470.24,5996497970.46
2017-12-20,'000407,胜利股份,7.62,7.73,7.48,7.49,7.47,0.15,2.008,1.0969,8443467,64479945.81,6706245078.72,5865637295.88
2017-12-19,'000407,胜利股份,7.47,7.51,7.44,7.45,7.45,0.02,0.2685,0.3458,2661974,19891209.28,6574232380.32,5750171994.78
2017-12-18,'000407,胜利股份,7.45,7.62,7.44,7.62,7.57,-0.12,-1.5852,0.341,2624690,19687591.94,6556630687.2,5734776621.3
2017-12-15,'000407,胜利股份,7.57,7.62,7.48,7.51,7.49,0.08,1.0681,0.6213,4782511,36220940.2,6662240845.92,5827148862.18
2017-12-14,'000407,胜利股份,7.49,7.72,7.37,7.47,7.48,0.01,0.1337,0.6474,4983169,37650560.79,6591834073.44,5765567368.26
2017-12-13,'000407,胜利股份,7.48,7.57,7.42,7.42,7.48,0.0,0.0,0.3553,2735051,20506942.07,6583033226.88,5757869681.52
2017-12-12,'000407,胜利股份,7.48,7.52,7.42,7.52,7.5,-0.02,-0.2667,0.2821,2171840,16222726.0,6583033226.88,5757869681.52
2017-12-11,'000407,胜利股份,7.5,7.52,7.35,7.35,7.33,0.17,2.3192,0.5437,4185200,31245236.48,6600634920.0,5773265055.0
2017-12-08,'000407,胜利股份,7.33,7.46,7.3,7.4,7.4,-0.07,-0.9459,0.5738,4417210,32479990.2,6451020528.48,5642404380.42
2017-12-07,'000407,胜利股份,7.4,7.58,7.36,7.55,7.59,-0.19,-2.5033,0.41,3028606,22502296.22,6512626454.4,5465861141.6
2017-12-06,'000407,胜利股份,7.59,7.59,7.28,7.3,7.37,0.22,2.9851,0.7456,5507071,40795424.82,6679842539.04,5606200819.56
2017-12-05,'000407,胜利股份,7.37,7.53,7.34,7.5,7.51,-0.14,-1.8642,0.5876,4340404,32229599.62,6486223914.72,5443702245.08
2017-12-04,'000407,胜利股份,7.51,7.67,7.49,7.6,7.57,-0.06,-0.7926,0.3811,2815100,21291372.32,6609435766.56,5547110428.84
2017-12-01,'000407,胜利股份,7.57,7.67,7.48,7.65,7.63,-0.06,-0.7864,0.6523,4818000,36282795.0,6662240845.92,5591428221.88
2017-11-30,'000407,胜利股份,7.63,7.86,7.63,7.8,7.86,-0.23,-2.9262,0.5572,4115410,31779741.3,6715045925.28,5635746014.92
2017-11-29,'000407,胜利股份,7.86,7.97,7.8,7.89,7.89,-0.03,-0.3802,0.3875,2861949,22569470.65,6917465396.16,5805630888.24
2017-11-28,'000407,胜利股份,7.89,7.93,7.77,7.8,7.82,0.07,0.8951,0.4741,3502113,27545594.23,6943867935.84,5827789784.76
2017-11-27,'000407,胜利股份,7.82,8.05,7.62,7.68,7.69,0.13,1.6905,0.9157,6763650,53416327.29,6882262009.92,5776085692.88
2017-11-24,'000407,胜利股份,7.69,7.74,7.38,7.45,7.45,0.24,3.2215,0.7026,5189314,39497942.69,6767851004.64,5680063807.96
2017-11-23,'000407,胜利股份,7.45,7.69,7.33,7.69,7.62,-0.17,-2.231,0.696,5140638,38605397.49,6556630687.2,5502792635.8
2017-11-22,'000407,胜利股份,7.62,7.74,7.49,7.55,7.55,0.07,0.9272,0.5072,3746527,28588536.04,6706245078.72,5628359716.08
2017-11-21,'000407,胜利股份,7.55,7.7,7.5,7.66,7.64,-0.09,-1.178,0.5842,4315144,32585269.3,6644639152.8,5576655624.2
2017-11-20,'000407,胜利股份,7.64,7.75,7.48,7.69,7.75,-0.11,-1.4194,0.4881,3605304,27519759.87,6723846771.84,5643132313.76
2017-11-17,'000407,胜利股份,7.75,8.0,7.75,7.93,7.96,-0.21,-2.6382,0.9477,6999802,54940588.82,6820656084.0,5724381601.0
2017-11-16,'000407,胜利股份,7.96,8.04,7.72,7.81,7.8,0.16,2.0513,0.6153,4545065,35886780.18,7005473861.76,5879493876.64
2017-11-15,'000407,胜利股份,7.8,7.91,7.7,7.85,7.88,-0.08,-1.0152,0.4042,2985570,23278022.7,6864660316.8,5761313095.2
2017-11-14,'000407,胜利股份,7.88,8.01,7.86,7.92,7.94,-0.06,-0.7557,0.9324,6886816,54752914.6,6935067089.28,5820403485.92
2017-11-13,'000407,胜利股份,7.94,7.97,7.58,7.58,7.59,0.35,4.6113,1.665,12298395,96256429.3,6987872168.64,5864721278.96
2017-11-10,'000407,胜利股份,7.59,7.68,7.55,7.68,7.75,-0.16,-2.0645,1.1405,7696113,58502894.05,6679842539.04,5121556800.03
2017-11-09,'000407,胜利股份,7.75,7.83,7.62,7.67,7.69,0.06,0.7802,1.0889,7347510,56726577.39,6820656084.0,5229521106.75
2017-11-08,'000407,胜利股份,7.69,7.73,7.63,7.73,7.69,0.0,0.0,0.5238,3534231,27180996.03,6767851004.64,5189034491.73
2017-11-07,'000407,胜利股份,7.69,7.78,7.65,7.72,7.7,-0.01,-0.1299,0.4947,3338230,25682807.12,6767851004.64,5189034491.73
2017-11-06,'000407,胜利股份,7.7,7.74,7.52,7.65,7.63,0.07,0.9174,0.6137,4141323,31553213.57,6776651851.2,5195782260.9
2017-11-03,'000407,胜利股份,7.63,7.67,7.47,7.62,7.61,0.02,0.2628,0.5753,3882060,29449520.9,6715045925.28,5148547876.71
2017-11-02,'000407,胜利股份,7.61,7.78,7.58,7.78,7.77,-0.16,-2.0592,0.8045,5428602,41378907.98,6697444232.16,5135052338.37
2017-11-01,'000407,胜利股份,7.77,7.85,7.69,7.81,7.81,-0.04,-0.5122,0.581,3920537,30454145.42,6838257777.12,5243016645.09
2017-10-31,'000407,胜利股份,7.81,7.82,7.63,7.75,7.71,0.1,1.297,0.788,5316970,40940983.53,6873461163.36,5270007721.77
2017-10-30,'000407,胜利股份,7.71,8.09,7.52,8.09,8.11,-0.4,-4.9322,1.7739,11969549,93244755.2,6785452697.76,5202530030.07
2017-10-27,'000407,胜利股份,8.11,8.26,8.1,8.22,8.22,-0.11,-1.3382,0.9128,6159151,50314616.88,7137486560.16,5472440796.87
2017-10-26,'000407,胜利股份,8.22,8.31,8.15,8.27,8.3,-0.08,-0.9639,0.9396,6339980,51987765.36,7234295872.32,5546666257.74
2017-10-25,'000407,胜利股份,8.3,8.36,8.22,8.28,8.28,0.02,0.2415,0.6316,4261931,35323427.47,7304702644.8,5600648411.1
2017-10-24,'000407,胜利股份,8.28,8.45,8.21,8.44,8.43,-0.15,-1.7794,0.9957,6718461,55756333.78,7287100951.68,5587152872.76
2017-10-23,'000407,胜利股份,8.43,8.55,8.4,8.55,8.55,-0.12,-1.4035,0.8171,5513597,46528350.42,7419113650.08,5688369410.31
2017-10-20,'000407,胜利股份,8.55,8.63,8.35,8.4,8.41,0.14,1.6647,1.1121,7504030,63820555.53,7524723808.8,5769342640.35
2017-10-19,'000407,胜利股份,8.41,8.65,8.32,8.65,8.63,-0.22,-2.5492,1.5762,10635854,89890287.41,7401511956.96,5674873871.97
2017-10-18,'000407,胜利股份,8.63,8.8,8.56,8.7,8.7,-0.07,-0.8046,2.1356,14410702,124789751.21,7595130581.28,5823324793.71
2017-10-17,'000407,胜利股份,8.7,8.87,8.34,8.39,8.41,0.29,3.4483,3.6867,24877316,215296387.04,7656736507.2,5870559177.9
2017-10-16,'000407,胜利股份,8.41,8.56,8.32,8.33,8.34,0.07,0.8393,1.9226,12973229,109452374.42,7401511956.96,5674873871.97
2017-10-13,'000407,胜利股份,8.34,8.44,8.22,8.3,8.39,-0.05,-0.5959,1.622,10944910,91199878.46,7339906031.04,5627639487.78
2017-10-12,'000407,胜利股份,8.39,8.56,8.13,8.16,8.1,0.29,3.5802,3.4089,23002513,191724521.82,7383910263.84,5661378333.63
2017-10-11,'000407,胜利股份,8.1,8.1,8.05,8.09,8.1,0.0,0.0,0.6616,4464652,36053173.3,7128685713.6,5465693027.7
2017-10-10,'000407,胜利股份,8.1,8.12,8.04,8.05,8.07,0.03,0.3717,0.5992,4043140,32636740.89,7128685713.6,5465693027.7
2017-10-09,'000407,胜利股份,8.07,8.19,8.05,8.14,8.09,-0.02,-0.2472,0.9449,6375661,51585317.71,7102283173.92,5445449720.19
2017-09-29,'000407,胜利股份,8.09,8.12,8.02,8.07,8.05,0.04,0.4969,0.4663,3146261,25382529.01,7119884867.04,5458945258.53
2017-09-28,'000407,胜利股份,8.05,8.16,8.02,8.15,8.14,-0.09,-1.1057,0.6182,4171460,33733629.4,7084681480.8,5431954181.85
2017-09-27,'000407,胜利股份,8.14,8.16,7.94,7.98,7.99,0.15,1.8773,0.8901,6006008,48578047.6,7163889099.84,5492684104.38
2017-09-26,'000407,胜利股份,7.99,8.09,7.98,8.03,8.05,-0.06,-0.7453,0.4515,3046500,24457222.0,7031876401.44,5391467566.83
2017-09-25,'000407,胜利股份,8.05,8.12,8.04,8.11,8.11,-0.06,-0.7398,0.4648,3136530,25373305.92,7084681480.8,5431954181.85
2017-09-22,'000407,胜利股份,8.11,8.14,8.01,8.1,8.09,0.02,0.2472,0.7241,4886219,39464778.05,7137486560.16,5472440796.87
2017-09-21,'000407,胜利股份,8.09,8.2,8.07,8.19,8.16,-0.07,-0.8578,0.7398,4991700,40505824.74,7119884867.04,5458945258.53
2017-09-20,'000407,胜利股份,8.16,8.2,8.1,8.1,8.15,0.01,0.1227,0.6478,4371516,35670712.01,7181490792.96,5506179642.72
2017-09-19,'000407,胜利股份,8.15,8.26,8.07,8.1,8.12,0.03,0.3695,1.6851,11370428,92852555.55,7172689946.4,5499431873.55
2017-09-18,'000407,胜利股份,8.12,8.16,8.08,8.14,8.16,-0.04,-0.4902,0.7225,4875452,39580992.24,7146287406.72,5479188566.04
2017-09-15,'000407,胜利股份,8.16,8.25,8.13,8.25,8.19,-0.03,-0.3663,0.682,4602261,37569168.27,7181490792.96,5506179642.72
2017-09-14,'000407,胜利股份,8.19,8.28,8.15,8.23,8.24,-0.05,-0.6068,0.809,5458689,44855037.96,7207893332.64,5526422950.23
2017-09-13,'000407,胜利股份,8.24,8.25,8.13,8.21,8.2,0.04,0.4878,0.7986,5388891,44041999.7,7251897565.44,5560161796.08
2017-09-12,'000407,胜利股份,8.2,8.25,8.16,8.22,8.21,-0.01,-0.1218,1.0235,6906385,56635141.71,7216694179.2,5533170719.4
2017-09-11,'000407,胜利股份,8.21,8.26,8.12,8.24,8.15,0.06,0.7362,1.1286,7615203,62381707.31,7225495025.76,5539918488.57
2017-09-08,'000407,胜利股份,8.15,8.24,8.12,8.22,8.19,-0.04,-0.4884,1.0089,6808130,55520150.0,7172689946.4,5499431873.55
2017-09-07,'000407,胜利股份,8.19,8.34,8.18,8.25,8.22,-0.03,-0.365,1.2021,8111720,67034056.4,7207893332.64,5526422950.23
2017-09-06,'000407,胜利股份,8.22,8.27,8.14,8.24,8.27,-0.05,-0.6046,0.8287,5591952,45856962.16,7234295872.32,5546666257.74
2017-09-05,'000407,胜利股份,8.27,8.45,8.12,8.21,8.21,0.06,0.7308,1.6836,11360502,94398101.42,7278300105.12,5580405103.59
2017-09-04,'000407,胜利股份,8.21,8.29,8.17,8.29,8.28,-0.07,-0.8454,0.9901,6681100,54830412.0,7225495025.76,5539918488.57
2017-09-01,'000407,胜利股份,8.28,8.4,8.28,8.35,8.35,-0.07,-0.8383,0.8244,5562530,46287555.06,7287100951.68,5587152872.76
2017-08-31,'000407,胜利股份,8.35,8.46,8.19,8.27,8.25,0.1,1.2121,1.3836,9336301,77733408.35,7348706877.6,5634387256.95
2017-08-30,'000407,胜利股份,8.25,8.3,8.25,8.25,8.29,-0.04,-0.4825,0.7281,4913153,40590789.25,7260698412.0,5566909565.25
2017-08-29,'000407,胜利股份,8.29,8.31,8.21,8.21,8.24,0.05,0.6068,0.8087,5456934,45091334.88,7295901798.24,5593900641.93
2017-08-28,'000407,胜利股份,8.24,8.3,8.17,8.18,8.18,0.06,0.7335,0.7575,5111427,42124651.17,7251897565.44,5560161796.08
2017-08-25,'000407,胜利股份,8.18,8.19,8.06,8.1,8.09,0.09,1.1125,0.5285,3566164,29038423.61,7199092486.08,5519675181.06
2017-08-24,'000407,胜利股份,8.09,8.28,8.07,8.28,8.26,-0.17,-2.0581,0.8139,5492220,44815819.3,7119884867.04,5458945258.53
2017-08-23,'000407,胜利股份,8.26,8.39,8.13,8.14,8.11,0.15,1.8496,1.3951,9413737,77974620.05,7269499258.56,5573657334.42
2017-08-22,'000407,胜利股份,8.11,8.2,8.07,8.14,8.16,-0.05,-0.6127,0.8144,5495162,44695523.78,7137486560.16,5472440796.87
2017-08-21,'000407,胜利股份,8.16,8.18,8.1,8.17,8.13,0.03,0.369,0.7182,4846052,39437848.24,7181490792.96,5506179642.72
2017-08-18,'000407,胜利股份,8.13,8.21,8.01,8.05,8.03,0.1,1.2453,1.0443,7047002,57406168.96,7155088253.28,5485936335.21
2017-08-17,'000407,胜利股份,8.03,8.05,7.96,7.98,8.0,0.03,0.375,0.5354,3612444,28932782.18,7067079787.68,5418458643.51
2017-08-16,'000407,胜利股份,8.0,8.08,7.97,8.05,8.05,-0.05,-0.6211,0.5732,3868136,30920641.48,7040677248.0,5398215336.0
2017-08-15,'000407,胜利股份,8.05,8.06,7.92,8.02,8.01,0.04,0.4994,0.4823,3254751,26042286.93,7084681480.8,5431954181.85
2017-08-14,'000407,胜利股份,8.01,8.11,7.87,7.91,7.92,0.09,1.1364,0.7544,5090461,40802101.35,7049478094.56,5404963105.17
2017-08-11,'000407,胜利股份,7.92,8.13,7.88,8.12,8.15,-0.23,-2.8221,0.9338,6300987,50336681.03,6970270475.52,5344233182.64
2017-08-10,'000407,胜利股份,8.15,8.4,8.09,8.4,8.36,-0.21,-2.512,1.2829,8656699,71193253.02,7172689946.4,5499431873.55
2017-08-09,'000407,胜利股份,8.36,8.43,8.15,8.27,8.22,0.14,1.7032,1.6548,11166127,92663498.89,7357507724.16,5641135026.12
2017-08-08,'000407,胜利股份,8.22,8.22,7.93,7.96,7.96,0.26,3.2663,1.3562,9151078,74084949.43,7234295872.32,5546666257.74
2017-08-07,'000407,胜利股份,7.96,7.97,7.85,7.9,7.89,0.07,0.8872,0.4981,3360974,26598942.96,7005473861.76,5371224259.32
2017-08-04,'000407,胜利股份,7.89,8.05,7.87,7.99,7.98,-0.09,-1.1278,0.7391,4987441,39474500.44,6943867935.84,5323989875.13
2017-08-03,'000407,胜利股份,7.98,8.09,7.9,7.9,7.88,0.1,1.269,0.8692,5865486,46896929.35,7023075554.88,5384719797.66
2017-08-02,'000407,胜利股份,7.88,8.03,7.85,7.97,8.0,-0.12,-1.5,0.9052,6108335,48591191.37,6935067089.28,5317242105.96
2017-08-01,'000407,胜利股份,8.0,8.1,7.99,8.05,8.04,-0.04,-0.4975,0.8341,5628580,45262748.0,7040677248.0,5398215336.0
2017-07-31,'000407,胜利股份,8.04,8.2,7.81,8.0,8.03,0.01,0.1245,1.0387,7008635,56115502.75,7075880634.24,5425206412.68
2017-07-28,'000407,胜利股份,8.03,8.25,7.92,8.17,8.2,-0.17,-2.0732,1.3949,9412725,76169363.09,7067079787.68,5418458643.51
2017-07-27,'000407,胜利股份,8.2,8.38,8.13,8.22,8.18,0.02,0.2445,0.902,6086201,50218221.94,7216694179.2,5533170719.4
2017-07-26,'000407,胜利股份,8.18,8.35,8.13,8.32,8.36,-0.18,-2.1531,0.8784,5926981,48603221.47,7199092486.08,5519675181.06
2017-07-25,'000407,胜利股份,8.36,8.55,8.31,8.42,8.51,-0.15,-1.7626,1.4088,9506384,80043849.19,7357507724.16,5641135026.12
2017-07-24,'000407,胜利股份,8.51,8.6,7.54,7.83,7.83,0.68,8.6845,2.5617,17285613,138748857.21,7489520422.56,5742351563.67
2017-07-21,'000407,胜利股份,7.83,8.03,7.79,7.96,8.01,-0.18,-2.2472,0.9708,6550657,51616436.97,6891062856.48,5283503260.11
2017-07-20,'000407,胜利股份,8.01,8.13,8.0,8.12,8.05,-0.04,-0.4969,0.7442,5021777,40427719.36,7049478094.56,5404963105.17
2017-07-19,'000407,胜利股份,8.05,8.1,7.97,8.05,8.03,0.02,0.2491,0.7654,5164576,41520549.66,7084681480.8,5431954181.85
2017-07-18,'000407,胜利股份,8.03,8.22,7.74,8.19,8.08,-0.05,-0.6188,1.4106,9518563,75436309.27,7067079787.68,5418458643.51
2017-07-17,'000407,胜利股份,8.08,8.86,8.05,8.86,8.88,-0.8,-9.009,1.647,11113712,92549193.97,7111084020.48,5452197489.36
2017-07-14,'000407,胜利股份,8.88,9.06,8.88,8.99,8.97,-0.09,-1.0033,0.5594,3774787,33743419.66,7815151745.28,5992019022.96
2017-07-13,'000407,胜利股份,8.97,9.15,8.96,9.15,9.07,-0.1,-1.1025,0.6389,4310922,38855456.88,7894359364.32,6052748945.49
2017-07-12,'000407,胜利股份,9.07,9.2,9.0,9.02,9.0,0.07,0.7778,0.7004,4725912,42840080.8,7982367829.92,6120226637.19
2017-07-11,'000407,胜利股份,9.0,9.2,9.0,9.13,9.11,-0.11,-1.2075,0.884,5965061,54035966.67,7920761904.0,6072992253.0
2017-07-10,'000407,胜利股份,9.11,9.28,8.93,9.13,9.16,-0.05,-0.5459,1.0458,7056546,64342578.7,8017571216.16,6147217713.87
2017-07-07,'000407,胜利股份,9.16,9.28,9.15,9.24,9.21,-0.05,-0.5429,0.7324,4942321,45409573.36,8061575448.96,6180956559.72
2017-07-06,'000407,胜利股份,9.21,9.35,9.2,9.33,9.33,-0.12,-1.2862,0.7199,4858033,44987699.62,8105579681.76,6214695405.57
2017-07-05,'000407,胜利股份,9.33,9.37,9.16,9.32,9.27,0.06,0.6472,1.1157,7528517,69814901.51,8211189840.48,6295668635.61
2017-07-04,'000407,胜利股份,9.27,9.52,9.22,9.5,9.48,-0.21,-2.2152,0.9816,6623802,61722219.63,8158384761.12,6255182020.59
2017-07-03,'000407,胜利股份,9.48,9.75,9.4,9.63,9.6,-0.12,-1.25,0.835,5634637,53379693.74,8343202538.88,6396885173.16
2017-06-30,'000407,胜利股份,9.6,9.73,9.48,9.5,9.57,0.03,0.3135,0.8564,5778559,55654980.38,8448812697.6,6477858403.2
2017-06-29,'000407,胜利股份,9.57,9.64,9.36,9.4,9.38,0.19,2.0256,0.857,5783024,54883607.7,8422410157.92,6457615095.69
2017-06-28,'000407,胜利股份,9.38,9.68,9.36,9.66,9.67,-0.29,-2.999,1.1118,7502130,71092259.4,8255194073.28,6329407481.46
2017-06-27,'000407,胜利股份,9.67,9.79,9.6,9.77,9.74,-0.07,-0.7187,1.0369,6997045,67623247.9,8510418623.52,6525092787.39
2017-06-26,'000407,胜利股份,9.74,9.8,9.58,9.62,9.68,0.06,0.6198,0.753,5080941,49287148.47,8572024549.44,6572327171.58
2017-06-23,'000407,胜利股份,9.68,9.87,9.54,9.7,9.78,-0.1,-1.0225,1.2064,8140542,78494895.64,8519219470.08,6531840556.56
2017-06-22,'000407,胜利股份,9.78,10.17,9.78,10.13,10.09,-0.31,-3.0723,0.847,5715659,57150420.11,8607227935.68,6599318248.26
2017-06-21,'000407,胜利股份,10.09,10.23,9.99,10.23,10.15,-0.06,-0.5911,0.7099,4790204,48391992.74,8880054179.04,6808499092.53
2017-06-20,'000407,胜利股份,10.15,10.28,10.12,10.28,10.27,-0.12,-1.1685,0.8261,5574615,56752547.9,8932859258.4,6848985707.55
2017-06-19,'000407,胜利股份,10.27,10.4,10.26,10.28,10.28,-0.01,-0.0973,0.6811,4595836,47389471.8,9038469417.12,6929958937.59
2017-06-16,'000407,胜利股份,10.28,10.4,10.05,10.08,10.18,0.1,0.9823,0.9616,6488582,66250784.75,9047270263.68,6936706706.76
2017-06-15,'000407,胜利股份,10.18,10.25,10.12,10.2,10.1,0.08,0.7921,0.7595,5125181,52225983.28,8959261798.08,6869229015.06
2017-06-14,'000407,胜利股份,10.1,10.26,10.09,10.18,10.17,-0.07,-0.6883,0.6807,4593285,46643100.9,8888855025.6,6815246861.7
2017-06-13,'000407,胜利股份,10.17,10.36,10.1,10.2,10.07,0.1,0.993,1.1958,8069077,82389664.59,8950460951.52,6862481245.89
2017-06-12,'000407,胜利股份,10.07,10.5,10.07,10.38,10.23,-0.16,-1.564,1.4799,9986192,102529949.05,8862452485.92,6795003554.19
2017-06-09,'000407,胜利股份,10.23,10.92,10.16,10.3,10.12,0.11,1.087,2.1386,14431013,149952102.45,9003266030.88,6902967860.91
2017-06-08,'000407,胜利股份,10.12,10.31,10.01,10.13,10.15,-0.03,-0.2956,1.6182,10919097,110949725.38,8906456718.72,6828742400.04
2017-06-07,'000407,胜利股份,10.15,10.4,9.69,9.73,9.78,0.37,3.7832,2.725,18387647,186426287.38,8932859258.4,6848985707.55
2017-06-06,'000407,胜利股份,9.78,9.83,9.2,9.25,9.24,0.54,5.8442,1.799,12139107,116046108.28,8607227935.68,6599318248.26
2017-06-05,'000407,胜利股份,9.24,9.26,9.01,9.01,9.03,0.21,2.3256,1.1712,7902815,72409136.34,8131982221.44,6234938713.08
2017-06-02,'000407,胜利股份,9.03,9.06,8.82,8.95,9.02,0.01,0.1109,0.9237,6232883,56031011.49,7947164443.68,6093235560.51
2017-06-01,'000407,胜利股份,9.02,9.14,8.98,9.05,9.05,-0.03,-0.3315,1.1452,7727513,70016898.31,7938363597.12,6086487791.34
2017-05-31,'000407,胜利股份,9.05,9.23,9.03,9.12,9.01,0.04,0.444,0.8314,5610275,51180503.05,7964766136.8,6106731098.85
2017-05-26,'000407,胜利股份,9.01,9.14,8.79,8.8,8.81,0.2,2.2701,1.1165,7533665,68069108.6,7929562750.56,6079740022.17
2017-05-25,'000407,胜利股份,8.81,8.98,8.6,8.89,8.88,-0.07,-0.7883,0.9218,6220204,54535494.24,7753545819.36,5944784638.77
2017-05-24,'000407,胜利股份,8.88,8.98,8.4,8.48,8.84,0.04,0.4525,1.1981,8084690,69772179.32,7815151745.28,5992019022.96
2017-05-23,'000407,胜利股份,8.84,9.37,8.8,9.37,9.29,-0.45,-4.8439,1.2574,8484511,76456295.9,7779948359.04,5965027946.28
2017-05-22,'000407,胜利股份,9.29,9.6,9.28,9.43,9.34,-0.05,-0.5353,1.1258,7596859,71735230.25,8175986454.24,6268677558.93
2017-05-19,'000407,胜利股份,9.34,9.44,9.31,9.33,9.36,-0.02,-0.2137,0.5792,3908376,36591746.78,8219990687.04,6302416404.78
2017-05-18,'000407,胜利股份,9.36,9.49,9.26,9.37,9.38,-0.02,-0.2132,0.8964,6048527,56775332.35,8237592380.16,6315911943.12
2017-05-17,'000407,胜利股份,9.38,9.55,9.14,9.22,9.22,0.16,1.7354,1.7702,11944677,112286383.64,8255194073.28,6329407481.46
2017-05-16,'000407,胜利股份,9.22,9.23,8.71,9.15,9.13,0.09,0.9858,0.9816,6623600,59893364.46,8114380528.32,6221443174.74
2017-05-15,'000407,胜利股份,9.13,9.22,9.01,9.06,8.98,0.15,1.6704,0.7599,5127595,46640932.02,8035172909.28,6160713252.21
2017-05-12,'000407,胜利股份,8.98,9.17,8.82,8.91,8.91,0.07,0.7856,1.3349,9007715,80840169.36,7903160210.88,6059496714.66
2017-05-11,'000407,胜利股份,8.91,9.19,8.33,9.19,9.25,-0.34,-3.6757,2.7976,18877769,164609754.79,7841554284.96,6012262330.47
2017-05-10,'000407,胜利股份,9.25,9.65,9.25,9.45,9.4,-0.15,-1.5957,1.1542,7788372,73601350.66,8140783068.0,6241686482.25
2017-05-09,'000407,胜利股份,9.4,9.79,9.18,9.73,9.66,-0.26,-2.6915,1.5308,10329643,97484635.88,8272795766.4,6342903019.8
2017-05-08,'000407,胜利股份,9.66,10.11,9.66,10.11,10.15,-0.49,-4.8276,1.6636,11225784,111379108.47,8501617776.96,6518345018.22
2017-05-05,'000407,胜利股份,10.15,10.46,10.15,10.45,10.46,-0.31,-2.9637,1.1084,7479546,76815831.9,8932859258.4,6848985707.55
2017-05-04,'000407,胜利股份,10.46,10.67,10.46,10.51,10.57,-0.11,-1.0407,0.9458,6382190,67295234.48,9205685501.76,7058166551.82
2017-05-03,'000407,胜利股份,10.57,10.71,10.51,10.64,10.56,0.01,0.0947,0.9076,6124505,64976346.94,9302494813.92,7132392012.69
2017-05-02,'000407,胜利股份,10.56,10.67,10.49,10.67,10.62,-0.06,-0.565,0.9332,6296898,66708962.64,9293693967.36,7125644243.52
2017-04-28,'000407,胜利股份,10.62,10.72,10.25,10.33,10.33,0.29,2.8074,1.4339,9675584,102413168.42,9346499046.72,7166130858.54
2017-04-27,'000407,胜利股份,10.33,10.43,9.81,10.21,10.21,0.12,1.1753,2.1127,14255681,143655452.85,9091274496.48,6970445552.61
2017-04-26,'000407,胜利股份,10.21,10.6,10.18,10.4,10.4,-0.19,-1.8269,2.267,15297150,158198709.33,8985664337.76,6889472322.57
2017-04-25,'000407,胜利股份,10.4,11.23,10.2,11.12,11.05,-0.65,-5.8824,2.4454,16501157,178378087.93,9152880422.4,7017679936.8
2017-04-24,'000407,胜利股份,11.05,11.6,11.05,11.58,11.63,-0.58,-4.9871,1.9969,13474903,151930547.84,9724935448.8,7456284932.85
2017-04-21,'000407,胜利股份,11.63,11.65,11.26,11.28,11.35,0.28,2.467,1.8577,12535309,143938963.44,10235384549.3,7847655544.71
2017-04-20,'000407,胜利股份,11.35,11.58,11.16,11.16,11.12,0.23,2.0683,1.5454,10428187,118774891.83,9988960845.6,7658718007.95
2017-04-19,'000407,胜利股份,11.12,11.51,11.03,11.37,11.38,-0.26,-2.2847,1.5948,10761264,120815848.16,9786541374.72,7503519317.04
2017-04-18,'000407,胜利股份,11.38,11.76,11.0,11.0,11.05,0.33,2.9864,2.3691,15986142,183479905.22,10015363385.3,7678961315.46
2017-04-17,'000407,胜利股份,11.05,11.31,10.9,11.18,11.16,-0.11,-0.9857,1.3667,9221928,101544309.5,9724935448.8,7456284932.85
2017-04-14,'000407,胜利股份,11.16,11.43,11.12,11.38,11.44,-0.28,-2.4476,1.8905,12756771,143618701.85,9821744760.96,7530510393.72
2017-04-13,'000407,胜利股份,11.44,11.53,11.35,11.45,11.44,0.0,0.0,1.2313,8308606,94991919.38,10068168464.6,7719447930.48
2017-04-12,'000407,胜利股份,11.44,11.57,11.12,11.26,11.31,0.13,1.1494,1.6163,10906523,124236172.48,10068168464.6,7719447930.48
2017-04-11,'000407,胜利股份,11.31,11.48,11.04,11.4,11.41,-0.1,-0.8764,2.4279,16383031,183923658.02,9953757459.36,7631726931.27
2017-04-10,'000407,胜利股份,11.41,11.74,11.39,11.65,11.65,-0.24,-2.0601,2.0721,13982164,161235740.1,10041765925.0,7699204622.97
2017-04-07,'000407,胜利股份,11.65,11.85,11.5,11.54,11.61,0.04,0.3445,2.6352,17781655,207763945.31,10252986242.4,7861151083.05
2017-04-06,'000407,胜利股份,11.61,11.81,11.45,11.64,11.64,-0.03,-0.2577,2.2168,14958572,173401637.5,10217782856.2,7834160006.37
2017-04-05,'000407,胜利股份,11.64,12.08,11.08,11.08,11.08,0.56,5.0542,4.3476,29336681,342520781.62,10244185395.8,7854403313.88
2017-03-31,'000407,胜利股份,11.08,11.2,10.62,10.89,10.83,0.25,2.3084,2.5611,17281634,189307589.4,9751337988.48,7476528240.36
2017-03-30,'000407,胜利股份,10.83,11.44,10.36,11.41,11.38,-0.55,-4.833,4.5013,30373486,331670844.15,9531316824.48,7307834011.11
2017-03-29,'000407,胜利股份,11.38,11.65,11.3,11.43,11.43,-0.05,-0.4374,2.7062,18260907,208984505.3,10015363385.3,7678961315.46
2017-03-28,'000407,胜利股份,11.43,11.88,11.26,11.8,11.9,-0.47,-3.9496,4.4106,29761413,345092745.83,10059367618.1,7712700161.31
2017-03-27,'000407,胜利股份,11.9,12.04,11.58,11.84,11.81,0.09,0.7621,6.2635,42264958,500483741.87,10473007406.4,8029845312.3
2017-03-24,'000407,胜利股份,11.81,12.5,11.72,12.0,12.2,-0.39,-3.1967,9.5588,64500456,776417425.24,10393799787.4,7969115389.77
2017-03-23,'000407,胜利股份,12.2,12.2,11.58,12.2,11.09,1.11,10.009,15.7038,105965449,1275565708.23,10737032803.2,8232278387.4
2017-03-22,'000407,胜利股份,11.09,11.09,11.09,11.09,10.08,1.01,10.0198,0.3388,2286449,25356719.41,9760138835.04,7483276009.53
2017-03-21,'000407,胜利股份,0.0,0.0,0.0,0.0,10.08,None,None,0.0,0,0.0,8871253332.48,6801751323.36
2017-03-20,'000407,胜利股份,0.0,0.0,0.0,0.0,10.08,None,None,0.0,0,0.0,8871253332.48,6801751323.36
2017-03-17,'000407,胜利股份,0.0,0.0,0.0,0.0,10.08,None,None,0.0,0,0.0,8871253332.48,6801751323.36
2017-03-16,'000407,胜利股份,0.0,0.0,0.0,0.0,10.08,None,None,0.0,0,0.0,8871253332.48,6801751323.36
2017-03-15,'000407,胜利股份,0.0,0.0,0.0,0.0,10.08,None,None,0.0,0,0.0,8871253332.48,6801751323.36
2017-03-14,'000407,胜利股份,0.0,0.0,0.0,0.0,10.08,None,None,0.0,0,0.0,8871253332.48,6801751323.36
2017-03-13,'000407,胜利股份,0.0,0.0,0.0,0.0,10.08,None,None,0.0,0,0.0,8871253332.48,6801751323.36
2017-03-10,'000407,胜利股份,0.0,0.0,0.0,0.0,10.08,None,None,0.0,0,0.0,8871253332.48,6801751323.36
2017-03-09,'000407,胜利股份,0.0,0.0,0.0,0.0,10.08,None,None,0.0,0,0.0,8871253332.48,6801751323.36
2017-03-08,'000407,胜利股份,0.0,0.0,0.0,0.0,10.08,None,None,0.0,0,0.0,8871253332.48,6801751323.36
2017-03-07,'000407,胜利股份,10.08,10.19,9.99,10.14,10.14,-0.06,-0.5917,1.2964,8747937,88032971.97,8871253332.48,6801751323.36
2017-03-06,'000407,胜利股份,10.14,10.25,9.94,9.94,9.93,0.21,2.1148,2.1309,14378741,145308049.42,8924058411.84,6842237938.38
2017-03-03,'000407,胜利股份,9.93,10.09,9.62,9.62,9.64,0.29,3.0083,2.4455,16501966,163313607.47,8739240634.08,6700534785.81
2017-03-02,'000407,胜利股份,9.64,9.85,9.62,9.78,9.79,-0.15,-1.5322,1.3672,9225586,89958550.62,8484016083.84,6504849479.88
2017-03-01,'000407,胜利股份,9.79,9.9,9.75,9.86,9.86,-0.07,-0.7099,1.8911,12760561,125194744.47,8616028782.24,6606066017.43
2017-02-28,'000407,胜利股份,9.86,9.93,9.69,9.79,9.8,0.06,0.6122,1.5616,10537235,103337968.51,8677634708.16,6653300401.62
2017-02-27,'000407,胜利股份,9.8,10.17,9.78,10.03,10.06,-0.26,-2.5845,2.421,16336595,162991078.28,8624829628.8,6612813786.6
2017-02-24,'000407,胜利股份,10.06,10.18,9.96,10.14,10.17,-0.11,-1.0816,2.1615,14585296,146607129.41,8853651639.36,6788255785.02
2017-02-23,'000407,胜利股份,10.17,10.32,9.91,10.0,10.05,0.12,1.194,5.1437,34708186,351927610.01,8950460951.52,6862481245.89
2017-02-22,'000407,胜利股份,10.05,10.36,9.38,9.46,9.45,0.6,6.3492,5.1976,35072022,345584827.68,8844850792.8,6781508015.85
2017-02-21,'000407,胜利股份,9.45,9.56,9.4,9.5,9.52,-0.07,-0.7353,1.1488,7752073,73225048.51,8316799999.2,6376641865.65
2017-02-20,'000407,胜利股份,9.52,9.76,9.46,9.47,9.48,0.04,0.4219,2.7767,18736565,179870362.61,8378405925.12,6423876249.84
2017-02-17,'000407,胜利股份,9.48,9.54,9.35,9.4,9.4,0.08,0.8511,2.0882,14091003,133134468.54,8343202538.88,6396885173.16
2017-02-16,'000407,胜利股份,9.4,9.56,9.34,9.36,9.36,0.04,0.4274,1.4736,9943445,93917157.62,8272795766.4,6342903019.8
2017-02-15,'000407,胜利股份,9.36,9.58,9.3,9.4,9.5,-0.14,-1.4737,1.5126,10206636,95979970.71,8237592380.16,6315911943.12
2017-02-14,'000407,胜利股份,9.5,9.64,9.12,9.18,9.2,0.3,3.2609,3.2786,22123399,209436455.18,8360804232.0,6410380711.5
2017-02-13,'000407,胜利股份,9.2,9.27,9.06,9.24,9.27,-0.07,-0.7551,1.7349,11706376,107021019.66,8096778835.2,6207947636.4
2017-02-10,'000407,胜利股份,9.27,9.4,9.19,9.36,9.38,-0.11,-1.1727,2.0702,13969280,129443859.22,8158384761.12,6255182020.59
2017-02-09,'000407,胜利股份,9.38,9.57,9.35,9.4,9.4,-0.02,-0.2128,2.1448,14472734,136774118.16,8255194073.28,6329407481.46
2017-02-08,'000407,胜利股份,9.4,9.46,9.31,9.42,9.42,-0.02,-0.2123,1.2613,8511000,79686015.92,8272795766.4,6342903019.8
2017-02-07,'000407,胜利股份,9.42,9.47,9.31,9.43,9.4,0.02,0.2128,1.2659,8542168,80261456.12,8290397459.52,6356398558.14
2017-02-06,'000407,胜利股份,9.4,9.51,9.3,9.46,9.42,-0.02,-0.2123,1.1238,7583217,71292314.83,8272795766.4,6342903019.8
2017-02-03,'000407,胜利股份,9.42,9.55,9.18,9.38,9.36,0.06,0.641,1.5443,10420828,97873131.64,8290397459.52,6356398558.14
2017-01-26,'000407,胜利股份,9.36,9.54,9.31,9.33,9.33,0.03,0.3215,1.5427,10409839,97991062.9,8237592380.16,6315911943.12
2017-01-25,'000407,胜利股份,9.33,9.52,9.22,9.36,9.35,-0.02,-0.2139,2.1595,14571847,136142151.81,8211189840.48,6295668635.61
2017-01-24,'000407,胜利股份,9.35,9.75,9.31,9.68,9.71,-0.36,-3.7075,5.146,34724206,327881031.03,8228791533.6,6309164173.95
2017-01-23,'000407,胜利股份,9.71,9.76,8.87,8.87,8.87,0.84,9.4701,7.7989,52624876,506182367.78,8545622009.76,6552083864.07
2017-01-20,'000407,胜利股份,8.87,8.95,8.65,8.7,8.7,0.17,1.954,1.1384,7681550,68001826.64,7806350898.72,5985271253.79
2017-01-19,'000407,胜利股份,8.7,8.8,8.42,8.54,8.4,0.3,3.5714,2.0164,13606466,117610332.96,7656736507.2,5870559177.9
2017-01-18,'000407,胜利股份,8.4,8.56,8.38,8.4,8.41,-0.01,-0.1189,0.8651,5837532,49410398.82,7392711110.4,5668126102.8
2017-01-17,'000407,胜利股份,8.41,8.56,8.05,8.56,8.49,-0.08,-0.9423,2.472,16680691,138843742.2,7401511956.96,5674873871.97
2017-01-16,'000407,胜利股份,8.49,9.14,8.13,9.14,9.03,-0.54,-5.9801,2.7751,18725936,161410545.22,7471918729.44,5728856025.33
2017-01-13,'000407,胜利股份,9.03,9.19,8.86,8.89,8.87,0.16,1.8038,2.4662,16641667,150151545.73,7947164443.68,6093235560.51
2017-01-12,'000407,胜利股份,8.87,9.08,8.71,8.93,8.95,-0.08,-0.8939,2.0139,13589421,120870238.27,7806350898.72,5985271253.79
2017-01-11,'000407,胜利股份,8.95,9.16,8.82,9.15,9.15,-0.2,-2.1858,2.7993,18888921,169585894.07,7876757671.2,6039253407.15
2017-01-10,'000407,胜利股份,9.15,9.39,9.08,9.39,9.34,-0.19,-2.0343,3.818,25762894,236809097.62,8052774602.4,6174208790.55
2017-01-09,'000407,胜利股份,9.34,9.49,9.21,9.29,9.28,0.06,0.6466,2.4791,16728244,156141381.2,8219990687.04,6302416404.78
2017-01-06,'000407,胜利股份,9.28,9.55,9.25,9.33,9.42,-0.14,-1.4862,3.3736,22764378,212932633.32,8167185607.68,6261929789.76
2017-01-05,'000407,胜利股份,9.42,9.67,9.36,9.49,9.54,-0.12,-1.2579,5.5356,37352980,354282860.88,8290397459.52,6356398558.14
2017-01-04,'000407,胜利股份,9.54,9.68,9.15,9.18,9.23,0.31,3.3586,7.3586,49653967,468549582.7,8396007618.24,6437371788.18
2017-01-03,'000407,胜利股份,9.23,9.4,9.12,9.29,9.21,0.02,0.2172,4.2146,28439123,262812912.65,8123181374.88,6228190943.91
2016-12-30,'000407,胜利股份,9.21,9.43,9.09,9.17,9.2,0.01,0.1087,4.3975,29673386,273795768.24,8105579681.76,6214695405.57
2016-12-29,'000407,胜利股份,9.2,9.46,9.01,9.12,9.19,0.01,0.1088,6.7054,45246415,417007994.12,8096778835.2,6207947636.4
2016-12-28,'000407,胜利股份,9.19,9.44,9.05,9.25,9.39,-0.2,-2.1299,7.2657,49027242,451991232.92,8087977988.64,6201199867.23
2016-12-27,'000407,胜利股份,9.39,9.56,8.8,9.02,9.16,0.23,2.5109,11.3819,76802108,709123714.68,8263994919.84,6336155250.63
2016-12-26,'000407,胜利股份,9.16,9.46,8.73,8.75,8.98,0.18,2.0045,10.3907,70114359,640261613.02,8061575448.96,6180956559.72
2016-12-23,'000407,胜利股份,8.98,9.78,8.83,9.18,9.16,-0.18,-1.9651,16.3124,110072122,1020967938.62,7903160210.88,6059496714.66
2016-12-22,'000407,胜利股份,9.16,9.16,8.6,8.88,8.33,0.83,9.964,12.1821,82202023,740760954.71,8061575448.96,6180956559.72
2016-12-21,'000407,胜利股份,8.33,8.34,7.76,7.79,7.91,0.42,5.3097,13.3487,90074015,728900958.22,7331105184.48,5620891718.61
2016-12-20,'000407,胜利股份,7.91,8.15,7.33,7.38,7.41,0.5,6.7476,13.629,91965273,735884937.45,6961469628.96,5337485413.47
2016-12-19,'000407,胜利股份,7.41,7.65,7.09,7.57,7.81,-0.4,-5.1216,6.2763,42351300,317115614.34,6521427300.96,5000096954.97
2016-12-16,'000407,胜利股份,7.81,7.88,7.52,7.57,7.58,0.23,3.0343,4.2105,28411533,219082718.25,6873461163.36,5270007721.77
2016-12-15,'000407,胜利股份,7.58,7.72,7.46,7.53,7.54,0.04,0.5305,3.3742,22768379,172223182.42,6671041692.48,5114809030.86
2016-12-14,'000407,胜利股份,7.54,7.76,7.42,7.47,7.54,0.0,0.0,4.0256,27163846,205639884.16,6635838306.24,5087817954.18
2016-12-13,'000407,胜利股份,7.54,7.6,7.13,7.14,7.12,0.42,5.8989,3.5576,24005785,176065555.71,6635838306.24,5087817954.18
2016-12-12,'000407,胜利股份,7.12,7.52,7.06,7.5,7.53,-0.41,-5.4449,3.5038,23642622,173399708.72,6266202750.72,4804411649.04
2016-12-09,'000407,胜利股份,7.53,7.65,7.46,7.49,7.51,0.02,0.2663,1.9144,12918152,97063741.69,6627037459.68,5081070185.01
2016-12-08,'000407,胜利股份,7.51,7.69,7.43,7.62,7.68,-0.17,-2.2135,2.9655,20010532,150836390.74,6609435766.56,5067574646.67
2016-12-07,'000407,胜利股份,7.68,7.69,7.37,7.44,7.49,0.19,2.5367,5.1512,34759245,262065502.55,6759050158.08,5182286722.56
2016-12-06,'000407,胜利股份,7.49,7.51,7.04,7.04,7.04,0.45,6.392,5.2308,35296249,259069515.86,6591834073.44,5054079108.33
2016-12-05,'000407,胜利股份,7.04,7.31,6.86,6.95,7.1,-0.06,-0.8451,1.8427,12434112,88200898.04,6195795978.24,4750429495.68
2016-12-02,'000407,胜利股份,7.1,7.25,7.09,7.24,7.22,-0.12,-1.662,1.9505,13161320,94050340.8,6248601057.6,4790916110.7
2016-12-01,'000407,胜利股份,7.22,7.44,7.04,7.04,7.05,0.17,2.4113,3.6454,24598174,178735939.48,6354211216.32,4871889340.74
2016-11-30,'000407,胜利股份,7.05,7.14,6.93,7.14,7.15,-0.1,-1.3986,1.7084,11528046,80822335.8,6204596824.8,4757177264.85
2016-11-29,'000407,胜利股份,7.15,7.3,7.05,7.29,7.25,-0.1,-1.3793,3.2156,21698096,155281500.94,6292605290.4,4824654956.55
2016-11-28,'000407,胜利股份,7.25,7.65,7.02,7.05,7.07,0.18,2.546,5.0895,34342598,250809936.3,6380613756.0,4892132648.25
2016-11-25,'000407,胜利股份,7.07,7.1,6.84,6.85,6.84,0.23,3.3626,4.2144,28437934,199285354.52,6222198517.92,4770672803.19
2016-11-24,'000407,胜利股份,6.84,6.85,6.73,6.82,6.83,0.01,0.1464,1.5582,10514057,71411298.96,6019779047.04,4615474112.28
2016-11-23,'000407,胜利股份,6.83,6.9,6.68,6.69,6.7,0.13,1.9403,2.8156,18998943,129191674.83,6010978200.48,4608726343.11
2016-11-22,'000407,胜利股份,6.7,6.74,6.61,6.68,6.68,0.02,0.2994,1.9272,13004411,86858439.64,5896567195.2,4521005343.9
2016-11-21,'000407,胜利股份,6.68,6.77,6.65,6.69,6.74,-0.06,-0.8902,1.2946,8735662,58536444.22,5878965502.08,4507509805.56
2016-11-18,'000407,胜利股份,6.74,6.77,6.71,6.75,6.75,-0.01,-0.1481,0.8265,5576912,37583841.1,5931770581.44,4547996420.58
2016-11-17,'000407,胜利股份,6.75,6.78,6.66,6.72,6.73,0.02,0.2972,1.1204,7560237,50697499.44,5940571428.0,4554744189.75
2016-11-16,'000407,胜利股份,6.73,6.81,6.7,6.8,6.79,-0.06,-0.8837,1.1757,7933500,53429743.34,5922969734.88,4541248651.41
2016-11-15,'000407,胜利股份,6.79,6.85,6.69,6.73,6.73,0.06,0.8915,1.8661,12591818,85421890.47,5975774814.24,4581735266.43
2016-11-14,'000407,胜利股份,6.73,6.78,6.57,6.6,6.61,0.12,1.8154,1.7702,11944858,80271533.79,5922969734.88,4541248651.41
2016-11-11,'000407,胜利股份,6.61,6.64,6.58,6.59,6.59,0.02,0.3035,1.1689,7732495,51096481.27,5817359576.16,4372481916.95
2016-11-10,'000407,胜利股份,6.59,6.66,6.53,6.57,6.54,0.05,0.7645,1.9308,12771999,84205994.46,5799757883.04,4359252017.05
2016-11-09,'000407,胜利股份,6.54,6.58,6.37,6.45,6.45,0.09,1.3953,2.0285,13418171,87110029.67,5755753650.24,4326177267.3
2016-11-08,'000407,胜利股份,6.45,6.48,6.39,6.4,6.39,0.06,0.939,1.2043,7966368,51387238.97,5676546031.2,4266642717.75
2016-11-07,'000407,胜利股份,6.39,6.42,6.32,6.34,6.33,0.06,0.9479,0.8528,5641203,35984497.5,5623740951.84,4226953018.05
2016-11-04,'000407,胜利股份,6.33,6.43,6.3,6.39,6.4,-0.07,-1.0938,1.0003,6616950,42077489.54,5570935872.48,4187263318.35
2016-11-03,'000407,胜利股份,6.4,6.44,6.35,6.35,6.38,0.02,0.3135,1.2034,7960423,50964275.69,5632541798.4,4233567968.0
2016-11-02,'000407,胜利股份,6.38,6.49,6.36,6.38,6.39,-0.01,-0.1565,1.5679,10371608,66568117.35,5614940105.28,4220338068.1
2016-11-01,'000407,胜利股份,6.39,6.4,6.27,6.31,6.29,0.1,1.5898,1.1187,7400315,47070452.98,5623740951.84,4226953018.05
2016-10-31,'000407,胜利股份,6.29,6.39,6.28,6.34,6.4,-0.11,-1.7188,1.8844,12465200,78822058.4,5535732486.24,4160803518.55
2016-10-28,'000407,胜利股份,6.4,6.56,6.37,6.54,6.54,-0.14,-2.1407,1.4414,9534880,61503290.14,5632541798.4,4233567968.0
2016-10-27,'000407,胜利股份,6.54,6.55,6.46,6.49,6.49,0.05,0.7704,1.2055,7974016,52009759.04,5755753650.24,4326177267.3
2016-10-26,'000407,胜利股份,6.49,6.61,6.45,6.55,6.56,-0.07,-1.0671,1.8613,12312593,80485154.91,5711749417.44,4293102517.55
2016-10-25,'000407,胜利股份,6.56,6.62,6.5,6.58,6.57,-0.01,-0.1522,1.6853,11148501,73122517.75,5773355343.36,4339407167.2
2016-10-24,'000407,胜利股份,6.57,6.59,6.48,6.52,6.51,0.06,0.9217,1.4917,9867674,64569636.59,5782156189.92,4346022117.15
2016-10-21,'000407,胜利股份,6.51,6.55,6.45,6.55,6.55,-0.04,-0.6107,0.875,5788183,37584110.05,5729351110.56,4306332417.45
2016-10-20,'000407,胜利股份,6.55,6.56,6.47,6.49,6.51,0.04,0.6144,0.8884,5876664,38284471.65,5764554496.8,4332792217.25
2016-10-19,'000407,胜利股份,6.51,6.63,6.47,6.57,6.58,-0.07,-1.0638,1.3734,9084744,59408256.92,5729351110.56,4306332417.45
2016-10-18,'000407,胜利股份,6.58,6.6,6.49,6.5,6.51,0.07,1.0753,0.9114,6028739,39456847.8,5790957036.48,4352637067.1
2016-10-17,'000407,胜利股份,6.51,6.72,6.51,6.66,6.65,-0.14,-2.1053,1.3826,9145501,60564973.69,5729351110.56,4306332417.45
2016-10-14,'000407,胜利股份,6.65,6.67,6.47,6.5,6.52,0.13,1.9939,1.7353,11478837,75459878.74,5852562962.4,4398941716.75
2016-10-13,'000407,胜利股份,6.52,6.53,6.48,6.48,6.47,0.05,0.7728,0.9347,6182671,40248323.21,5738151957.12,4312947367.4
2016-10-12,'000407,胜利股份,6.47,6.53,6.43,6.47,6.51,-0.04,-0.6144,0.9776,6466499,41946061.35,5694147724.32,4279872617.65
2016-10-11,'000407,胜利股份,6.51,6.53,6.38,6.39,6.4,0.11,1.7188,1.6977,11230369,72674195.12,5729351110.56,4306332417.45
2016-10-10,'000407,胜利股份,6.4,6.44,6.23,6.23,6.19,0.21,3.3926,1.9591,12959111,82458498.18,5632541798.4,4233567968.0
2016-09-30,'000407,胜利股份,6.19,6.23,6.18,6.2,6.19,0.0,0.0,1.0634,7034648,43611591.41,5447724020.64,4094654019.05
2016-09-29,'000407,胜利股份,6.19,6.24,6.14,6.16,6.14,0.05,0.8143,0.9323,6166889,38217226.08,5447724020.64,4094654019.05
2016-09-28,'000407,胜利股份,6.14,6.26,6.11,6.26,6.25,-0.11,-1.76,1.5307,10125369,62440823.63,5403719787.84,4061579269.3
2016-09-27,'000407,胜利股份,6.25,6.27,6.16,6.17,6.2,0.05,0.8065,1.2357,8174273,50724214.32,5500529100.0,4134343718.75
2016-09-26,'000407,胜利股份,6.2,6.45,6.2,6.4,6.45,-0.25,-3.876,2.264,14976111,94658519.57,5456524867.2,4101268969.0
2016-09-23,'000407,胜利股份,6.45,6.74,6.45,6.71,6.8,-0.35,-5.1471,3.9959,26432825,173292956.55,5676546031.2,4266642717.75
2016-09-22,'000407,胜利股份,6.8,7.38,6.65,7.11,6.71,0.09,1.3413,6.136,40589548,277473627.68,5984575660.8,4498165966.0
2016-09-21,'000407,胜利股份,0.0,0.0,0.0,0.0,6.71,None,None,0.0,0,0.0,5905368041.76,4438631416.45
2016-09-20,'000407,胜利股份,0.0,0.0,0.0,0.0,6.71,None,None,0.0,0,0.0,5905368041.76,4438631416.45
2016-09-19,'000407,胜利股份,0.0,0.0,0.0,0.0,6.71,None,None,0.0,0,0.0,5905368041.76,4438631416.45
2016-09-14,'000407,胜利股份,0.0,0.0,0.0,0.0,6.71,None,None,0.0,0,0.0,5905368041.76,4438631416.45
2016-09-13,'000407,胜利股份,0.0,0.0,0.0,0.0,6.71,None,None,0.0,0,0.0,5905368041.76,4438631416.45
2016-09-12,'000407,胜利股份,0.0,0.0,0.0,0.0,6.71,None,None,0.0,0,0.0,5905368041.76,4438631416.45
2016-09-09,'000407,胜利股份,0.0,0.0,0.0,0.0,6.71,None,None,0.0,0,0.0,5905368041.76,4438631416.45
2016-09-08,'000407,胜利股份,0.0,0.0,0.0,0.0,6.71,None,None,0.0,0,0.0,5905368041.76,4438631416.45
2016-09-07,'000407,胜利股份,0.0,0.0,0.0,0.0,6.71,None,None,0.0,0,0.0,5905368041.76,4438631416.45
2016-09-06,'000407,胜利股份,0.0,0.0,0.0,0.0,6.71,None,None,0.0,0,0.0,5905368041.76,4438631416.45
2016-09-05,'000407,胜利股份,0.0,0.0,0.0,0.0,6.71,None,None,0.0,0,0.0,5905368041.76,4438631416.45
2016-09-02,'000407,胜利股份,0.0,0.0,0.0,0.0,6.71,None,None,0.0,0,0.0,5905368041.76,4438631416.45
2016-09-01,'000407,胜利股份,0.0,0.0,0.0,0.0,6.71,None,None,0.0,0,0.0,5905368041.76,4438631416.45
2016-08-31,'000407,胜利股份,0.0,0.0,0.0,0.0,6.71,None,None,0.0,0,0.0,5905368041.76,4438631416.45
2016-08-30,'000407,胜利股份,0.0,0.0,0.0,0.0,6.71,None,None,0.0,0,0.0,5905368041.76,4438631416.45
2016-08-29,'000407,胜利股份,0.0,0.0,0.0,0.0,6.71,None,None,0.0,0,0.0,5905368041.76,4438631416.45
2016-08-26,'000407,胜利股份,0.0,0.0,0.0,0.0,6.71,None,None,0.0,0,0.0,5905368041.76,4438631416.45
2016-08-25,'000407,胜利股份,0.0,0.0,0.0,0.0,6.71,None,None,0.0,0,0.0,5905368041.76,4438631416.45
2016-08-24,'000407,胜利股份,0.0,0.0,0.0,0.0,6.71,None,None,0.0,0,0.0,5905368041.76,4438631416.45
2016-08-23,'000407,胜利股份,0.0,0.0,0.0,0.0,6.71,None,None,0.0,0,0.0,5905368041.76,4438631416.45
2016-08-22,'000407,胜利股份,0.0,0.0,0.0,0.0,6.71,None,None,0.0,0,0.0,5905368041.76,4438631416.45
2016-08-19,'000407,胜利股份,0.0,0.0,0.0,0.0,6.71,None,None,0.0,0,0.0,5905368041.76,4438631416.45
2016-08-18,'000407,胜利股份,0.0,0.0,0.0,0.0,6.71,None,None,0.0,0,0.0,5905368041.76,4438631416.45
2016-08-17,'000407,胜利股份,0.0,0.0,0.0,0.0,6.71,None,None,0.0,0,0.0,5905368041.76,4438631416.45
2016-08-16,'000407,胜利股份,0.0,0.0,0.0,0.0,6.71,None,None,0.0,0,0.0,5905368041.76,4438631416.45
2016-08-15,'000407,胜利股份,0.0,0.0,0.0,0.0,6.71,None,None,0.0,0,0.0,5905368041.76,4438631416.45
2016-08-12,'000407,胜利股份,0.0,0.0,0.0,0.0,6.71,None,None,0.0,0,0.0,5905368041.76,4438631416.45
2016-08-11,'000407,胜利股份,0.0,0.0,0.0,0.0,6.71,None,None,0.0,0,0.0,5905368041.76,4438631416.45
2016-08-10,'000407,胜利股份,0.0,0.0,0.0,0.0,6.71,None,None,0.0,0,0.0,5905368041.76,4438631416.45
2016-08-09,'000407,胜利股份,0.0,0.0,0.0,0.0,6.71,None,None,0.0,0,0.0,5905368041.76,4438631416.45
2016-08-08,'000407,胜利股份,0.0,0.0,0.0,0.0,6.71,None,None,0.0,0,0.0,5905368041.76,4438631416.45
2016-08-05,'000407,胜利股份,0.0,0.0,0.0,0.0,6.71,None,None,0.0,0,0.0,5905368041.76,4438631416.45
2016-08-04,'000407,胜利股份,0.0,0.0,0.0,0.0,6.71,None,None,0.0,0,0.0,5905368041.76,4438631416.45
2016-08-03,'000407,胜利股份,0.0,0.0,0.0,0.0,6.71,None,None,0.0,0,0.0,5905368041.76,4438631416.45
2016-08-02,'000407,胜利股份,0.0,0.0,0.0,0.0,6.71,None,None,0.0,0,0.0,5905368041.76,4438631416.45
2016-08-01,'000407,胜利股份,0.0,0.0,0.0,0.0,6.71,None,None,0.0,0,0.0,5905368041.76,4438631416.45
2016-07-29,'000407,胜利股份,0.0,0.0,0.0,0.0,6.71,None,None,0.0,0,0.0,5905368041.76,4438631416.45
2016-07-28,'000407,胜利股份,0.0,0.0,0.0,0.0,6.71,None,None,0.0,0,0.0,5905368041.76,4438631416.45
2016-07-27,'000407,胜利股份,0.0,0.0,0.0,0.0,6.71,None,None,0.0,0,0.0,5905368041.76,4438631416.45
2016-07-26,'000407,胜利股份,0.0,0.0,0.0,0.0,6.71,None,None,0.0,0,0.0,5905368041.76,4438631416.45
2016-07-25,'000407,胜利股份,0.0,0.0,0.0,0.0,6.71,None,None,0.0,0,0.0,5905368041.76,4438631416.45
2016-07-22,'000407,胜利股份,0.0,0.0,0.0,0.0,6.73,None,None,0.0,0,0.0,5922969734.88,4451861316.35
2016-07-21,'000407,胜利股份,0.0,0.0,0.0,0.0,6.73,None,None,0.0,0,0.0,5922969734.88,4451861316.35
2016-07-20,'000407,胜利股份,0.0,0.0,0.0,0.0,6.73,None,None,0.0,0,0.0,5922969734.88,4451861316.35
2016-07-19,'000407,胜利股份,0.0,0.0,0.0,0.0,6.73,None,None,0.0,0,0.0,5922969734.88,4451861316.35
2016-07-18,'000407,胜利股份,0.0,0.0,0.0,0.0,6.73,None,None,0.0,0,0.0,5922969734.88,4451861316.35
2016-07-15,'000407,胜利股份,0.0,0.0,0.0,0.0,6.73,None,None,0.0,0,0.0,5922969734.88,4451861316.35
2016-07-14,'000407,胜利股份,0.0,0.0,0.0,0.0,6.73,None,None,0.0,0,0.0,5922969734.88,4451861316.35
2016-07-13,'000407,胜利股份,0.0,0.0,0.0,0.0,6.73,None,None,0.0,0,0.0,5922969734.88,4451861316.35
2016-07-12,'000407,胜利股份,0.0,0.0,0.0,0.0,6.73,None,None,0.0,0,0.0,5922969734.88,4451861316.35
2016-07-11,'000407,胜利股份,0.0,0.0,0.0,0.0,6.73,None,None,0.0,0,0.0,5922969734.88,4451861316.35
2016-07-08,'000407,胜利股份,0.0,0.0,0.0,0.0,6.73,None,None,0.0,0,0.0,5922969734.88,4451861316.35
2016-07-07,'000407,胜利股份,0.0,0.0,0.0,0.0,6.73,None,None,0.0,0,0.0,5922969734.88,4451861316.35
2016-07-06,'000407,胜利股份,0.0,0.0,0.0,0.0,6.73,None,None,0.0,0,0.0,5922969734.88,4451861316.35
2016-07-05,'000407,胜利股份,0.0,0.0,0.0,0.0,6.73,None,None,0.0,0,0.0,5922969734.88,4451861316.35
2016-07-04,'000407,胜利股份,0.0,0.0,0.0,0.0,6.73,None,None,0.0,0,0.0,5922969734.88,4451861316.35
2016-07-01,'000407,胜利股份,0.0,0.0,0.0,0.0,6.73,None,None,0.0,0,0.0,5922969734.88,4451861316.35
2016-06-30,'000407,胜利股份,0.0,0.0,0.0,0.0,6.73,None,None,0.0,0,0.0,5922969734.88,4451861316.35
2016-06-29,'000407,胜利股份,0.0,0.0,0.0,0.0,6.73,None,None,0.0,0,0.0,5922969734.88,4451861316.35
2016-06-28,'000407,胜利股份,0.0,0.0,0.0,0.0,6.73,None,None,0.0,0,0.0,5922969734.88,4451861316.35
2016-06-27,'000407,胜利股份,0.0,0.0,0.0,0.0,6.73,None,None,0.0,0,0.0,5922969734.88,4451861316.35
2016-06-24,'000407,胜利股份,0.0,0.0,0.0,0.0,6.73,None,None,0.0,0,0.0,5922969734.88,4451861316.35
2016-06-23,'000407,胜利股份,0.0,0.0,0.0,0.0,6.73,None,None,0.0,0,0.0,5922969734.88,4451861316.35
2016-06-22,'000407,胜利股份,0.0,0.0,0.0,0.0,6.73,None,None,0.0,0,0.0,5922969734.88,4451861316.35
2016-06-21,'000407,胜利股份,0.0,0.0,0.0,0.0,6.73,None,None,0.0,0,0.0,5922969734.88,4451861316.35
2016-06-20,'000407,胜利股份,0.0,0.0,0.0,0.0,6.73,None,None,0.0,0,0.0,5922969734.88,4451861316.35
2016-06-17,'000407,胜利股份,0.0,0.0,0.0,0.0,6.73,None,None,0.0,0,0.0,5922969734.88,4451861316.35
2016-06-16,'000407,胜利股份,0.0,0.0,0.0,0.0,6.73,None,None,0.0,0,0.0,5922969734.88,4451861316.35
2016-06-15,'000407,胜利股份,0.0,0.0,0.0,0.0,6.73,None,None,0.0,0,0.0,5922969734.88,4451861316.35
2016-06-14,'000407,胜利股份,0.0,0.0,0.0,0.0,6.73,None,None,0.0,0,0.0,5922969734.88,4451861316.35
2016-06-13,'000407,胜利股份,0.0,0.0,0.0,0.0,6.73,None,None,0.0,0,0.0,5922969734.88,4451861316.35
2016-06-08,'000407,胜利股份,0.0,0.0,0.0,0.0,6.73,None,None,0.0,0,0.0,5922969734.88,4451861316.35
2016-06-07,'000407,胜利股份,0.0,0.0,0.0,0.0,6.73,None,None,0.0,0,0.0,5922969734.88,4451861316.35
2016-06-06,'000407,胜利股份,0.0,0.0,0.0,0.0,6.73,None,None,0.0,0,0.0,5922969734.88,4451861316.35
2016-06-03,'000407,胜利股份,0.0,0.0,0.0,0.0,6.73,None,None,0.0,0,0.0,5922969734.88,4451861316.35
2016-06-02,'000407,胜利股份,0.0,0.0,0.0,0.0,6.73,None,None,0.0,0,0.0,5922969734.88,4451861316.35
2016-06-01,'000407,胜利股份,0.0,0.0,0.0,0.0,6.73,None,None,0.0,0,0.0,5922969734.88,4451861316.35
2016-05-31,'000407,胜利股份,0.0,0.0,0.0,0.0,6.73,None,None,0.0,0,0.0,5922969734.88,4451861316.35
2016-05-30,'000407,胜利股份,0.0,0.0,0.0,0.0,6.73,None,None,0.0,0,0.0,5922969734.88,4451861316.35
2016-05-27,'000407,胜利股份,0.0,0.0,0.0,0.0,6.73,None,None,0.0,0,0.0,5922969734.88,4451861316.35
2016-05-26,'000407,胜利股份,0.0,0.0,0.0,0.0,6.73,None,None,0.0,0,0.0,5922969734.88,4451861316.35
2016-05-25,'000407,胜利股份,0.0,0.0,0.0,0.0,6.73,None,None,0.0,0,0.0,5922969734.88,4451861316.35
2016-05-24,'000407,胜利股份,0.0,0.0,0.0,0.0,6.73,None,None,0.0,0,0.0,5922969734.88,4451861316.35
2016-05-23,'000407,胜利股份,0.0,0.0,0.0,0.0,6.73,None,None,0.0,0,0.0,5922969734.88,4451861316.35
2016-05-20,'000407,胜利股份,6.73,6.95,6.63,6.9,6.92,-0.19,-2.7457,2.2491,14877510,100742582.61,5922969734.88,4451861316.35
2016-05-19,'000407,胜利股份,6.92,7.04,6.8,6.83,6.89,0.03,0.4354,2.5226,16686957,115814304.96,6090185819.52,4577545365.4
2016-05-18,'000407,胜利股份,6.89,6.89,6.5,6.88,6.94,-0.05,-0.7205,2.1405,14159551,94747410.66,6063783279.84,4557700515.55
2016-05-17,'000407,胜利股份,6.94,6.96,6.73,6.76,6.76,0.18,2.6627,2.3497,15543343,107199492.73,6107787512.64,4590775265.3
2016-05-16,'000407,胜利股份,6.76,6.76,6.47,6.67,6.74,0.02,0.2967,1.1928,7890564,52367561.8,5949372274.56,4471706166.2
2016-05-13,'000407,胜利股份,6.74,6.91,6.69,6.78,6.82,-0.08,-1.173,1.4162,9367918,63854978.8,5931770581.44,4458476266.3
2016-05-12,'000407,胜利股份,6.82,6.88,6.45,6.57,6.65,0.17,2.5564,1.9075,12617987,84119353.78,6002177353.92,4511395865.9
2016-05-11,'000407,胜利股份,6.65,6.7,6.48,6.64,6.61,0.04,0.6051,1.2084,7993569,52698577.9,5852562962.4,4398941716.75
2016-05-10,'000407,胜利股份,6.61,6.66,6.41,6.49,6.52,0.09,1.3804,1.659,10973975,71839266.67,5817359576.16,4372481916.95
2016-05-09,'000407,胜利股份,6.52,6.75,6.47,6.64,6.64,-0.12,-1.8072,1.5778,10437245,68883607.47,5738151957.12,4312947367.4
2016-05-06,'000407,胜利股份,6.64,7.13,6.56,7.07,7.09,-0.45,-6.347,2.5163,16645481,113645408.22,5843762115.84,4392326766.8
2016-05-05,'000407,胜利股份,7.09,7.17,6.95,7.05,7.07,0.02,0.2829,1.6281,10769847,76060295.6,6239800211.04,4689999514.55
2016-05-04,'000407,胜利股份,7.07,7.2,6.73,6.77,6.79,0.28,4.1237,4.0572,26838293,188114104.56,6222198517.92,4676769614.65
2016-05-03,'000407,胜利股份,6.79,6.85,6.17,6.56,6.57,0.22,3.3486,1.4009,9267088,62201652.59,5975774814.24,4491551016.05
2016-04-29,'000407,胜利股份,6.57,6.61,6.48,6.54,6.56,0.01,0.1524,0.8647,5719622,37411006.01,5782156189.92,4346022117.15
2016-04-28,'000407,胜利股份,6.56,6.67,6.4,6.6,6.61,-0.05,-0.7564,0.896,5926825,38693489.99,5773355343.36,4339407167.2
2016-04-27,'000407,胜利股份,6.61,6.78,6.56,6.73,6.72,-0.11,-1.6369,1.0551,6979513,46481737.17,5817359576.16,4372481916.95
2016-04-26,'000407,胜利股份,6.72,6.75,6.57,6.64,6.67,0.05,0.7496,1.4448,9557006,63782379.18,5914168888.32,4445246366.4
2016-04-25,'000407,胜利股份,6.67,6.71,6.37,6.49,6.5,0.17,2.6154,1.2448,8234427,53981721.84,5870164655.52,4412171616.65
2016-04-22,'000407,胜利股份,6.5,6.52,6.31,6.37,6.41,0.09,1.4041,1.2847,8497914,54637780.26,5720550264.0,4299717467.5
2016-04-21,'000407,胜利股份,6.41,6.56,6.35,6.46,6.44,-0.03,-0.4658,1.4714,9733276,62853748.93,5641342644.96,4240182917.95
2016-04-20,'000407,胜利股份,6.44,6.97,6.36,6.97,6.86,-0.42,-6.1224,1.9927,13181461,86905938.07,5667745184.64,4260027767.8
2016-04-19,'000407,胜利股份,6.86,6.95,6.7,6.91,6.91,-0.05,-0.7236,2.0954,13860665,94545982.45,6037380740.16,4537855665.7
2016-04-18,'000407,胜利股份,6.91,7.15,6.89,7.15,7.13,-0.22,-3.0856,1.7042,11273366,78186572.08,5348676986.88,4570930415.45
2016-04-15,'000407,胜利股份,7.13,7.21,6.93,7.16,7.16,-0.03,-0.419,2.3276,15396887,108571482.7,5518967715.84,4716459314.35
2016-04-14,'000407,胜利股份,7.16,7.26,7.09,7.21,7.2,-0.04,-0.5556,1.6606,10984803,78514081.27,5542189178.88,4736304164.2
2016-04-13,'000407,胜利股份,7.2,7.38,6.97,6.98,6.99,0.21,3.0043,4.1478,27437571,197318839.33,5573151129.6,4762763964.0
2016-04-12,'000407,胜利股份,6.99,7.1,6.89,7.0,6.88,0.11,1.5988,2.5382,16790361,117329454.54,5410600888.32,4623850015.05
2016-04-11,'000407,胜利股份,6.88,7.1,6.86,7.0,6.89,-0.01,-0.1451,2.5842,17094317,119176518.27,5325455523.84,4551085565.6
2016-04-08,'000407,胜利股份,6.89,6.99,6.76,6.85,6.87,0.02,0.2911,1.9017,12579631,86241324.97,5333196011.52,4557700515.55
2016-04-07,'000407,胜利股份,6.87,7.08,6.78,6.97,6.97,-0.1,-1.4347,3.5153,23253680,161187995.85,5317715036.16,4544470615.65
2016-04-06,'000407,胜利股份,6.97,7.1,6.91,7.04,7.04,-0.07,-0.9943,2.1527,14239743,99521078.15,5395119912.96,4610620115.15
2016-04-05,'000407,胜利股份,7.04,7.14,6.78,6.82,6.93,0.11,1.5873,3.5709,23621295,165794868.83,5449303326.72,4656924764.8
2016-04-01,'000407,胜利股份,6.93,6.98,6.44,6.6,6.58,0.35,5.3191,4.1872,27698041,185965013.34,5364157962.24,4584160315.35
2016-03-31,'000407,胜利股份,6.58,6.7,6.51,6.65,6.63,-0.05,-0.7541,2.2377,14801946,97942980.11,5093240893.44,4352637067.1
2016-03-30,'000407,胜利股份,6.63,6.7,6.31,6.35,6.3,0.33,5.2381,2.826,18693926,121549861.95,5131943331.84,4385711816.85
2016-03-29,'000407,胜利股份,6.3,6.5,6.25,6.5,6.53,-0.23,-3.5222,2.1466,14199850,90098500.39,4876507238.4,4167418468.5
2016-03-28,'000407,胜利股份,6.53,6.67,6.45,6.53,6.54,-0.01,-0.1529,2.4765,16382060,107739387.17,5054538455.04,4319562317.35
2016-03-25,'000407,胜利股份,6.54,6.62,6.4,6.45,6.5,0.04,0.6154,2.2424,14833635,96222297.23,5062278942.72,4326177267.3
2016-03-24,'000407,胜利股份,6.5,6.64,6.37,6.55,6.64,-0.14,-2.1084,5.8207,38503751,250030816.99,5031316992.0,4299717467.5
2016-03-23,'000407,胜利股份,6.64,6.64,6.01,6.02,6.04,0.6,9.9338,8.2337,54465797,351400837.03,5139683819.52,4392326766.8
2016-03-22,'000407,胜利股份,6.04,6.18,5.96,6.0,6.02,0.02,0.3322,2.4072,15923334,97059490.07,4675254558.72,3995429769.8
2016-03-21,'000407,胜利股份,6.02,6.06,5.95,5.96,5.9,0.12,2.0339,2.2241,14712164,88125892.49,4659773583.36,3982199869.9
2016-03-18,'000407,胜利股份,5.9,5.95,5.73,5.74,5.74,0.16,2.7875,2.3811,15750850,92395196.75,4566887731.2,3902820470.5
2016-03-17,'000407,胜利股份,5.74,5.81,5.58,5.6,5.57,0.17,3.0521,1.7746,11739204,66957444.26,4443039928.32,3796981271.3
2016-03-16,'000407,胜利股份,5.57,5.73,5.55,5.68,5.66,-0.09,-1.5901,1.1638,7698785,43328141.04,4311451637.76,3684527122.15
2016-03-15,'000407,胜利股份,5.66,5.71,5.61,5.65,5.65,0.01,0.177,1.0398,6878355,38974036.15,4381116026.88,3744061671.7
2016-03-14,'000407,胜利股份,5.65,5.73,5.51,5.54,5.45,0.2,3.6697,1.5288,10112615,57175557.65,4373375539.2,3737446721.75
2016-03-11,'000407,胜利股份,5.45,5.59,5.4,5.5,5.53,-0.08,-1.4467,0.8001,5292700,28979998.0,4218565785.6,3605147722.75
2016-03-10,'000407,胜利股份,5.53,5.73,5.52,5.67,5.68,-0.15,-2.6408,0.9396,6215106,34940660.54,4280489687.04,3658067322.35
2016-03-09,'000407,胜利股份,5.68,5.78,5.61,5.77,5.86,-0.18,-3.0717,1.4088,9319049,53083820.16,4396597002.24,3757291571.6
2016-03-08,'000407,胜利股份,5.86,5.87,5.51,5.69,5.67,0.19,3.351,2.397,15856252,90818298.58,4535925780.48,3876360670.7
2016-03-07,'000407,胜利股份,5.67,5.74,5.56,5.6,5.52,0.15,2.7174,1.2034,7960243,45111625.31,4388856514.56,3750676621.65
2016-03-04,'000407,胜利股份,5.52,5.79,5.52,5.71,5.71,-0.19,-3.3275,2.0705,13696402,77740477.83,4272749199.36,3651452372.4
2016-03-03,'000407,胜利股份,5.71,5.83,5.58,5.59,5.6,0.11,1.9643,2.3324,15428913,87827600.93,4419818465.28,3777136421.45
2016-03-02,'000407,胜利股份,5.6,5.62,5.31,5.34,5.33,0.27,5.0657,2.0104,13298402,72710737.42,4334673100.8,3704371972.0
2016-03-01,'000407,胜利股份,5.33,5.38,5.16,5.2,5.19,0.14,2.6975,1.6607,10985126,57703881.62,4125679933.44,3525768323.35
2016-02-29,'000407,胜利股份,5.19,5.6,5.11,5.6,5.59,-0.4,-7.1556,2.3894,15805838,82403080.03,4017313105.92,3433159024.05
2016-02-26,'000407,胜利股份,5.59,5.7,5.46,5.56,5.49,0.1,1.8215,1.9025,12585159,70259663.32,4326932613.12,3697757022.05
2016-02-25,'000407,胜利股份,5.49,6.09,5.48,6.08,6.09,-0.6,-9.8522,2.6665,17638459,101534516.65,4249527736.32,3631607522.55
2016-02-24,'000407,胜利股份,6.09,6.14,5.93,6.0,6.09,0.0,0.0,1.9427,12850666,77620927.84,4713956997.12,4028504519.55
2016-02-23,'000407,胜利股份,6.09,6.49,6.07,6.4,6.21,-0.12,-1.9324,3.2389,21424918,134190346.31,4713956997.12,4028504519.55
2016-02-22,'000407,胜利股份,6.21,6.21,6.04,6.17,6.04,0.17,2.8146,1.8668,12349017,75595368.68,4806842849.28,4107883918.95
2016-02-19,'000407,胜利股份,6.04,6.16,5.85,5.9,5.92,0.12,2.027,3.628,23999303,145062422.23,4675254558.72,3995429769.8
2016-02-18,'000407,胜利股份,5.92,6.12,5.8,5.8,5.75,0.17,2.9565,3.8743,25627976,154121861.48,4582368706.56,3916050370.4
2016-02-17,'000407,胜利股份,5.75,5.79,5.67,5.73,5.74,0.01,0.1742,1.593,10537321,60403284.99,4450780416.0,3803596221.25
2016-02-16,'000407,胜利股份,5.74,5.77,5.56,5.56,5.54,0.2,3.6101,2.1983,14541799,82919264.08,4443039928.32,3796981271.3
2016-02-15,'000407,胜利股份,5.54,5.6,5.25,5.26,5.46,0.08,1.4652,1.16,7673407,41462497.43,4288230174.72,3664682272.3
2016-02-05,'000407,胜利股份,5.46,5.58,5.45,5.52,5.49,-0.03,-0.5464,0.8724,5770780,31757351.76,4226306273.28,3611762672.7
2016-02-04,'000407,胜利股份,5.49,5.56,5.39,5.4,5.38,0.11,2.0446,1.4682,9712362,53297706.03,4249527736.32,3631607522.55
2016-02-03,'000407,胜利股份,5.38,5.42,5.27,5.35,5.39,-0.01,-0.1855,1.0247,6778040,36135204.96,4164382371.84,3558843073.1
2016-02-02,'000407,胜利股份,5.39,5.45,5.19,5.19,5.2,0.19,3.6538,1.8969,12547804,67028406.27,4172122859.52,3565458023.05
2016-02-01,'000407,胜利股份,5.2,5.29,5.13,5.14,5.14,0.06,1.1673,1.7397,11508224,59814744.72,4025053593.6,3439773974.0
2016-01-29,'000407,胜利股份,5.14,5.22,4.91,4.94,4.95,0.19,3.8384,1.508,9975670,50835221.25,3978610667.52,3400084274.3
2016-01-28,'000407,胜利股份,4.95,5.21,4.95,5.12,5.21,-0.26,-4.9904,1.3449,8896400,45448487.85,3831541401.6,3274400225.25
2016-01-27,'000407,胜利股份,5.21,5.37,4.9,5.33,5.28,-0.07,-1.3258,2.101,13897844,71297902.78,4032794081.28,3446388923.95
2016-01-26,'000407,胜利股份,5.28,5.82,5.28,5.8,5.87,-0.59,-10.0511,2.3673,15659385,86721247.64,4086977495.04,3492693573.6
2016-01-25,'000407,胜利股份,5.87,5.95,5.81,5.85,5.81,0.06,1.0327,1.1322,7489227,44061516.03,4543666268.16,3882975620.65
2016-01-22,'000407,胜利股份,5.81,5.87,5.65,5.82,5.73,0.08,1.3962,1.321,8738277,50355984.64,4497223342.08,3843285920.95
2016-01-21,'000407,胜利股份,5.73,6.04,5.72,5.83,5.98,-0.25,-4.1806,1.5092,9983224,58970829.05,4435299440.64,3790366321.35
2016-01-20,'000407,胜利股份,5.98,6.15,5.91,6.05,6.06,-0.08,-1.3201,1.8163,12014577,72391621.96,4628811632.64,3955740070.1
2016-01-19,'000407,胜利股份,6.06,6.08,5.8,5.84,5.86,0.2,3.413,2.1565,14265336,84854046.32,4690735534.08,4008659669.7
2016-01-18,'000407,胜利股份,5.86,5.97,5.65,5.7,5.85,0.01,0.1709,1.5291,10115049,58994409.04,4535925780.48,3876360670.7
2016-01-15,'000407,胜利股份,5.85,6.16,5.78,6.16,6.16,-0.31,-5.0325,2.2092,14613773,87029047.45,4528185292.8,3869745720.75
2016-01-14,'000407,胜利股份,6.16,6.23,5.61,5.89,5.99,0.17,2.8381,2.8958,19155357,114149725.88,4768140410.88,4074809169.2
2016-01-13,'000407,胜利股份,5.99,6.36,5.99,6.23,6.22,-0.23,-3.6977,1.7238,11402674,70345016.49,4636552120.32,3962355020.05
2016-01-12,'000407,胜利股份,6.22,6.29,6.02,6.25,6.14,0.08,1.3029,2.0134,13318527,82395775.83,4814583336.96,4114498868.9
2016-01-11,'000407,胜利股份,6.14,6.8,6.14,6.69,6.82,-0.68,-9.9707,3.1959,21140999,135763389.81,4752659435.52,4061579269.3
2016-01-08,'000407,胜利股份,6.82,7.0,6.31,6.95,6.71,0.11,1.6393,3.0756,20345196,138726372.3,5279012597.76,4511395865.9
2016-01-07,'000407,胜利股份,6.71,7.36,6.71,7.34,7.45,-0.74,-9.9329,0.7527,4979300,34677233.26,5193867233.28,4438631416.45
2016-01-06,'000407,胜利股份,7.45,7.53,7.26,7.28,7.25,0.2,2.7586,2.4399,16139998,119197686.97,5766663321.6,4928137712.75
2016-01-05,'000407,胜利股份,7.25,7.65,6.9,7.1,7.5,-0.25,-3.3333,4.3716,28917954,212138051.51,5611853568.0,4795838713.75
2016-01-04,'000407,胜利股份,7.5,8.3,7.48,8.3,8.31,-0.81,-9.7473,3.5161,23258558,183392555.93,5805365760.0,4961212462.5
2015-12-31,'000407,胜利股份,8.31,8.6,8.31,8.47,8.49,-0.18,-2.1201,5.0526,33422688,282399469.76,6432345262.08,5497023408.45
2015-12-30,'000407,胜利股份,8.49,8.65,8.24,8.3,8.25,0.24,2.9091,8.1756,54080996,457029445.65,6571674040.32,5616092507.55
2015-12-29,'000407,胜利股份,8.25,8.27,7.85,8.09,8.09,0.16,1.9778,4.6882,31012203,250055492.21,6385902336.0,5457333708.75
2015-12-28,'000407,胜利股份,8.09,8.46,8.02,8.03,8.1,-0.01,-0.1235,7.1843,47523871,390926917.16,6262054533.12,5351494509.55
2015-12-25,'000407,胜利股份,8.1,8.16,7.76,7.79,7.79,0.31,3.9795,6.1565,40724832,325361146.72,6269795020.8,5358109459.5
2015-12-24,'000407,胜利股份,7.79,7.98,7.7,7.98,7.98,-0.19,-2.381,3.5804,23684143,184944540.85,6029839902.72,5153046011.05
2015-12-23,'000407,胜利股份,7.98,8.1,7.88,7.93,7.92,0.06,0.7576,6.9658,46078156,368210160.24,6176909168.64,5278730060.1
2015-12-22,'000407,胜利股份,7.92,7.97,7.73,7.9,7.84,0.08,1.0204,3.8068,25181987,198081376.11,6130466242.56,5239040360.4
2015-12-21,'000407,胜利股份,7.84,7.96,7.65,7.66,7.68,0.16,2.0833,4.72,31222522,244138865.38,6068542341.12,5186120760.8
2015-12-18,'000407,胜利股份,7.68,7.86,7.66,7.83,7.85,-0.17,-2.1656,3.8301,25336116,195985374.6,5944694538.24,5080281561.6
2015-12-17,'000407,胜利股份,7.85,7.9,7.71,7.83,7.83,0.02,0.2554,5.6365,37285383,291410212.01,6076282828.8,5192735710.75
2015-12-16,'000407,胜利股份,7.83,8.16,7.71,7.95,7.85,-0.02,-0.2548,7.913,52344068,417245076.93,6060801853.44,5179505810.85
2015-12-15,'000407,胜利股份,7.85,7.97,7.82,7.83,7.83,0.02,0.2554,3.314,21922262,172959859.89,6076282828.8,5192735710.75
2015-12-14,'000407,胜利股份,7.83,7.94,7.67,7.7,7.81,0.02,0.2561,3.691,24415748,191079121.04,6060801853.44,5179505810.85
2015-12-11,'000407,胜利股份,7.81,7.85,7.53,7.75,7.78,0.03,0.3856,2.6189,17323807,132667081.64,6045320878.08,5166275910.95
2015-12-10,'000407,胜利股份,7.78,7.82,7.63,7.82,7.83,-0.05,-0.6386,2.8177,18638765,143921715.0,6022099415.04,5146431061.1
2015-12-09,'000407,胜利股份,7.83,7.84,7.51,7.7,7.76,0.07,0.9021,3.5437,23441495,179621690.26,6060801853.44,5179505810.85
2015-12-08,'000407,胜利股份,7.76,8.04,7.73,7.84,7.91,-0.15,-1.8963,4.3757,28944926,227283139.72,6006618439.68,5133201161.2
2015-12-07,'000407,胜利股份,7.91,8.07,7.71,7.89,7.84,0.07,0.8929,7.1338,47189712,372241139.97,6122725754.88,5232425410.45
2015-12-04,'000407,胜利股份,7.84,8.15,7.37,7.38,7.41,0.43,5.803,14.4556,95623256,752285730.03,6068542341.12,5186120760.8
2015-12-03,'000407,胜利股份,7.41,7.44,7.24,7.28,7.31,0.1,1.368,3.5893,23743355,174823051.53,5735701370.88,4901677912.95
2015-12-02,'000407,胜利股份,7.31,7.35,7.09,7.1,7.09,0.22,3.103,3.8242,25297029,182415763.99,5658296494.08,4835528413.45
2015-12-01,'000407,胜利股份,7.09,7.17,6.82,6.92,6.91,0.18,2.6049,2.811,18594325,131117363.66,5488005765.12,4689999514.55
2015-11-30,'000407,胜利股份,6.91,7.0,6.6,6.94,6.94,-0.03,-0.4323,2.9284,19371226,132538823.14,5348676986.88,4570930415.45
2015-11-27,'000407,胜利股份,6.94,7.43,6.76,7.3,7.37,-0.43,-5.8345,4.6251,30594683,221549701.54,5371898449.92,4590775265.3
2015-11-26,'000407,胜利股份,7.37,7.56,7.28,7.52,7.48,-0.11,-1.4706,4.6865,31000691,229378104.07,5704739420.16,4875218113.15
2015-11-25,'000407,胜利股份,7.48,7.56,7.39,7.53,7.57,-0.09,-1.1889,3.746,24779870,184867072.96,5789884784.64,4947982562.6
2015-11-24,'000407,胜利股份,7.57,7.66,7.45,7.47,7.43,0.14,1.8843,3.8731,25620341,193830800.44,5859549173.76,5007517112.15
2015-11-23,'000407,胜利股份,7.43,7.62,7.41,7.5,7.51,-0.08,-1.0652,3.1722,20983734,156902159.0,5751182346.24,4914907812.85
2015-11-20,'000407,胜利股份,7.51,7.77,7.42,7.76,7.61,-0.1,-1.3141,4.2934,28400413,213927011.25,5813106247.68,4967827412.45
2015-11-19,'000407,胜利股份,7.61,7.75,7.3,7.38,7.26,0.35,4.8209,8.5474,56540924,429519650.23,5890511124.48,5033976911.95
2015-11-18,'000407,胜利股份,7.26,7.42,7.01,7.1,7.08,0.18,2.5424,4.2162,27890223,200546366.68,5619594055.68,4802453663.7
2015-11-17,'000407,胜利股份,7.08,7.27,7.01,7.18,7.15,-0.07,-0.979,3.0296,20040722,143891481.16,5480265277.44,4683384564.6
2015-11-16,'000407,胜利股份,7.15,7.15,6.81,6.9,6.99,0.16,2.289,1.8426,12188912,85650058.76,5534448691.2,4729689214.25
2015-11-13,'000407,胜利股份,6.99,7.19,6.92,7.15,7.25,-0.26,-3.5862,3.5048,22604037,159245529.76,5410600888.32,4508214130.5
2015-11-12,'000407,胜利股份,7.25,7.45,7.22,7.4,7.42,-0.17,-2.2911,3.74,24120943,176043661.8,5611853568.0,4675901637.5
2015-11-11,'000407,胜利股份,7.42,7.43,7.13,7.14,7.16,0.26,3.6313,5.5247,35631569,258943235.18,5743441858.56,4785543469.0
2015-11-10,'000407,胜利股份,7.16,7.2,7.0,7.08,7.11,0.05,0.7032,3.871,24965810,177347000.51,5542189178.88,4617855962.0
2015-11-09,'000407,胜利股份,7.11,7.2,6.92,7.08,7.12,-0.01,-0.1404,4.2571,27456171,193756467.12,5503486740.48,4585608364.5
2015-11-06,'000407,胜利股份,7.12,7.25,6.91,6.94,6.94,0.18,2.5937,5.0656,32670416,232417103.64,5511227228.16,4592057884.0
2015-11-05,'000407,胜利股份,6.94,6.99,6.81,6.86,6.86,0.08,1.1662,4.4186,28497905,196997029.22,5371898449.92,4475966533.0
2015-11-04,'000407,胜利股份,6.86,6.87,6.55,6.6,6.55,0.31,4.7328,3.7229,24010735,162391625.67,5309974548.48,4424370377.0
2015-11-03,'000407,胜利股份,6.55,6.68,6.5,6.61,6.65,-0.1,-1.5038,1.5555,10032021,66030508.33,5070019430.4,4224435272.5
2015-11-02,'000407,胜利股份,6.65,6.79,6.55,6.69,6.85,-0.2,-2.9197,2.5445,16410854,109668954.0,5147424307.2,4288930467.5
2015-10-30,'000407,胜利股份,6.85,6.9,6.68,6.88,6.86,-0.01,-0.1458,2.6665,17197935,116912740.23,5302234060.8,4417920857.5
2015-10-29,'000407,胜利股份,6.86,6.94,6.73,6.73,6.78,0.08,1.1799,3.367,21715576,148833717.87,5309974548.48,4424370377.0
2015-10-28,'000407,胜利股份,6.78,6.92,6.71,6.77,6.76,0.02,0.2959,3.105,20025548,136608028.34,5248050647.04,4372774221.0
2015-10-27,'000407,胜利股份,6.76,6.81,6.48,6.8,6.81,-0.05,-0.7342,2.3542,15183310,100782681.45,5232569671.68,4359875182.0
2015-10-26,'000407,胜利股份,6.81,6.92,6.74,6.88,6.81,0.0,0.0,2.89,18639075,127163758.98,5271272110.08,4392122779.5
2015-10-23,'000407,胜利股份,6.81,6.85,6.61,6.67,6.64,0.17,2.5602,2.7273,17589848,117946782.87,5271272110.08,4392122779.5
2015-10-22,'000407,胜利股份,6.64,6.66,6.39,6.46,6.42,0.22,3.4268,2.1811,14066955,91730953.69,5139683819.52,4282480948.0
2015-10-21,'000407,胜利股份,6.42,7.14,6.4,7.12,7.11,-0.69,-9.7046,4.0715,26259003,178357926.0,4969393090.56,4140591519.0
2015-10-20,'000407,胜利股份,7.11,7.16,6.97,6.99,6.99,0.12,1.7167,3.2665,21067124,149420512.66,5503486740.48,4585608364.5
2015-10-19,'000407,胜利股份,6.99,7.19,6.89,7.11,7.1,-0.11,-1.5493,2.8619,18458062,129539872.35,5410600888.32,4508214130.5
2015-10-16,'000407,胜利股份,7.1,7.21,6.96,7.11,7.0,0.1,1.4286,4.019,25920759,183284892.92,5495746252.8,4579158845.0
2015-10-15,'000407,胜利股份,7.0,7.05,6.75,6.81,6.87,0.13,1.8923,3.7446,24150798,167804971.36,5418341376.0,4514663650.0
2015-10-14,'000407,胜利股份,6.87,7.16,6.82,7.1,7.11,-0.24,-3.3755,2.8929,18658080,130023849.28,5317715036.16,4430819896.5
2015-10-13,'000407,胜利股份,7.11,7.22,7.0,7.21,7.24,-0.13,-1.7956,3.3751,21767863,154393808.48,5503486740.48,4585608364.5
2015-10-12,'000407,胜利股份,7.24,7.36,6.79,6.79,6.8,0.44,6.4706,3.8412,24773647,176214127.17,5604113080.32,4669452118.0
2015-10-09,'000407,胜利股份,6.8,6.82,6.64,6.7,6.81,-0.01,-0.1468,2.6025,16784558,113010979.66,5263531622.4,4385673260.0
2015-10-08,'000407,胜利股份,6.81,6.81,6.33,6.33,6.19,0.62,10.0162,4.1463,26741939,178684486.69,5271272110.08,4392122779.5
2015-09-30,'000407,胜利股份,6.19,6.39,6.17,6.34,6.35,-0.16,-2.5197,1.0878,7015725,43814991.75,4791361873.92,3992252570.5
2015-09-29,'000407,胜利股份,6.35,6.49,6.07,6.19,6.25,0.1,1.6,2.6658,17193079,108343805.02,4915209676.8,4095444882.5
2015-09-28,'000407,胜利股份,6.25,6.25,5.99,6.11,6.09,0.16,2.6273,1.4515,9361292,57352821.66,4837804800.0,4030949687.5
2015-09-25,'000407,胜利股份,6.09,6.7,6.01,6.58,6.6,-0.51,-7.7273,2.8118,18134726,114331936.04,4713956997.12,3927757375.5
2015-09-24,'000407,胜利股份,6.6,6.73,6.54,6.66,6.67,-0.07,-1.0495,1.5124,9754303,64561031.53,5108721868.8,4256682870.0
2015-09-23,'000407,胜利股份,6.67,6.79,6.49,6.58,6.68,-0.01,-0.1497,2.2561,14550556,96205737.38,5162905282.56,4301829506.5
2015-09-22,'000407,胜利股份,6.68,6.94,6.55,6.8,6.84,-0.16,-2.3392,2.9984,19338015,129830431.01,5170645770.24,4308279026.0
2015-09-21,'000407,胜利股份,6.84,6.88,6.25,6.41,6.52,0.32,4.908,3.7289,24049608,158858236.85,5294493573.12,4411471338.0
2015-09-18,'000407,胜利股份,6.52,6.62,6.02,6.06,6.02,0.5,8.3056,4.587,29583940,187481864.42,5046797967.36,4205086714.0
2015-09-17,'000407,胜利股份,6.02,6.27,5.86,6.06,6.05,-0.03,-0.4959,4.0521,26134334,159005437.02,4659773583.36,3882610739.0
2015-09-16,'000407,胜利股份,6.05,6.17,5.65,5.7,5.61,0.44,7.8431,3.0207,19481750,114851287.1,4682995046.4,3901959297.5
2015-09-15,'000407,胜利股份,5.61,5.72,5.48,5.55,5.6,0.01,0.1786,3.4748,22411073,125543211.95,4342413588.48,3618180439.5
2015-09-14,'000407,胜利股份,5.6,6.31,5.6,6.22,6.22,-0.62,-9.9678,2.9299,18896137,110181308.96,4334673100.8,3611730920.0
2015-09-11,'000407,胜利股份,6.22,6.27,6.08,6.18,6.19,0.03,0.4847,2.1522,13880707,85886884.81,4814583336.96,4011601129.0
2015-09-10,'000407,胜利股份,6.19,6.33,6.16,6.27,6.32,-0.13,-2.057,2.2781,14692970,91740965.99,4791361873.92,3992252570.5
2015-09-09,'000407,胜利股份,6.32,6.46,6.14,6.18,6.18,0.14,2.2654,4.0842,26341080,165992517.95,4891988213.76,4076096324.0
2015-09-08,'000407,胜利股份,6.18,6.21,5.57,5.66,5.66,0.52,9.1873,3.8801,25025072,146948186.41,4783621386.24,3985803051.0
2015-09-07,'000407,胜利股份,5.66,5.9,5.5,5.64,5.5,0.16,2.9091,3.8169,24617435,140374324.67,4381116026.88,3650428037.0
2015-09-02,'000407,胜利股份,5.5,6.07,5.45,5.64,5.94,-0.44,-7.4074,3.7287,24048188,137126976.83,4257268224.0,3547235725.0
2015-09-01,'000407,胜利股份,5.94,6.44,5.87,6.26,6.29,-0.35,-5.5644,2.986,19258038,117973989.2,4597849681.92,3831014583.0
2015-08-31,'000407,胜利股份,6.29,6.69,6.28,6.68,6.73,-0.44,-6.5379,3.0065,19390271,125085584.52,4868766750.72,4056747765.5
2015-08-28,'000407,胜利股份,6.73,6.77,6.36,6.41,6.3,0.43,6.8254,5.1019,32904610,216622249.04,5209348208.64,4340526623.5
2015-08-27,'000407,胜利股份,6.3,6.3,5.96,6.11,6.0,0.3,5.0,5.6159,36220099,223529851.13,4876507238.4,4063197285.0
2015-08-26,'000407,胜利股份,6.0,6.87,5.92,6.58,6.56,-0.56,-8.5366,6.2712,40446420,257904619.99,4644292608.0,3869711700.0
2015-08-25,'000407,胜利股份,6.56,6.75,6.56,6.56,7.29,-0.73,-10.0137,5.1055,32928146,217038407.77,5077759918.08,4230884792.0
2015-08-24,'000407,胜利股份,7.29,7.89,7.29,7.66,8.1,-0.81,-10.0,2.9897,19281957,141942182.41,5642815518.72,4701699715.5
2015-08-21,'000407,胜利股份,8.1,8.63,7.98,8.62,8.75,-0.65,-7.4286,7.132,45997764,377907612.61,6269795020.8,5224110795.0
2015-08-20,'000407,胜利股份,8.75,9.21,8.61,8.74,8.8,-0.05,-0.5682,10.636,68597022,614862266.73,6772926720.0,5643329562.5
2015-08-19,'000407,胜利股份,8.8,8.8,7.52,7.7,8.0,0.8,10.0,9.8302,63400265,523925232.61,6811629158.4,5675577160.0
2015-08-18,'000407,胜利股份,8.0,9.26,7.91,8.95,8.79,-0.79,-8.9875,12.402,79986770,696783697.28,6192390144.0,5159615600.0
2015-08-17,'000407,胜利股份,8.79,8.79,7.96,8.0,7.99,0.8,10.0125,11.6694,75261946,641017244.54,6803888670.72,5669127640.5
2015-08-14,'000407,胜利股份,7.99,8.26,7.93,8.11,8.04,-0.05,-0.6219,6.974,44978662,365782347.88,6184649656.32,5153166080.5
2015-08-13,'000407,胜利股份,8.04,8.04,7.46,7.5,7.57,0.47,6.2087,6.108,39393520,307693687.8,6223352094.72,5185413678.0
2015-08-12,'000407,胜利股份,7.57,7.85,7.55,7.77,7.86,-0.29,-3.6896,4.6457,29962460,230374348.22,5859549173.76,4882286261.5
2015-08-11,'000407,胜利股份,7.86,8.1,7.78,7.86,7.84,0.02,0.2551,5.8183,37524992,297030523.23,6084023316.48,5069322327.0
2015-08-10,'000407,胜利股份,7.84,7.98,7.51,7.52,7.54,0.3,3.9788,6.6319,42772314,332419543.6,6068542341.12,5056423288.0
2015-08-07,'000407,胜利股份,7.54,7.64,7.24,7.24,7.25,0.29,4.0,5.3413,34448931,254468854.77,5836327710.72,4862937703.0
2015-08-06,'000407,胜利股份,7.25,7.32,6.91,7.01,7.14,0.11,1.5406,3.4175,22041465,157726039.38,5611853568.0,4675901637.5
2015-08-05,'000407,胜利股份,7.14,7.3,7.06,7.15,7.18,-0.04,-0.5571,4.1198,26570486,191192706.82,5526708203.52,4604956923.0
2015-08-04,'000407,胜利股份,7.18,7.19,6.7,6.74,6.7,0.48,7.1642,3.7059,23901255,166463531.37,5557670154.24,4630755001.0
2015-08-03,'000407,胜利股份,6.7,6.9,6.45,6.87,6.89,-0.19,-2.7576,3.707,23908506,159817275.11,5186126745.6,4321178065.0
2015-07-31,'000407,胜利股份,6.89,7.06,6.7,6.8,6.92,-0.03,-0.4335,3.0564,19712503,136160788.77,5333196011.52,4443718935.5
2015-07-30,'000407,胜利股份,6.92,7.38,6.9,7.28,7.28,-0.36,-4.9451,4.5034,29044702,210163094.85,5356417474.56,4463067494.0
2015-07-29,'000407,胜利股份,7.28,7.29,6.66,6.95,6.8,0.48,7.0588,4.658,30042048,208100091.05,5635075031.04,4695250196.0
2015-07-28,'000407,胜利股份,6.8,7.18,6.39,6.7,7.09,-0.29,-4.0903,6.8722,44322446,299633993.86,5263531622.4,4385673260.0
2015-07-27,'000407,胜利股份,7.09,8.02,7.09,7.75,7.88,-0.79,-10.0254,7.6923,49611727,378984878.5,5488005765.12,4572709325.5
2015-07-24,'000407,胜利股份,7.88,8.34,7.81,8.17,8.13,-0.25,-3.075,8.8612,57150176,465564280.61,6099504291.84,5082221366.0
2015-07-23,'000407,胜利股份,8.13,8.15,7.65,7.68,7.71,0.42,5.4475,8.3721,53995968,428069909.49,6293016483.84,5243459353.5
2015-07-22,'000407,胜利股份,7.71,7.8,7.41,7.68,7.67,0.04,0.5215,6.2444,40273420,307862239.21,5967916001.28,4972579534.5
2015-07-21,'000407,胜利股份,7.67,7.88,7.23,7.4,7.53,0.14,1.8592,7.2059,46474350,352176985.93,5936954050.56,4946781456.5
2015-07-20,'000407,胜利股份,7.53,7.75,7.27,7.55,7.43,0.1,1.3459,7.975,51434880,387373166.47,5828587223.04,4856488183.5
2015-07-17,'000407,胜利股份,7.43,7.54,6.9,6.93,6.95,0.48,6.9065,7.2643,46851008,339940282.24,5751182346.24,4791992988.5
2015-07-16,'000407,胜利股份,6.95,7.1,6.06,6.5,6.6,0.35,5.303,8.6327,55677009,374412051.99,5379638937.6,4482416052.5
2015-07-15,'000407,胜利股份,6.6,6.6,6.6,6.6,6.0,0.6,10.0,0.4802,3097128,20441044.8,5108721868.8,4256682870.0
2015-07-14,'000407,胜利股份,0.0,0.0,0.0,0.0,6.0,None,None,0.0,0,0.0,4644292608.0,3869711700.0
2015-07-13,'000407,胜利股份,0.0,0.0,0.0,0.0,6.0,None,None,0.0,0,0.0,4644292608.0,3869711700.0
2015-07-10,'000407,胜利股份,0.0,0.0,0.0,0.0,6.0,None,None,0.0,0,0.0,4644292608.0,3869711700.0
2015-07-09,'000407,胜利股份,0.0,0.0,0.0,0.0,6.0,None,None,0.0,0,0.0,4644292608.0,3869711700.0
2015-07-08,'000407,胜利股份,0.0,0.0,0.0,0.0,6.0,None,None,0.0,0,0.0,4644292608.0,3869711700.0
2015-07-07,'000407,胜利股份,6.0,6.48,6.0,6.41,6.67,-0.67,-10.045,3.9309,25352349,155055510.12,4644292608.0,3869711700.0
2015-07-06,'000407,胜利股份,6.67,7.5,6.18,7.5,6.82,-0.15,-2.1994,6.8109,43926824,300577376.01,5162905282.56,4301829506.5
2015-07-03,'000407,胜利股份,6.82,7.95,6.72,7.23,7.45,-0.63,-8.4564,6.024,38852147,274802865.57,5279012597.76,4398572299.0
2015-07-02,'000407,胜利股份,7.45,8.36,7.38,8.24,8.2,-0.75,-9.1463,5.7712,37221498,292122512.16,5766663321.6,4804892027.5
2015-07-01,'000407,胜利股份,8.2,9.1,8.1,8.8,8.92,-0.72,-8.0717,4.8206,31090239,273785474.14,6347199897.6,5288605990.0
2015-06-30,'000407,胜利股份,8.92,8.96,7.6,8.39,8.35,0.57,6.8263,6.1796,39855456,330571645.2,6904515010.56,5752971394.0
2015-06-29,'000407,胜利股份,8.35,9.54,8.34,9.54,9.27,-0.92,-9.9245,5.9953,38666631,338846001.59,6463307212.8,5385348782.5
2015-06-26,'000407,胜利股份,9.27,10.0,9.27,10.0,10.3,-1.03,-10.0,5.213,33621603,322035318.32,7175432079.36,5978704576.5
2015-06-25,'000407,胜利股份,10.3,10.9,10.0,10.9,10.95,-0.65,-5.9361,4.8839,31499008,333302873.48,7972702310.4,6643005085.0
2015-06-24,'000407,胜利股份,10.95,11.0,10.5,10.8,10.68,0.27,2.5281,5.3615,34579385,373482179.78,8475834009.6,7062223852.5
2015-06-23,'000407,胜利股份,10.68,10.74,9.5,10.43,10.53,0.15,1.4245,5.1354,33120682,341622081.43,8266840842.24,6888086826.0
2015-06-19,'000407,胜利股份,10.53,11.48,10.53,11.3,11.7,-1.17,-10.0,5.636,36349564,399070136.55,8150733527.04,6791344033.5
2015-06-18,'000407,胜利股份,11.7,12.37,11.6,12.14,12.14,-0.44,-3.6244,6.1292,39530275,478233525.81,9056370585.6,7545937815.0
2015-06-17,'000407,胜利股份,12.14,12.18,11.3,11.44,11.42,0.72,6.3047,6.5127,42003678,491518948.23,9396952043.52,7829716673.0
2015-06-16,'000407,胜利股份,11.42,11.99,11.4,11.99,12.0,-0.58,-4.8333,6.4231,41425639,483542133.35,8839636930.56,7365351269.0
2015-06-15,'000407,胜利股份,12.0,12.77,11.98,12.54,12.53,-0.53,-4.2298,9.4554,60982910,750947977.19,9288585216.0,7739423400.0
2015-06-12,'000407,胜利股份,12.53,12.89,12.3,12.38,12.4,0.13,1.0484,8.7592,56492822,712584100.97,9698831063.04,8081247933.5
2015-06-11,'000407,胜利股份,12.4,12.48,11.89,12.1,12.09,0.31,2.5641,7.7128,49743888,604429013.39,9598204723.2,7997404180.0
2015-06-10,'000407,胜利股份,12.09,12.42,11.58,11.8,11.88,0.21,1.7677,8.5533,55164553,669043529.33,9358249605.12,7797469075.5
2015-06-09,'000407,胜利股份,11.88,12.17,11.66,12.0,12.26,-0.38,-3.0995,9.7587,62938710,746256850.19,9195699363.84,7662029166.0
2015-06-08,'000407,胜利股份,12.26,12.54,11.61,11.61,11.4,0.86,7.5439,17.1691,110732596,1365959045.23,9489837895.68,7907110907.0
2015-06-05,'000407,胜利股份,11.4,11.43,10.9,11.11,10.94,0.46,4.2048,11.1949,72201528,812658915.98,8824155955.2,7352452230.0
2015-06-04,'000407,胜利股份,10.94,11.09,10.1,10.64,10.75,0.19,1.7674,8.6146,55559968,593719006.03,8468093521.92,7055774333.0
2015-06-03,'000407,胜利股份,10.75,11.06,10.3,10.84,10.81,-0.06,-0.555,7.9305,51147994,548513592.92,8321024256.0,6933233462.5
2015-06-02,'000407,胜利股份,10.81,10.85,10.39,10.44,10.38,0.43,4.1426,7.0956,45763020,487517077.44,8367467182.08,6971930579.5
2015-06-01,'000407,胜利股份,10.38,10.41,9.96,10.0,9.88,0.5,5.0607,6.1371,39581540,405559623.03,8034626211.84,6694601241.0
2015-05-29,'000407,胜利股份,9.88,10.38,9.41,10.19,10.19,-0.31,-3.0422,8.1647,52658245,523842853.1,7647601827.84,6372125266.0
2015-05-28,'000407,胜利股份,10.19,11.52,10.19,11.35,11.32,-1.13,-9.9823,10.3901,67011108,731463963.35,7887556945.92,6572060370.5
2015-05-27,'000407,胜利股份,11.32,11.55,10.55,10.88,10.81,0.51,4.7179,10.3129,66513465,730705536.61,8762232053.76,7300856074.0
2015-05-26,'000407,胜利股份,10.81,10.89,10.3,10.48,10.47,0.34,3.2474,9.1571,59058967,625187458.65,8367467182.08,6971930579.5
2015-05-25,'000407,胜利股份,10.47,10.76,10.12,10.2,10.27,0.2,1.9474,9.1505,59016650,621533955.88,8104290600.96,6752646916.5
2015-05-22,'000407,胜利股份,10.27,10.49,10.01,10.3,10.27,0.0,0.0,8.9971,58027149,594899652.09,7949480847.36,6623656526.5
2015-05-21,'000407,胜利股份,10.27,10.49,9.5,9.51,9.54,0.73,7.652,16.9303,109192465,1118045258.26,7949480847.36,6623656526.5
2015-05-20,'000407,胜利股份,9.54,9.84,9.43,9.57,9.55,-0.01,-0.1047,6.8143,43948827,423018464.41,7384425246.72,6152841603.0
2015-05-19,'000407,胜利股份,9.55,9.66,9.18,9.39,9.42,0.13,1.38,6.0081,38749036,364212186.51,7392165734.4,6159291122.5
2015-05-18,'000407,胜利股份,9.42,9.45,8.98,9.11,9.11,0.31,3.4029,6.128,39522579,367852234.21,7291539394.56,6075447369.0
2015-05-15,'000407,胜利股份,9.11,9.34,8.74,9.11,9.08,0.03,0.3304,5.3761,34673364,313377556.37,7051584276.48,5875512264.5
2015-05-14,'000407,胜利股份,9.08,9.16,8.87,9.01,9.03,0.05,0.5537,4.0113,25871226,232978217.86,7028362813.44,5856163706.0
2015-05-13,'000407,胜利股份,9.03,9.14,8.83,8.93,8.99,0.04,0.4449,5.4319,35033151,315573583.56,6989660375.04,5823916108.5
2015-05-12,'000407,胜利股份,8.99,9.04,8.66,8.74,8.73,0.26,2.9782,4.8423,31230269,274895349.26,6958698424.32,5798118030.5
2015-05-11,'000407,胜利股份,8.73,8.74,8.4,8.55,8.45,0.28,3.3136,3.7516,24196134,207773446.0,6757445744.64,5630430523.5
2015-05-08,'000407,胜利股份,8.45,8.48,8.25,8.33,8.19,0.26,3.1746,3.2968,21263094,177997456.21,6540712089.6,5449843977.5
2015-05-07,'000407,胜利股份,8.19,8.68,8.16,8.68,8.66,-0.47,-5.4273,3.9002,25154314,211896607.26,6339459409.92,5282156470.5
2015-05-06,'000407,胜利股份,8.66,9.08,8.59,9.0,8.95,-0.29,-3.2402,3.9611,25547173,226946287.42,6703262330.88,5585283887.0
2015-05-05,'000407,胜利股份,8.95,9.4,8.91,9.05,9.08,-0.13,-1.4317,5.6968,36741423,336576543.5,6927736473.6,5772319952.5
2015-05-04,'000407,胜利股份,9.08,9.16,8.82,8.97,8.91,0.17,1.908,3.3787,21790856,197147980.42,7028362813.44,5856163706.0
2015-04-30,'000407,胜利股份,8.91,9.13,8.9,9.13,9.14,-0.23,-2.5164,2.9846,19249478,173478971.93,6896774522.88,5746521874.5
2015-04-29,'000407,胜利股份,9.14,9.16,8.67,8.89,8.88,0.26,2.9279,3.9139,25243000,226113949.22,7074805739.52,5894860823.0
2015-04-28,'000407,胜利股份,8.88,9.51,8.81,9.51,9.57,-0.69,-7.21,7.6391,49268265,448710997.77,6873553059.84,5727173316.0
2015-04-27,'000407,胜利股份,9.57,9.9,9.4,9.65,9.6,-0.03,-0.3125,6.1065,39384269,379485514.06,7407646709.76,6172190161.5
2015-04-24,'000407,胜利股份,9.6,9.64,9.06,9.18,9.29,0.31,3.3369,8.9527,57740657,542799502.92,7430868172.8,6191538720.0
2015-04-23,'000407,胜利股份,9.29,9.5,9.16,9.39,9.4,-0.11,-1.1702,7.2349,46661602,434994306.21,7190913054.72,5991603615.5
2015-04-22,'000407,胜利股份,9.4,9.9,9.26,9.28,9.25,0.15,1.6216,11.2577,72606998,689496477.43,7276058419.2,6062548330.0
2015-04-21,'000407,胜利股份,9.25,9.37,8.71,8.71,8.7,0.55,6.3218,7.4555,48084438,436258837.14,7159951104.0,5965805537.5
2015-04-20,'000407,胜利股份,8.7,8.92,8.58,8.78,8.8,-0.1,-1.1364,4.6167,29775765,260147412.42,6734224281.6,5611081965.0
2015-04-17,'000407,胜利股份,8.8,8.98,8.71,8.86,8.84,-0.04,-0.4525,4.9897,32180860,284253862.92,6811629158.4,5675577160.0
2015-04-16,'000407,胜利股份,8.84,8.91,8.42,8.52,8.71,0.13,1.4925,4.1212,26580055,232446786.14,6842591109.12,5701375238.0
2015-04-15,'000407,胜利股份,8.71,9.14,8.67,9.1,9.09,-0.38,-4.1804,4.3424,28006134,247638117.89,6741964769.28,5617531484.5
2015-04-14,'000407,胜利股份,9.09,9.27,8.92,9.07,9.07,0.02,0.2205,5.4543,35177749,320282657.68,7036103301.12,5862613225.5
2015-04-13,'000407,胜利股份,9.07,9.15,8.89,9.05,9.01,0.06,0.6659,5.6776,36617946,330231863.39,7020622325.76,5849714186.5
2015-04-10,'000407,胜利股份,9.01,9.08,8.6,8.77,8.78,0.23,2.6196,4.964,32015289,285173360.29,6974179399.68,5811017069.5
2015-04-09,'000407,胜利股份,8.78,9.12,8.51,9.12,9.12,-0.34,-3.7281,5.9594,38435486,336944589.32,6796148183.04,5662678121.0
2015-04-08,'000407,胜利股份,9.12,9.5,9.0,9.35,9.27,-0.15,-1.6181,6.3983,41266140,380709178.44,7059324764.16,5881961784.0
2015-04-07,'000407,胜利股份,9.27,9.58,9.15,9.15,9.15,0.12,1.3115,6.5885,42492743,397299375.05,7175432079.36,5978704576.5
2015-04-03,'000407,胜利股份,9.15,9.18,8.95,9.15,9.23,-0.08,-0.8667,6.1939,39947508,363136877.69,7082546227.2,5901310342.5
2015-04-02,'000407,胜利股份,9.23,9.32,8.91,9.1,9.08,0.15,1.652,7.8877,50872108,465583683.82,7144470128.64,5952906498.5
2015-04-01,'000407,胜利股份,9.08,9.4,8.42,8.56,8.58,0.5,5.8275,10.2732,66257067,588894547.1,7028362813.44,5856163706.0
2015-03-31,'000407,胜利股份,8.58,9.0,8.41,9.0,8.92,-0.34,-3.8117,13.4116,86498217,750693894.89,6641338429.44,5533687731.0
2015-03-30,'000407,胜利股份,8.92,8.92,8.92,8.92,8.11,0.81,9.9877,0.1929,1243816,11094838.72,6904515010.56,5752971394.0
2015-03-27,'000407,胜利股份,8.11,8.11,8.11,8.11,7.37,0.74,10.0407,0.2345,1512303,12264777.33,6277535508.48,5230560314.5
2015-03-26,'000407,胜利股份,0.0,0.0,0.0,0.0,7.37,None,None,0.0,0,0.0,5704739420.16,4753295871.5
2015-03-25,'000407,胜利股份,0.0,0.0,0.0,0.0,7.37,None,None,0.0,0,0.0,5704739420.16,4753295871.5
2015-03-24,'000407,胜利股份,0.0,0.0,0.0,0.0,7.37,None,None,0.0,0,0.0,5704739420.16,4753295871.5
2015-03-23,'000407,胜利股份,0.0,0.0,0.0,0.0,7.37,None,None,0.0,0,0.0,5704739420.16,4753295871.5
2015-03-20,'000407,胜利股份,0.0,0.0,0.0,0.0,7.37,None,None,0.0,0,0.0,5704739420.16,4753295871.5
2015-03-19,'000407,胜利股份,0.0,0.0,0.0,0.0,7.37,None,None,0.0,0,0.0,5704739420.16,4753295871.5
2015-03-18,'000407,胜利股份,0.0,0.0,0.0,0.0,7.37,None,None,0.0,0,0.0,5704739420.16,4753295871.5
2015-03-17,'000407,胜利股份,0.0,0.0,0.0,0.0,7.37,None,None,0.0,0,0.0,5704739420.16,4753295871.5
2015-03-16,'000407,胜利股份,0.0,0.0,0.0,0.0,7.37,None,None,0.0,0,0.0,5704739420.16,4753295871.5
2015-03-13,'000407,胜利股份,0.0,0.0,0.0,0.0,7.37,None,None,0.0,0,0.0,5704739420.16,4753295871.5
2015-03-12,'000407,胜利股份,0.0,0.0,0.0,0.0,7.37,None,None,0.0,0,0.0,5704739420.16,4753295871.5
2015-03-11,'000407,胜利股份,0.0,0.0,0.0,0.0,7.37,None,None,0.0,0,0.0,5704739420.16,4753295871.5
2015-03-10,'000407,胜利股份,0.0,0.0,0.0,0.0,7.37,None,None,0.0,0,0.0,5704739420.16,4753295871.5
2015-03-09,'000407,胜利股份,0.0,0.0,0.0,0.0,7.37,None,None,0.0,0,0.0,5704739420.16,4753295871.5
2015-03-06,'000407,胜利股份,0.0,0.0,0.0,0.0,7.37,None,None,0.0,0,0.0,5704739420.16,4753295871.5
2015-03-05,'000407,胜利股份,0.0,0.0,0.0,0.0,7.37,None,None,0.0,0,0.0,5704739420.16,4753295871.5
2015-03-04,'000407,胜利股份,0.0,0.0,0.0,0.0,7.37,None,None,0.0,0,0.0,5704739420.16,4753295871.5
2015-03-03,'000407,胜利股份,0.0,0.0,0.0,0.0,7.37,None,None,0.0,0,0.0,5704739420.16,4753295871.5
2015-03-02,'000407,胜利股份,0.0,0.0,0.0,0.0,7.37,None,None,0.0,0,0.0,5704739420.16,4753295871.5
2015-02-27,'000407,胜利股份,7.37,7.42,7.02,7.05,7.08,0.29,4.096,6.4923,41872488,303899298.91,5704739420.16,4753295871.5
2015-02-26,'000407,胜利股份,7.08,7.09,6.83,6.87,6.87,0.21,3.0568,3.3309,21482829,150127603.81,5480265277.44,4566259806.0
2015-02-25,'000407,胜利股份,6.87,7.02,6.81,6.95,6.98,-0.11,-1.5759,2.2066,14231519,98704520.06,5317715036.16,4430819896.5
2015-02-17,'000407,胜利股份,6.98,7.13,6.89,7.02,6.98,0.0,0.0,2.5176,16237030,113711858.94,5402860400.64,4501764611.0
2015-02-16,'000407,胜利股份,6.98,7.01,6.73,6.8,6.79,0.19,2.7982,3.7807,24383616,168449755.85,5402860400.64,4501764611.0
2015-02-13,'000407,胜利股份,6.79,6.88,6.77,6.79,6.8,-0.01,-0.1471,2.3465,15133998,103132061.94,5255791134.72,4379223740.5
2015-02-12,'000407,胜利股份,6.8,6.82,6.66,6.73,6.73,0.07,1.0401,2.2199,14317052,96568681.49,5263531622.4,4385673260.0
2015-02-11,'000407,胜利股份,6.73,6.78,6.64,6.65,6.61,0.12,1.8154,2.1175,13657110,91590173.31,5209348208.64,4340526623.5
2015-02-10,'000407,胜利股份,6.61,6.7,6.49,6.67,6.67,-0.06,-0.8996,1.2476,8046559,52916680.47,5116462356.48,4263132389.5
2015-02-09,'000407,胜利股份,6.67,6.79,6.59,6.59,6.58,0.09,1.3678,1.5306,9871828,66170811.28,5162905282.56,4301829506.5
2015-02-06,'000407,胜利股份,6.58,6.74,6.51,6.56,6.55,0.03,0.458,1.8938,12214370,81042358.3,5093240893.44,4243783831.0
2015-02-05,'000407,胜利股份,6.55,6.75,6.53,6.69,6.7,-0.15,-2.2388,2.197,14169524,93741489.45,5070019430.4,4224435272.5
2015-02-04,'000407,胜利股份,6.7,6.9,6.66,6.76,6.78,-0.08,-1.1799,2.7605,17803632,121150903.41,5186126745.6,4321178065.0
2015-02-03,'000407,胜利股份,6.78,6.91,6.66,6.68,6.61,0.17,2.5719,2.8788,18566864,125912943.17,5248050647.04,4372774221.0
2015-02-02,'000407,胜利股份,6.61,6.69,6.45,6.49,6.54,0.07,1.0703,1.867,12041555,79595325.31,5116462356.48,4263132389.5
2015-01-30,'000407,胜利股份,6.54,6.78,6.52,6.68,6.7,-0.16,-2.3881,1.9913,12843074,85040614.64,5062278942.72,4217985753.0
2015-01-29,'000407,胜利股份,6.7,6.74,6.53,6.6,6.63,0.07,1.0558,3.3671,21716220,144771042.79,5186126745.6,4321178065.0
2015-01-28,'000407,胜利股份,6.63,6.85,6.62,6.84,6.69,-0.06,-0.8969,4.4001,28378303,191050153.08,5131943331.84,4276031428.5
2015-01-27,'000407,胜利股份,6.69,6.85,6.47,6.47,6.39,0.3,4.6948,4.4382,28624282,190306730.0,5178386257.92,4314728545.5
2015-01-26,'000407,胜利股份,6.39,6.49,6.29,6.3,6.28,0.11,1.7516,1.8723,12075753,77246266.56,4946171627.52,4121242960.5
2015-01-23,'000407,胜利股份,6.28,6.41,6.25,6.38,6.38,-0.1,-1.5674,2.2697,14638193,92879362.63,4861026263.04,4050298246.0
2015-01-22,'000407,胜利股份,6.38,6.41,6.22,6.22,6.18,0.2,3.2362,3.5484,22885483,144609723.61,4938431139.84,4114793441.0
2015-01-21,'000407,胜利股份,6.18,6.2,6.03,6.04,6.04,0.14,2.3179,2.297,14814322,90812346.81,4783621386.24,3985803051.0
2015-01-20,'000407,胜利股份,6.04,6.04,5.91,5.91,5.94,0.1,1.6835,1.531,9874274,59249800.43,4675254558.72,3895509778.0
2015-01-19,'000407,胜利股份,5.94,6.07,5.89,6.0,6.1,-0.16,-2.623,2.5535,16468623,98622909.76,4597849681.92,3831014583.0
2015-01-16,'000407,胜利股份,6.1,6.1,5.91,6.02,6.01,0.09,1.4975,3.2347,20862406,124923421.29,4721697484.8,3934206895.0
2015-01-15,'000407,胜利股份,6.01,6.04,5.98,6.02,6.02,-0.01,-0.1661,1.5922,10268764,61712475.06,4652033095.68,3876161219.5
2015-01-14,'000407,胜利股份,6.02,6.07,5.98,6.05,6.02,0.0,0.0,1.107,7139368,43007379.44,4659773583.36,3882610739.0
2015-01-13,'000407,胜利股份,6.02,6.05,5.96,5.98,5.98,0.04,0.6689,1.0066,6491809,39071210.0,4659773583.36,3882610739.0
2015-01-12,'000407,胜利股份,5.98,6.12,5.96,6.12,6.11,-0.13,-2.1277,1.2552,8095172,48813597.8,4628811632.64,3856812661.0
2015-01-09,'000407,胜利股份,6.11,6.35,6.11,6.32,6.32,-0.21,-3.3228,1.4955,9645214,60294287.3,4729437972.48,3940656414.5
2015-01-08,'000407,胜利股份,6.32,6.36,6.25,6.26,6.27,0.05,0.7974,1.4562,9391774,59214068.01,4891988213.76,4076096324.0
2015-01-07,'000407,胜利股份,6.27,6.35,6.23,6.3,6.3,-0.03,-0.4762,1.1178,7209056,45275372.0,4853285775.36,4043848726.5
2015-01-06,'000407,胜利股份,6.3,6.37,6.21,6.24,6.27,0.03,0.4785,1.4517,9362894,58856238.45,4876507238.4,4063197285.0
2015-01-05,'000407,胜利股份,6.27,6.33,6.06,6.15,6.15,0.12,1.9512,1.8436,11890212,73960385.21,4853285775.36,4043848726.5
2014-12-31,'000407,胜利股份,6.15,6.21,6.03,6.03,6.04,0.11,1.8212,1.0443,6735172,41330747.71,4760399923.2,3966454492.5
2014-12-30,'000407,胜利股份,6.04,6.14,6.01,6.14,6.12,-0.08,-1.3072,0.9994,6445965,39057916.66,4675254558.72,3895509778.0
2014-12-29,'000407,胜利股份,6.12,6.26,6.1,6.24,6.23,-0.11,-1.7657,1.3641,8798010,54026449.13,4737178460.16,3947105934.0
2014-12-26,'000407,胜利股份,6.23,6.26,6.17,6.2,6.21,0.02,0.3221,1.1317,7298689,45390095.46,4822323824.64,4018050648.5
2014-12-25,'000407,胜利股份,6.21,6.25,6.14,6.21,6.21,0.0,0.0,1.1517,7427958,46051871.15,4806842849.28,4005151609.5
2014-12-24,'000407,胜利股份,6.21,6.21,6.11,6.11,6.09,0.12,1.9704,1.0973,7077125,43613623.9,4806842849.28,4005151609.5
2014-12-23,'000407,胜利股份,6.09,6.17,6.05,6.07,6.05,0.04,0.6612,1.4457,9324329,56889245.98,4713956997.12,3927757375.5
2014-12-22,'000407,胜利股份,6.05,6.37,5.99,6.37,6.35,-0.3,-4.7244,2.5485,16436745,100721221.96,4682995046.4,3901959297.5
2014-12-19,'000407,胜利股份,6.35,6.55,6.31,6.48,6.48,-0.13,-2.0062,1.9366,12490420,79651452.22,4915209676.8,4095444882.5
2014-12-18,'000407,胜利股份,6.48,6.65,6.46,6.52,6.53,-0.05,-0.7657,1.5859,10228162,66993521.8,5015836016.64,4179288636.0
2014-12-17,'000407,胜利股份,6.53,6.79,6.43,6.76,6.76,-0.23,-3.4024,2.153,13885992,91939890.07,5054538455.04,4211536233.5
2014-12-16,'000407,胜利股份,6.76,6.83,6.66,6.77,6.77,-0.01,-0.1477,1.8227,11755384,78954182.69,5232569671.68,4359875182.0
2014-12-15,'000407,胜利股份,6.77,6.84,6.49,6.58,6.57,0.2,3.0441,2.8098,18121704,121803348.3,5240310159.36,4366324701.5
2014-12-12,'000407,胜利股份,6.57,6.62,6.51,6.55,6.55,0.02,0.3053,1.4699,9480459,62345356.71,5085500405.76,4237334311.5
2014-12-11,'000407,胜利股份,6.55,6.56,6.38,6.46,6.46,0.09,1.3932,1.9283,12436907,80329615.4,5070019430.4,4224435272.5
2014-12-10,'000407,胜利股份,6.46,6.55,6.16,6.26,6.25,0.21,3.36,2.1721,14008788,89390087.98,5000355041.28,4166389597.0
2014-12-09,'000407,胜利股份,6.25,6.62,6.22,6.62,6.61,-0.36,-5.4463,3.4736,22403367,144323367.28,4837804800.0,4030949687.5
2014-12-08,'000407,胜利股份,6.61,6.71,6.55,6.65,6.71,-0.1,-1.4903,3.1994,20634553,136399310.92,5116462356.48,4263132389.5
2014-12-05,'000407,胜利股份,6.71,7.05,6.51,7.05,7.05,-0.34,-4.8227,4.0359,26029518,175974002.25,5193867233.28,4327627584.5
2014-12-04,'000407,胜利股份,7.05,7.2,7.03,7.06,7.09,-0.04,-0.5642,4.525,29184383,207180105.22,5457043814.4,4546911247.5
2014-12-03,'000407,胜利股份,7.09,7.16,6.92,7.0,7.07,0.02,0.2829,4.6409,29931497,210380195.02,5267231744.02,4572709325.5
2014-12-02,'000407,胜利股份,7.07,7.24,6.79,6.84,6.88,0.19,2.7616,6.1534,39686204,279553551.72,5252373544.46,4559810286.5
2014-12-01,'000407,胜利股份,6.88,6.96,6.65,6.81,6.83,0.05,0.7321,4.9798,32117293,219592301.78,5111220648.64,4437269416.0
2014-11-28,'000407,胜利股份,6.83,6.86,6.64,6.83,6.86,-0.03,-0.4373,4.0551,26153196,177190771.37,5074075149.74,4405021818.5
2014-11-27,'000407,胜利股份,6.86,6.9,6.67,6.68,6.69,0.17,2.5411,4.4323,28585974,194046218.08,5096362449.08,4424370377.0
2014-11-26,'000407,胜利股份,6.69,6.75,6.59,6.64,6.64,0.05,0.753,2.1707,14000144,93426598.0,4970067752.82,4314728545.5
2014-11-25,'000407,胜利股份,6.64,6.66,6.47,6.51,6.51,0.13,1.9969,2.2534,14533405,95876721.91,4932922253.92,4282480948.0
2014-11-24,'000407,胜利股份,6.51,6.56,6.45,6.51,6.47,0.04,0.6182,1.9312,12455098,80932024.76,4836343956.78,4198637194.5
2014-11-21,'000407,胜利股份,6.47,6.52,6.36,6.4,6.38,0.09,1.4107,1.447,9332501,60100472.79,4806627557.66,4172839116.5
2014-11-20,'000407,胜利股份,6.38,6.39,6.33,6.38,6.39,-0.01,-0.1565,1.0529,6790439,43134595.92,4739765659.64,4114793441.0
2014-11-19,'000407,胜利股份,6.39,6.44,6.3,6.34,6.37,0.02,0.314,1.7334,11179582,71000814.92,4747194759.42,4121242960.5
2014-11-18,'000407,胜利股份,6.37,6.46,6.33,6.46,6.44,-0.07,-1.087,1.2962,8360049,53331892.54,4732336559.86,4108343921.5
2014-11-17,'000407,胜利股份,6.44,6.48,6.36,6.38,6.38,0.06,0.9404,0.9077,5854348,37586230.97,4784340258.32,4153490558.0
2014-11-14,'000407,胜利股份,6.38,6.47,6.35,6.46,6.48,-0.1,-1.5432,1.0024,6464838,41346051.1,4739765659.64,4114793441.0
2014-11-13,'000407,胜利股份,6.48,6.5,6.31,6.5,6.48,0.0,0.0,1.8817,12136286,77500961.92,4814056657.44,4179288636.0
2014-11-12,'000407,胜利股份,6.48,6.5,6.4,6.42,6.43,0.05,0.7776,1.5227,9820383,63289661.96,4814056657.44,4179288636.0
2014-11-11,'000407,胜利股份,6.43,6.88,6.37,6.86,6.83,-0.4,-5.8565,3.4324,22137466,146262430.76,4776911158.54,4147041038.5
2014-11-10,'000407,胜利股份,6.83,6.85,6.74,6.84,6.81,0.02,0.2937,2.1784,14049764,95490250.41,4434254860.52,4405021818.5
2014-11-07,'000407,胜利股份,6.81,6.95,6.66,6.72,6.71,0.1,1.4903,3.4613,22323952,152023509.59,4421270219.64,4392122779.5
2014-11-06,'000407,胜利股份,6.71,6.73,6.59,6.73,6.71,0.0,0.0,1.0519,6784277,45096196.06,4356347015.24,4327627584.5
2014-11-05,'000407,胜利股份,6.71,6.77,6.64,6.72,6.75,-0.04,-0.5926,1.1798,7609247,50992889.92,4356347015.24,4327627584.5
2014-11-04,'000407,胜利股份,6.75,6.86,6.7,6.7,6.74,0.01,0.1484,1.8991,12248291,83073986.02,4382316297.0,4353425662.5
2014-11-03,'000407,胜利股份,6.74,6.76,6.63,6.63,6.64,0.1,1.506,1.7736,11438826,76689510.01,4375823976.56,4346976143.0
2014-10-31,'000407,胜利股份,6.64,6.78,6.55,6.75,6.75,-0.11,-1.6296,1.755,11318639,75381587.88,4310900772.16,4282480948.0
2014-10-30,'000407,胜利股份,6.75,6.84,6.69,6.74,6.75,0.0,0.0,2.0913,13487655,91159185.75,4382316297.0,4353425662.5
2014-10-29,'000407,胜利股份,6.75,6.79,6.67,6.74,6.71,0.04,0.5961,1.9791,12764263,85817403.57,4382316297.0,4353425662.5
2014-10-28,'000407,胜利股份,6.71,6.74,6.57,6.57,6.54,0.17,2.5994,1.4809,9550865,63741003.47,4356347015.24,4327627584.5
2014-10-27,'000407,胜利股份,6.54,6.67,6.46,6.55,6.58,-0.04,-0.6079,0.9183,5922898,39020082.43,4245977567.76,4217985753.0
2014-10-24,'000407,胜利股份,6.58,6.64,6.51,6.58,6.58,0.0,0.0,0.9809,6326514,41607992.98,4271946849.52,4243783831.0
2014-10-23,'000407,胜利股份,6.58,6.64,6.42,6.5,6.57,0.01,0.1522,1.4546,9381298,61276174.58,4271946849.52,4243783831.0
2014-10-22,'000407,胜利股份,6.57,6.73,6.48,6.69,6.67,-0.1,-1.4993,1.7416,11232790,73891381.88,4265454529.08,4237334311.5
2014-10-21,'000407,胜利股份,6.67,6.86,6.65,6.8,6.85,-0.18,-2.6277,1.632,10525753,70912610.7,4330377733.48,4301829506.5
2014-10-20,'000407,胜利股份,6.85,6.91,6.63,6.64,6.55,0.3,4.5802,2.662,17168792,116530861.78,4447239501.4,4417920857.5
2014-10-17,'000407,胜利股份,6.55,6.78,6.44,6.72,6.72,-0.17,-2.5298,2.3918,15426247,101163203.13,4252469888.2,4224435272.5
2014-10-16,'000407,胜利股份,6.72,6.9,6.72,6.9,6.91,-0.19,-2.7496,2.1909,14130383,96343168.91,4362839335.68,4334077104.0
2014-10-15,'000407,胜利股份,6.91,7.05,6.82,7.02,6.99,-0.08,-1.1445,1.9788,12762029,88195711.17,4486193424.04,4456617974.5
2014-10-14,'000407,胜利股份,6.99,7.19,6.95,7.08,7.08,-0.09,-1.2712,1.8782,12113508,85621308.61,4538131987.56,4508214130.5
2014-10-13,'000407,胜利股份,7.08,7.15,6.96,7.11,7.11,-0.03,-0.4219,1.4622,9430432,66381857.62,4596562871.52,4566259806.0
2014-10-10,'000407,胜利股份,7.11,7.28,7.09,7.15,7.21,-0.1,-1.387,2.0191,13022385,93368121.13,4616039832.84,4585608364.5
2014-10-09,'000407,胜利股份,7.21,7.26,7.02,7.02,6.97,0.24,3.4433,3.933,25366172,181332567.57,4680963037.24,4650103559.5
2014-10-08,'000407,胜利股份,6.97,7.03,6.75,6.75,6.79,0.18,2.651,2.8708,18515507,128075570.11,4525147346.68,4495315091.5
2014-09-30,'000407,胜利股份,6.79,6.8,6.7,6.79,6.78,0.01,0.1475,1.5006,9678037,65286489.68,4408285578.76,4379223740.5
2014-09-29,'000407,胜利股份,6.78,6.9,6.75,6.9,6.84,-0.06,-0.8772,1.6336,10536082,71688839.81,4401793258.32,4372774221.0
2014-09-26,'000407,胜利股份,6.84,6.85,6.7,6.76,6.76,0.08,1.1834,1.8314,11811830,80093366.0,4440747180.96,4411471338.0
2014-09-25,'000407,胜利股份,6.76,6.93,6.7,6.88,6.88,-0.12,-1.7442,1.9837,12793598,87515407.47,4388808617.44,4359875182.0
2014-09-24,'000407,胜利股份,6.88,7.03,6.81,6.88,6.89,-0.01,-0.1451,2.2187,14309468,99128499.01,4466716462.72,4437269416.0
2014-09-23,'000407,胜利股份,6.89,6.92,6.75,6.89,6.88,0.01,0.1453,2.2726,14657074,100296542.18,4473208783.16,4443718935.5
2014-09-22,'000407,胜利股份,6.88,7.0,6.66,6.78,6.79,0.09,1.3255,4.1398,26700015,182851526.52,4466716462.72,4437269416.0
2014-09-19,'000407,胜利股份,6.79,6.8,6.45,6.51,6.49,0.3,4.6225,2.8399,18316185,120800373.21,4408285578.76,4379223740.5
2014-09-18,'000407,胜利股份,6.49,6.65,6.42,6.63,6.63,-0.14,-2.1116,2.9943,19311954,125784452.68,4213515965.56,4185738155.5
2014-09-17,'000407,胜利股份,6.63,6.68,6.46,6.58,6.62,0.01,0.1511,2.0521,13234894,87192559.22,4304408451.72,4276031428.5
2014-09-16,'000407,胜利股份,6.62,7.05,6.56,6.75,6.75,-0.13,-1.9259,4.6194,29792925,202742677.38,4297916131.28,4269581909.0
2014-09-15,'000407,胜利股份,6.75,6.94,6.74,6.78,6.79,-0.04,-0.5891,2.8631,18465511,125663367.07,4382316297.0,4353425662.5
2014-09-12,'000407,胜利股份,6.79,6.88,6.54,6.68,6.65,0.14,2.1053,4.0363,26032139,174779307.13,4408285578.76,4379223740.5
2014-09-11,'000407,胜利股份,6.65,6.98,6.55,6.56,6.55,0.1,1.5267,4.4864,28934928,194968986.16,4317393092.6,4288930467.5
2014-09-10,'000407,胜利股份,6.55,6.58,6.42,6.5,6.52,0.03,0.4601,2.3867,15393318,99854541.2,4252469888.2,4224435272.5
2014-09-09,'000407,胜利股份,6.52,6.63,6.25,6.25,6.24,0.28,4.4872,5.0779,32749730,212316430.23,4232992926.88,4205086714.0
2014-09-05,'000407,胜利股份,6.24,6.28,6.07,6.1,6.1,0.14,2.2951,3.6784,23723722,146768303.87,4051207954.56,4024500168.0
2014-09-04,'000407,胜利股份,6.1,6.12,6.03,6.05,6.05,0.05,0.8264,2.1411,13808830,83966817.51,3960315468.4,3934206895.0
2014-09-03,'000407,胜利股份,6.05,6.09,6.0,6.04,6.04,0.01,0.1656,1.9963,12875081,77650724.23,3927853866.2,3901959297.5
2014-09-02,'000407,胜利股份,6.04,6.09,6.0,6.01,6.0,0.04,0.6667,2.1141,13634672,82470289.44,3921361545.76,3895509778.0
2014-09-01,'000407,胜利股份,6.0,6.01,5.9,5.92,5.91,0.09,1.5228,1.166,7520039,44896243.02,3895392264.0,3869711700.0
2014-08-29,'000407,胜利股份,5.91,5.92,5.83,5.86,5.86,0.05,0.8532,0.8272,5334905,31466296.32,3836961380.04,3811666024.5
2014-08-28,'000407,胜利股份,5.86,5.95,5.83,5.86,5.86,0.0,0.0,1.0329,6661848,39219464.62,3804499777.84,3779418427.0
2014-08-27,'000407,胜利股份,5.86,5.92,5.82,5.86,5.86,0.0,0.0,0.8488,5474470,32098236.03,3804499777.84,3779418427.0
2014-08-26,'000407,胜利股份,5.86,5.99,5.85,5.99,5.99,-0.13,-2.1703,1.7545,11315544,66947812.53,3804499777.84,3779418427.0
2014-08-25,'000407,胜利股份,5.99,6.04,5.98,6.0,6.01,-0.02,-0.3328,1.2938,8344150,50116157.37,3888899943.56,3863262180.5
2014-08-22,'000407,胜利股份,6.01,6.09,5.93,6.05,6.06,-0.05,-0.8251,2.2386,14437606,86573084.32,3901884584.44,3876161219.5
2014-08-21,'000407,胜利股份,6.06,6.06,5.91,5.95,5.95,0.11,1.8487,2.2336,14405851,86192752.2,3934346186.64,3908408817.0
2014-08-20,'000407,胜利股份,5.95,5.97,5.91,5.95,5.98,-0.03,-0.5017,1.7086,11019460,65445727.49,3862930661.8,3837464102.5
2014-08-19,'000407,胜利股份,5.98,6.01,5.91,5.99,5.99,-0.01,-0.1669,2.4625,15881711,94373805.13,3882407623.12,3856812661.0
2014-08-18,'000407,胜利股份,5.99,6.05,5.97,5.98,5.98,0.01,0.1672,1.5729,10144591,60927929.11,3888899943.56,3863262180.5
2014-08-15,'000407,胜利股份,5.98,5.98,5.93,5.94,5.95,0.03,0.5042,1.0539,6796921,40490722.89,3882407623.12,3856812661.0
2014-08-14,'000407,胜利股份,5.95,6.09,5.95,6.05,6.07,-0.12,-1.9769,1.7159,11066508,66363835.46,3862930661.8,3837464102.5
2014-08-13,'000407,胜利股份,6.07,6.18,6.03,6.09,6.06,0.01,0.165,2.0691,13344675,81431008.22,3940838507.08,3914858336.5
2014-08-12,'000407,胜利股份,6.06,6.11,6.03,6.06,6.06,0.0,0.0,1.3391,8636755,52381502.62,3934346186.64,3908408817.0
2014-08-11,'000407,胜利股份,6.06,6.12,5.98,5.98,6.0,0.06,1.0,1.9286,12438712,75412874.85,3934346186.64,3908408817.0
2014-08-08,'000407,胜利股份,6.0,6.01,5.92,5.95,5.95,0.05,0.8403,1.6,10319010,61693160.9,3895392264.0,3869711700.0
2014-08-07,'000407,胜利股份,5.95,6.03,5.91,5.99,5.96,-0.01,-0.1678,1.6358,10550421,63025166.51,3862930661.8,3837464102.5
2014-08-06,'000407,胜利股份,5.96,6.0,5.81,5.92,5.94,0.02,0.3367,2.8622,18459828,109242993.99,3869422982.24,3843913622.0
2014-08-05,'000407,胜利股份,5.94,5.97,5.87,5.97,5.97,-0.03,-0.5025,1.6138,10408254,61493535.51,3856438341.36,3831014583.0
2014-08-04,'000407,胜利股份,5.97,6.0,5.92,5.92,5.92,0.05,0.8446,1.8799,12124302,72144255.78,3875915302.68,3850363141.5
2014-08-01,'000407,胜利股份,5.92,6.04,5.92,5.97,5.99,-0.07,-1.1686,1.5708,10131000,60647113.38,3843453700.48,3818115544.0
2014-07-31,'000407,胜利股份,5.99,6.02,5.91,5.93,5.99,0.0,0.0,2.1821,14073199,84041915.69,3888899943.56,3863262180.5
2014-07-30,'000407,胜利股份,5.99,6.13,5.7,5.72,5.72,0.27,4.7203,5.2715,33998807,202666099.1,3888899943.56,3863262180.5
2014-07-29,'000407,胜利股份,5.72,5.75,5.69,5.71,5.69,0.03,0.5272,1.9503,12578452,71924400.53,3713607291.68,3689125154.0
2014-07-28,'000407,胜利股份,5.69,5.73,5.61,5.65,5.6,0.09,1.6071,1.7177,11078237,62714408.88,3694130330.36,3669776595.5
2014-07-25,'000407,胜利股份,5.6,5.62,5.55,5.56,5.56,0.04,0.7194,0.8845,5704848,31858544.36,3635699446.4,3611730920.0
2014-07-24,'000407,胜利股份,5.56,5.6,5.49,5.57,5.56,0.0,0.0,1.0055,6485248,35947681.28,3609730164.64,3585932842.0
2014-07-23,'000407,胜利股份,5.56,5.65,5.53,5.62,5.64,-0.08,-1.4184,1.5516,10007150,55696011.88,3609730164.64,3585932842.0
2014-07-22,'000407,胜利股份,5.64,5.73,5.53,5.53,5.6,0.04,0.7143,1.3128,8467217,47800494.73,3661668728.16,3637528998.0
2014-07-21,'000407,胜利股份,5.6,5.85,5.56,5.85,5.74,-0.14,-2.439,2.0565,13263276,74995257.56,3635699446.4,3611730920.0
2014-07-18,'000407,胜利股份,0.0,0.0,0.0,0.0,5.74,None,None,0.0,0,0.0,3726591932.56,3702024193.0
2014-07-17,'000407,胜利股份,0.0,0.0,0.0,0.0,5.74,None,None,0.0,0,0.0,3726591932.56,3702024193.0
2014-07-16,'000407,胜利股份,0.0,0.0,0.0,0.0,5.74,None,None,0.0,0,0.0,3726591932.56,3702024193.0
2014-07-15,'000407,胜利股份,0.0,0.0,0.0,0.0,5.74,None,None,0.0,0,0.0,3726591932.56,3702024193.0
2014-07-14,'000407,胜利股份,0.0,0.0,0.0,0.0,5.74,None,None,0.0,0,0.0,3726591932.56,3702024193.0
2014-07-11,'000407,胜利股份,0.0,0.0,0.0,0.0,5.74,None,None,0.0,0,0.0,3726591932.56,3702024193.0
2014-07-10,'000407,胜利股份,5.74,5.8,5.68,5.7,5.71,0.03,0.5254,0.8924,5755758,32977988.79,3726591932.56,3702024193.0
2014-07-09,'000407,胜利股份,5.71,5.83,5.65,5.65,5.66,0.05,0.8834,2.6529,17109761,98363497.5,3707114971.24,3682675634.5
2014-07-08,'000407,胜利股份,5.66,5.69,5.57,5.66,5.66,0.0,0.0,1.3341,8604600,48538349.53,3674653369.04,3650428037.0
2014-07-07,'000407,胜利股份,5.66,5.74,5.58,5.6,5.59,0.07,1.2522,1.615,10415958,59076995.68,3674653369.04,3650428037.0
2014-07-04,'000407,胜利股份,5.59,5.6,5.49,5.57,5.58,0.01,0.1792,1.3981,9017080,50005576.03,3629207125.96,3605281400.5
2014-07-03,'000407,胜利股份,5.58,5.64,5.5,5.53,5.54,0.04,0.722,1.3296,8575495,47725311.29,3622714805.52,3598831881.0
2014-07-02,'000407,胜利股份,5.54,5.56,5.49,5.5,5.51,0.03,0.5445,0.8915,5749587,31783056.13,3596745523.76,3573033803.0
2014-07-01,'000407,胜利股份,5.51,5.56,5.42,5.43,5.41,0.1,1.8484,1.8559,11969837,65906931.34,3577268562.44,3553685244.5
2014-06-30,'000407,胜利股份,5.41,5.45,5.4,5.41,5.41,0.0,0.0,1.0126,6531088,35432721.88,3512345358.04,3489190049.5
2014-06-27,'000407,胜利股份,5.41,5.43,5.37,5.4,5.4,0.01,0.1852,1.0045,6478742,34999688.04,3512345358.04,3489190049.5
2014-06-26,'000407,胜利股份,5.4,5.41,5.38,5.4,5.37,0.03,0.5587,0.7455,4808203,25933284.24,3505853037.6,3482740530.0
2014-06-25,'000407,胜利股份,5.37,5.4,5.33,5.39,5.39,-0.02,-0.3711,0.6116,3944683,21190669.73,3486376076.28,3463391971.5
2014-06-24,'000407,胜利股份,5.39,5.4,5.36,5.36,5.37,0.02,0.3724,0.31,1999485,10761028.21,3499360717.16,3476291010.5
2014-06-23,'000407,胜利股份,5.37,5.4,5.35,5.36,5.38,-0.01,-0.1859,0.4007,2584169,13897248.84,3486376076.28,3463391971.5
2014-06-20,'000407,胜利股份,5.38,5.38,5.3,5.33,5.33,0.05,0.9381,0.4657,3003368,16036442.16,3492868396.72,3469841491.0
2014-06-19,'000407,胜利股份,5.33,5.44,5.31,5.42,5.42,-0.09,-1.6605,0.7915,5105100,27457245.17,3460406794.52,3437593893.5
2014-06-18,'000407,胜利股份,5.42,5.48,5.4,5.45,5.44,-0.02,-0.3676,0.7452,4805980,26070764.45,3518837678.48,3495639569.0
2014-06-17,'000407,胜利股份,5.44,5.51,5.43,5.51,5.52,-0.08,-1.4493,0.6586,4247773,23183231.93,3531822319.36,3508538608.0
2014-06-16,'000407,胜利股份,5.52,5.53,5.48,5.5,5.48,0.04,0.7299,0.6559,4229990,23268163.72,3583760882.88,3560134764.0
2014-06-13,'000407,胜利股份,5.48,5.51,5.43,5.46,5.48,0.0,0.0,0.8061,5199158,28467807.51,3557791601.12,3534336686.0
2014-06-12,'000407,胜利股份,5.48,5.54,5.4,5.42,5.43,0.05,0.9208,1.0532,6792351,37150019.48,3557791601.12,3534336686.0
2014-06-11,'000407,胜利股份,5.43,5.45,5.41,5.43,5.45,-0.02,-0.367,0.5556,3583483,19434656.07,3525329998.92,3502089088.5
2014-06-10,'000407,胜利股份,5.45,5.46,5.4,5.42,5.41,0.04,0.7394,0.3986,2570964,13960068.12,3538314639.8,3514988127.5
2014-06-09,'000407,胜利股份,5.41,5.47,5.41,5.45,5.46,-0.05,-0.9158,0.404,2605870,14142680.64,3512345358.04,3489190049.5
2014-06-06,'000407,胜利股份,5.46,5.47,5.41,5.45,5.45,0.01,0.1835,0.4536,2925416,15920675.08,3544806960.24,3521437647.0
2014-06-05,'000407,胜利股份,5.45,5.45,5.4,5.4,5.42,0.03,0.5535,0.3901,2516072,13646633.83,3538314639.8,3514988127.5
2014-06-04,'000407,胜利股份,5.42,5.48,5.39,5.48,5.48,-0.06,-1.0949,0.5636,3635185,19688235.06,3518837678.48,3495639569.0
2014-06-03,'000407,胜利股份,5.48,5.55,5.46,5.47,5.46,0.02,0.3663,0.5712,3683647,20248906.07,3557791601.12,3534336686.0
2014-05-30,'000407,胜利股份,5.46,5.47,5.4,5.45,5.45,0.01,0.1835,0.4872,3142403,17096301.88,3544806960.24,3521437647.0
2014-05-29,'000407,胜利股份,5.45,5.5,5.42,5.5,5.51,-0.06,-1.0889,0.7167,4622659,25222225.79,3538314639.8,3514988127.5
2014-05-28,'000407,胜利股份,5.51,5.53,5.4,5.49,5.48,0.03,0.5474,0.7054,4549174,24914106.49,3577268562.44,3553685244.5
2014-05-27,'000407,胜利股份,5.48,5.59,5.46,5.49,5.5,-0.02,-0.3636,0.746,4811187,26584070.29,3557791601.12,3534336686.0
2014-05-26,'000407,胜利股份,5.5,5.5,5.45,5.49,5.49,0.01,0.1821,0.6917,4460987,24412166.82,3570776242.0,3547235725.0
2014-05-23,'000407,胜利股份,5.49,5.5,5.4,5.45,5.47,0.02,0.3656,0.5975,3853641,20995230.3,3564283921.56,3540786205.5
2014-05-22,'000407,胜利股份,5.47,5.66,5.4,5.42,5.41,0.06,1.1091,1.0193,6573842,36354686.6,3551299280.68,3527887166.5
2014-05-21,'000407,胜利股份,5.41,5.42,5.31,5.4,5.4,0.01,0.1852,0.5312,3425882,18393478.46,3512345358.04,3489190049.5
2014-05-20,'000407,胜利股份,5.4,5.47,5.4,5.41,5.4,0.0,0.0,0.4007,2584134,14043192.19,3505853037.6,3482740530.0
2014-05-19,'000407,胜利股份,5.4,5.43,5.34,5.41,5.41,-0.01,-0.1848,0.4964,3201377,17246458.11,3505853037.6,3482740530.0
2014-05-16,'000407,胜利股份,5.41,5.43,5.35,5.4,5.41,0.0,0.0,0.6083,3923069,21162496.83,3512345358.04,3489190049.5
2014-05-15,'000407,胜利股份,5.41,5.54,5.4,5.52,5.54,-0.13,-2.3466,0.9802,6321657,34368520.95,3512345358.04,3489190049.5
2014-05-14,'000407,胜利股份,5.54,5.6,5.52,5.58,5.58,-0.04,-0.7168,0.614,3960321,22024844.97,3596745523.76,3573033803.0
2014-05-13,'000407,胜利股份,5.58,5.65,5.52,5.59,5.58,0.0,0.0,0.8504,5484780,30639976.18,3622714805.52,3598831881.0
2014-05-12,'000407,胜利股份,5.58,5.6,5.47,5.48,5.47,0.11,2.011,0.7652,4935358,27382391.82,3622714805.52,3598831881.0
2014-05-09,'000407,胜利股份,5.47,5.55,5.39,5.5,5.55,-0.08,-1.4414,0.4709,3036952,16627450.2,3551299280.68,3527887166.5
2014-05-08,'000407,胜利股份,5.55,5.55,5.36,5.42,5.43,0.12,2.2099,0.7043,4542331,24765587.65,3603237844.2,3579483322.5
2014-05-07,'000407,胜利股份,5.43,5.57,5.39,5.57,5.59,-0.16,-2.8623,0.866,5585251,30588934.11,3525329998.92,3502089088.5
2014-05-06,'000407,胜利股份,5.59,5.63,5.54,5.55,5.57,0.02,0.3591,0.6977,4500098,25199615.55,3629207125.96,3605281400.5
2014-05-05,'000407,胜利股份,5.57,5.61,5.45,5.56,5.56,0.01,0.1799,0.9625,6207373,34385998.41,3616222485.08,3592382361.5
2014-04-30,'000407,胜利股份,5.56,5.69,5.55,5.64,5.62,-0.06,-1.0676,0.895,5771999,32462164.65,3609730164.64,3585932842.0
2014-04-29,'000407,胜利股份,5.62,5.66,5.56,5.57,5.59,0.03,0.5367,0.6582,4245250,23868868.26,3648684087.28,3624629959.0
2014-04-28,'000407,胜利股份,5.59,5.72,5.51,5.66,5.67,-0.08,-1.4109,1.1036,7117923,40013294.39,3629207125.96,3605281400.5
2014-04-25,'000407,胜利股份,5.67,5.86,5.66,5.83,5.83,-0.16,-2.7444,1.6095,10380657,59866198.33,3681145689.48,3656877556.5
2014-04-24,'000407,胜利股份,5.83,6.0,5.82,6.0,5.99,-0.16,-2.6711,1.4646,9445796,55639023.56,3785022816.52,3760069868.5
2014-04-23,'000407,胜利股份,5.99,6.02,5.91,6.0,5.96,0.03,0.5034,1.5786,10181473,60858391.46,3888899943.56,3863262180.5
2014-04-22,'000407,胜利股份,5.96,6.05,5.81,6.04,6.06,-0.1,-1.6502,3.0409,19612521,115940908.85,3869422982.24,3843913622.0
2014-04-21,'000407,胜利股份,6.06,6.19,5.89,5.93,5.98,0.08,1.3378,7.7353,49889200,302775231.25,3934346186.64,3908408817.0
2014-04-18,'000407,胜利股份,5.98,5.98,5.91,5.98,5.44,0.54,9.9265,3.3219,21424944,128042385.05,3882407623.12,3856812661.0
2014-04-17,'000407,胜利股份,0.0,0.0,0.0,0.0,5.44,None,None,0.0,0,0.0,3531822319.36,3508538608.0
2014-04-16,'000407,胜利股份,0.0,0.0,0.0,0.0,5.44,None,None,0.0,0,0.0,3531822319.36,3508538608.0
2014-04-15,'000407,胜利股份,0.0,0.0,0.0,0.0,5.44,None,None,0.0,0,0.0,3531822319.36,3508538608.0
2014-04-14,'000407,胜利股份,0.0,0.0,0.0,0.0,5.44,None,None,0.0,0,0.0,3531822319.36,3508538608.0
2014-04-11,'000407,胜利股份,0.0,0.0,0.0,0.0,5.44,None,None,0.0,0,0.0,3531822319.36,3508538608.0
2014-04-10,'000407,胜利股份,0.0,0.0,0.0,0.0,5.44,None,None,0.0,0,0.0,3531822319.36,3508538608.0
2014-04-09,'000407,胜利股份,0.0,0.0,0.0,0.0,5.44,None,None,0.0,0,0.0,3531822319.36,3508538608.0
2014-04-08,'000407,胜利股份,0.0,0.0,0.0,0.0,5.44,None,None,0.0,0,0.0,3531822319.36,3508538608.0
2014-04-04,'000407,胜利股份,0.0,0.0,0.0,0.0,5.44,None,None,0.0,0,0.0,3531822319.36,3508538608.0
2014-04-03,'000407,胜利股份,0.0,0.0,0.0,0.0,5.44,None,None,0.0,0,0.0,3531822319.36,3508538608.0
2014-04-02,'000407,胜利股份,0.0,0.0,0.0,0.0,5.44,None,None,0.0,0,0.0,3531822319.36,3508538608.0
2014-04-01,'000407,胜利股份,0.0,0.0,0.0,0.0,5.44,None,None,0.0,0,0.0,3531822319.36,3508538608.0
2014-03-31,'000407,胜利股份,0.0,0.0,0.0,0.0,5.44,None,None,0.0,0,0.0,3531822319.36,3508538608.0
2014-03-28,'000407,胜利股份,0.0,0.0,0.0,0.0,5.44,None,None,0.0,0,0.0,3531822319.36,3508538608.0
2014-03-27,'000407,胜利股份,0.0,0.0,0.0,0.0,5.44,None,None,0.0,0,0.0,3531822319.36,3508538608.0
2014-03-26,'000407,胜利股份,0.0,0.0,0.0,0.0,5.44,None,None,0.0,0,0.0,3531822319.36,3508538608.0
2014-03-25,'000407,胜利股份,0.0,0.0,0.0,0.0,5.44,None,None,0.0,0,0.0,3531822319.36,3508538608.0
2014-03-24,'000407,胜利股份,0.0,0.0,0.0,0.0,5.44,None,None,0.0,0,0.0,3531822319.36,3508538608.0
2014-03-21,'000407,胜利股份,0.0,0.0,0.0,0.0,5.44,None,None,0.0,0,0.0,3531822319.36,3508538608.0
2014-03-20,'000407,胜利股份,0.0,0.0,0.0,0.0,5.44,None,None,0.0,0,0.0,3531822319.36,3508538608.0
2014-03-19,'000407,胜利股份,0.0,0.0,0.0,0.0,5.44,None,None,0.0,0,0.0,3531822319.36,3508538608.0
2014-03-18,'000407,胜利股份,0.0,0.0,0.0,0.0,5.44,None,None,0.0,0,0.0,3531822319.36,3508538608.0
2014-03-17,'000407,胜利股份,0.0,0.0,0.0,0.0,5.44,None,None,0.0,0,0.0,3531822319.36,3508538608.0
2014-03-14,'000407,胜利股份,0.0,0.0,0.0,0.0,5.44,None,None,0.0,0,0.0,3531822319.36,3508538608.0
2014-03-13,'000407,胜利股份,0.0,0.0,0.0,0.0,5.44,None,None,0.0,0,0.0,3531822319.36,3508538608.0
2014-03-12,'000407,胜利股份,0.0,0.0,0.0,0.0,5.44,None,None,0.0,0,0.0,3531822319.36,3508538608.0
2014-03-11,'000407,胜利股份,0.0,0.0,0.0,0.0,5.44,None,None,0.0,0,0.0,3531822319.36,3508538608.0
2014-03-10,'000407,胜利股份,0.0,0.0,0.0,0.0,5.44,None,None,0.0,0,0.0,3531822319.36,3508538608.0
2014-03-07,'000407,胜利股份,0.0,0.0,0.0,0.0,5.44,None,None,0.0,0,0.0,3531822319.36,3508538608.0
2014-03-06,'000407,胜利股份,0.0,0.0,0.0,0.0,5.44,None,None,0.0,0,0.0,3531822319.36,3508538608.0
2014-03-05,'000407,胜利股份,0.0,0.0,0.0,0.0,5.44,None,None,0.0,0,0.0,3531822319.36,3508538608.0
2014-03-04,'000407,胜利股份,0.0,0.0,0.0,0.0,5.44,None,None,0.0,0,0.0,3531822319.36,3508538608.0
2014-03-03,'000407,胜利股份,0.0,0.0,0.0,0.0,5.44,None,None,0.0,0,0.0,3531822319.36,3508538608.0
2014-02-28,'000407,胜利股份,0.0,0.0,0.0,0.0,5.44,None,None,0.0,0,0.0,3531822319.36,3508538608.0
2014-02-27,'000407,胜利股份,0.0,0.0,0.0,0.0,5.44,None,None,0.0,0,0.0,3531822319.36,3508538608.0
2014-02-26,'000407,胜利股份,0.0,0.0,0.0,0.0,5.44,None,None,0.0,0,0.0,3531822319.36,3508538608.0
2014-02-25,'000407,胜利股份,0.0,0.0,0.0,0.0,5.44,None,None,0.0,0,0.0,3531822319.36,3508538608.0
2014-02-24,'000407,胜利股份,0.0,0.0,0.0,0.0,5.44,None,None,0.0,0,0.0,3531822319.36,3508538608.0
2014-02-21,'000407,胜利股份,0.0,0.0,0.0,0.0,5.44,None,None,0.0,0,0.0,3531822319.36,3508538608.0
2014-02-20,'000407,胜利股份,0.0,0.0,0.0,0.0,5.44,None,None,0.0,0,0.0,3531822319.36,3508538608.0
2014-02-19,'000407,胜利股份,0.0,0.0,0.0,0.0,5.44,None,None,0.0,0,0.0,3531822319.36,3508538608.0
2014-02-18,'000407,胜利股份,0.0,0.0,0.0,0.0,5.44,None,None,0.0,0,0.0,3531822319.36,3508538608.0
2014-02-17,'000407,胜利股份,0.0,0.0,0.0,0.0,5.44,None,None,0.0,0,0.0,3531822319.36,3508538608.0
2014-02-14,'000407,胜利股份,0.0,0.0,0.0,0.0,5.44,None,None,0.0,0,0.0,3531822319.36,3508538608.0
2014-02-13,'000407,胜利股份,0.0,0.0,0.0,0.0,5.44,None,None,0.0,0,0.0,3531822319.36,3508538608.0
2014-02-12,'000407,胜利股份,0.0,0.0,0.0,0.0,5.44,None,None,0.0,0,0.0,3531822319.36,3508538608.0
2014-02-11,'000407,胜利股份,0.0,0.0,0.0,0.0,5.44,None,None,0.0,0,0.0,3531822319.36,3508538608.0
2014-02-10,'000407,胜利股份,0.0,0.0,0.0,0.0,5.44,None,None,0.0,0,0.0,3531822319.36,3508538608.0
2014-02-07,'000407,胜利股份,0.0,0.0,0.0,0.0,5.44,None,None,0.0,0,0.0,3531822319.36,3508538608.0
2014-01-30,'000407,胜利股份,0.0,0.0,0.0,0.0,5.44,None,None,0.0,0,0.0,3531822319.36,3508538608.0
2014-01-29,'000407,胜利股份,0.0,0.0,0.0,0.0,5.44,None,None,0.0,0,0.0,3531822319.36,3508538608.0
2014-01-28,'000407,胜利股份,0.0,0.0,0.0,0.0,5.44,None,None,0.0,0,0.0,3531822319.36,3508538608.0
2014-01-27,'000407,胜利股份,0.0,0.0,0.0,0.0,5.44,None,None,0.0,0,0.0,3531822319.36,3508538608.0
2014-01-24,'000407,胜利股份,0.0,0.0,0.0,0.0,5.44,None,None,0.0,0,0.0,3531822319.36,3508538608.0
2014-01-23,'000407,胜利股份,0.0,0.0,0.0,0.0,5.44,None,None,0.0,0,0.0,3531822319.36,3508538608.0
2014-01-22,'000407,胜利股份,0.0,0.0,0.0,0.0,5.44,None,None,0.0,0,0.0,3531822319.36,3508538608.0
2014-01-21,'000407,胜利股份,0.0,0.0,0.0,0.0,5.44,None,None,0.0,0,0.0,3531822319.36,3508538608.0
2014-01-20,'000407,胜利股份,0.0,0.0,0.0,0.0,5.44,None,None,0.0,0,0.0,3531822319.36,3508538608.0
2014-01-17,'000407,胜利股份,0.0,0.0,0.0,0.0,5.44,None,None,0.0,0,0.0,3531822319.36,3508538608.0
2014-01-16,'000407,胜利股份,0.0,0.0,0.0,0.0,5.44,None,None,0.0,0,0.0,3531822319.36,3508538608.0
2014-01-15,'000407,胜利股份,0.0,0.0,0.0,0.0,5.44,None,None,0.0,0,0.0,3531822319.36,3508538608.0
2014-01-14,'000407,胜利股份,0.0,0.0,0.0,0.0,5.44,None,None,0.0,0,0.0,3531822319.36,3508538608.0
2014-01-13,'000407,胜利股份,0.0,0.0,0.0,0.0,5.44,None,None,0.0,0,0.0,3531822319.36,3508538608.0
2014-01-10,'000407,胜利股份,0.0,0.0,0.0,0.0,5.44,None,None,0.0,0,0.0,3531822319.36,3508538608.0
2014-01-09,'000407,胜利股份,0.0,0.0,0.0,0.0,5.44,None,None,0.0,0,0.0,3531822319.36,3508538608.0
2014-01-08,'000407,胜利股份,0.0,0.0,0.0,0.0,5.44,None,None,0.0,0,0.0,3531822319.36,3508538608.0
2014-01-07,'000407,胜利股份,0.0,0.0,0.0,0.0,5.44,None,None,0.0,0,0.0,3531822319.36,3508538608.0
2014-01-06,'000407,胜利股份,0.0,0.0,0.0,0.0,5.44,None,None,0.0,0,0.0,3531822319.36,3508538608.0
2014-01-03,'000407,胜利股份,5.44,5.5,5.38,5.5,5.5,-0.06,-1.0909,0.7425,4788554,26006693.07,3531822319.36,3508538608.0
2014-01-02,'000407,胜利股份,5.5,5.52,5.43,5.46,5.46,0.04,0.7326,0.7554,4871893,26726598.89,3570776242.0,3547235725.0
2013-12-31,'000407,胜利股份,5.46,5.47,5.41,5.42,5.44,0.02,0.3676,0.531,3424941,18655316.09,3544806960.24,3521437647.0
2013-12-30,'000407,胜利股份,5.44,5.49,5.41,5.45,5.43,0.01,0.1842,0.6067,3913036,21245641.02,3531822319.36,3508538608.0
2013-12-27,'000407,胜利股份,5.43,5.48,5.38,5.39,5.38,0.05,0.9294,0.5652,3645072,19783492.82,3525329998.92,3502089088.5
2013-12-26,'000407,胜利股份,5.38,5.58,5.38,5.58,5.57,-0.19,-3.4111,1.14,7352442,40238178.23,3492868396.72,3469841491.0
2013-12-25,'000407,胜利股份,5.57,5.59,5.52,5.57,5.56,0.01,0.1799,0.5584,3601188,19983005.45,3616222485.08,3592382361.5
2013-12-24,'000407,胜利股份,5.56,5.64,5.55,5.58,5.59,-0.03,-0.5367,0.6219,4010719,22409175.66,3609730164.64,3585932842.0
2013-12-23,'000407,胜利股份,5.59,5.68,5.54,5.63,5.67,-0.08,-1.4109,0.6536,4215135,23649930.5,3629207125.96,3605281400.5
2013-12-20,'000407,胜利股份,5.67,5.68,5.51,5.62,5.61,0.06,1.0695,1.1661,7520711,42045223.03,3681145689.48,3656877556.5
2013-12-19,'000407,胜利股份,5.61,5.67,5.6,5.64,5.63,-0.02,-0.3552,0.5972,3851853,21683725.83,3642191766.84,3618180439.5
2013-12-18,'000407,胜利股份,5.63,5.68,5.62,5.63,5.63,0.0,0.0,0.5053,3259155,18403521.54,3655176407.72,3631079478.5
2013-12-17,'000407,胜利股份,5.63,5.7,5.61,5.68,5.68,-0.05,-0.8803,0.7497,4834984,27270297.09,3655176407.72,3631079478.5
2013-12-16,'000407,胜利股份,5.68,5.79,5.68,5.76,5.75,-0.07,-1.2174,0.7385,4762871,27227480.08,3687638009.92,3663327076.0
2013-12-13,'000407,胜利股份,5.75,5.76,5.65,5.7,5.7,0.05,0.8772,0.8274,5336481,30522199.07,3733084253.0,3708473712.5
2013-12-12,'000407,胜利股份,5.7,5.77,5.67,5.73,5.73,-0.03,-0.5236,0.8991,5798926,33144358.54,3700622650.8,3676226115.0
2013-12-11,'000407,胜利股份,5.73,5.82,5.7,5.8,5.82,-0.09,-1.5464,0.8128,5242071,30104064.55,3720099612.12,3695574673.5
2013-12-10,'000407,胜利股份,5.82,5.86,5.78,5.83,5.83,-0.01,-0.1715,0.8679,5597567,32542428.12,3778530496.08,3753620349.0
2013-12-09,'000407,胜利股份,5.83,5.91,5.82,5.85,5.78,0.05,0.8651,0.9104,5871893,34323009.87,3785022816.52,3760069868.5
2013-12-06,'000407,胜利股份,5.78,5.83,5.72,5.83,5.8,-0.02,-0.3448,0.8755,5646295,32583698.43,3752561214.32,3727822271.0
2013-12-05,'000407,胜利股份,5.8,5.85,5.78,5.8,5.81,-0.01,-0.1721,0.8311,5360320,31120884.41,3765545855.2,3740721310.0
2013-12-04,'000407,胜利股份,5.81,5.87,5.72,5.76,5.77,0.04,0.6932,1.2353,7967154,46365379.44,3772038175.64,3747170829.5
2013-12-03,'000407,胜利股份,5.77,5.8,5.6,5.65,5.66,0.11,1.9435,1.3888,8957297,51226501.87,3746068893.88,3721372751.5
2013-12-02,'000407,胜利股份,5.66,5.86,5.6,5.85,5.92,-0.26,-4.3919,3.2477,20945879,119982738.97,3674653369.04,3650428037.0
2013-11-29,'000407,胜利股份,5.92,5.99,5.91,5.99,5.97,-0.05,-0.8375,1.5674,10109074,60031212.47,3843453700.48,3818115544.0
2013-11-28,'000407,胜利股份,5.97,6.01,5.91,5.95,5.95,0.02,0.3361,1.7959,11582944,69190375.72,3875915302.68,3850363141.5
2013-11-27,'000407,胜利股份,5.95,5.96,5.86,5.93,5.91,0.04,0.6768,1.475,9513032,56265636.13,3862930661.8,3837464102.5
2013-11-26,'000407,胜利股份,5.91,6.01,5.88,5.9,5.92,-0.01,-0.1689,1.7301,11158077,66270087.27,3836961380.04,3811666024.5
2013-11-25,'000407,胜利股份,5.92,6.06,5.9,6.06,6.08,-0.16,-2.6316,2.1929,14143147,84285082.6,3843453700.48,3818115544.0
2013-11-22,'000407,胜利股份,6.08,6.18,6.06,6.12,6.14,-0.06,-0.9772,2.1703,13997247,85520106.34,3947330827.52,3921307856.0
2013-11-21,'000407,胜利股份,6.14,6.16,6.02,6.04,6.03,0.11,1.8242,3.3436,21564545,131498942.63,3986284750.16,3960004973.0
2013-11-20,'000407,胜利股份,6.03,6.08,5.97,6.04,6.05,-0.02,-0.3306,1.5969,10299142,62066011.99,3914869225.32,3889060258.5
2013-11-19,'000407,胜利股份,6.05,6.15,6.0,6.07,6.04,0.01,0.1656,2.3826,15366946,93186088.66,3927853866.2,3901959297.5
2013-11-18,'000407,胜利股份,6.04,6.08,5.93,6.0,5.91,0.13,2.1997,2.3972,15460589,92990904.85,3921361545.76,3895509778.0
2013-11-15,'000407,胜利股份,5.91,6.01,5.88,5.95,5.86,0.05,0.8532,1.8929,12208102,72749694.06,3836961380.04,3811666024.5
2013-11-14,'000407,胜利股份,5.86,5.88,5.74,5.83,5.83,0.03,0.5146,1.1898,7673863,44613765.9,3804499777.84,3779418427.0
2013-11-13,'000407,胜利股份,5.83,6.0,5.83,6.0,6.09,-0.26,-4.2693,1.9778,12755700,75302642.82,3785022816.52,3760069868.5
2013-11-12,'000407,胜利股份,6.09,6.1,5.85,5.88,5.9,0.19,3.2203,2.438,15724016,93878462.2,3953823147.96,3927757375.5
2013-11-11,'000407,胜利股份,5.9,5.95,5.8,5.92,5.92,-0.02,-0.3378,1.0695,6897977,40645812.32,3830469059.6,3805216505.0
2013-11-08,'000407,胜利股份,5.92,6.06,5.83,5.98,6.0,-0.08,-1.3333,1.6421,10590832,62756908.45,3843453700.48,3818115544.0
2013-11-07,'000407,胜利股份,6.0,6.19,5.95,6.0,6.1,-0.1,-1.6393,2.5871,16685284,101116298.52,3895392264.0,3869711700.0
2013-11-06,'000407,胜利股份,6.1,6.36,6.0,6.06,6.07,0.03,0.4942,4.7058,30349845,187957470.38,3960315468.4,3934206895.0
2013-11-05,'000407,胜利股份,6.07,6.1,5.8,5.85,5.88,0.19,3.2313,2.4582,15853945,95318990.63,3940838507.08,3914858336.5
2013-11-04,'000407,胜利股份,5.88,5.89,5.79,5.83,5.83,0.05,0.8576,0.8211,5295461,30994942.1,3817484418.72,3792317466.0
2013-11-01,'000407,胜利股份,5.83,5.98,5.75,5.96,5.95,-0.12,-2.0168,1.7895,11541634,67192362.05,3785022816.52,3760069868.5
2013-10-31,'000407,胜利股份,5.95,6.2,5.95,6.1,6.19,-0.24,-3.8772,3.7539,24210737,146528911.77,3862930661.8,3837464102.5
2013-10-30,'000407,胜利股份,6.19,6.5,5.86,5.89,5.91,0.28,4.7377,7.3113,47154609,293891318.61,4018746352.36,3992252570.5
2013-10-29,'000407,胜利股份,5.91,6.0,5.7,5.86,5.85,0.06,1.0256,2.8881,18626996,109396142.46,3836961380.04,3811666024.5
2013-10-28,'000407,胜利股份,5.85,5.92,5.7,5.74,5.67,0.18,3.1746,1.39,8965020,52259028.81,3798007457.4,3772968907.5
2013-10-25,'000407,胜利股份,5.67,5.77,5.67,5.74,5.74,-0.07,-1.2195,0.9266,5975812,34059356.37,3681145689.48,3656877556.5
2013-10-24,'000407,胜利股份,5.74,5.79,5.7,5.73,5.72,0.02,0.3497,0.7694,4962416,28515625.33,3726591932.56,3702024193.0
2013-10-23,'000407,胜利股份,5.72,5.85,5.68,5.8,5.8,-0.08,-1.3793,1.4829,9563756,55051201.89,3713607291.68,3689125154.0
2013-10-22,'000407,胜利股份,5.8,5.95,5.8,5.92,5.94,-0.14,-2.3569,1.8821,12138804,71252228.72,3765545855.2,3740721310.0
2013-10-21,'000407,胜利股份,5.94,5.97,5.86,5.92,5.91,0.03,0.5076,1.9022,12268262,72607027.53,3856438341.36,3831014583.0
2013-10-18,'000407,胜利股份,5.91,5.98,5.86,5.91,5.9,0.01,0.1695,1.1075,7142981,42218411.06,3836961380.04,3811666024.5
2013-10-17,'000407,胜利股份,5.9,6.07,5.9,5.98,5.97,-0.07,-1.1725,1.5723,10140750,60578243.26,3830469059.6,3805216505.0
2013-10-16,'000407,胜利股份,5.97,6.17,5.91,6.16,6.28,-0.31,-4.9363,3.7,23863001,143850393.92,3875915302.68,3850363141.5
2013-10-15,'000407,胜利股份,6.28,6.32,5.96,6.03,6.03,0.25,4.1459,4.3073,27780324,171459454.89,4077177236.32,4050298246.0
2013-10-14,'000407,胜利股份,6.03,6.07,5.98,6.02,6.01,0.02,0.3328,1.9512,12584019,75731446.06,3914869225.32,3889060258.5
2013-10-11,'000407,胜利股份,6.01,6.04,5.94,6.01,6.0,0.01,0.1667,1.9843,12797843,76732565.98,3901884584.44,3876161219.5
2013-10-10,'000407,胜利股份,6.0,6.02,5.86,5.99,5.98,0.02,0.3344,1.9842,12797282,76284582.44,3895392264.0,3869711700.0
2013-10-09,'000407,胜利股份,5.98,6.07,5.8,5.83,5.84,0.14,2.3973,2.4993,16119549,96119217.28,3882407623.12,3856812661.0
2013-10-08,'000407,胜利股份,5.84,5.88,5.61,5.71,5.71,0.13,2.2767,1.2412,8005246,46139699.03,3791515136.96,3766519388.0
2013-09-30,'000407,胜利股份,5.71,5.77,5.66,5.73,5.72,-0.01,-0.1748,0.9212,5941210,33956267.58,3707114971.24,3682675634.5
2013-09-27,'000407,胜利股份,5.72,5.75,5.66,5.7,5.68,0.04,0.7042,1.1122,7172918,40913843.04,3713607291.68,3689125154.0
2013-09-26,'000407,胜利股份,5.68,5.85,5.65,5.85,5.85,-0.17,-2.906,1.7801,11480905,66219534.04,3687638009.92,3663327076.0
2013-09-25,'000407,胜利股份,5.85,5.95,5.8,5.93,5.95,-0.1,-1.6807,2.0208,13033066,76342595.38,3798007457.4,3772968907.5
2013-09-24,'000407,胜利股份,5.95,6.03,5.91,6.0,6.03,-0.08,-1.3267,1.9937,12858626,76480000.38,3862930661.8,3837464102.5
2013-09-23,'000407,胜利股份,6.03,6.09,5.86,5.91,5.84,0.19,3.2534,2.9961,19323281,115793603.21,3914869225.32,3889060258.5
2013-09-18,'000407,胜利股份,5.84,5.88,5.79,5.82,5.82,0.02,0.3436,0.8955,5775762,33629370.75,3791515136.96,3766519388.0
2013-09-17,'000407,胜利股份,5.82,5.91,5.81,5.87,5.86,-0.04,-0.6826,1.1416,7362983,43135118.49,3778530496.08,3753620349.0
2013-09-16,'000407,胜利股份,5.86,5.95,5.85,5.91,5.91,-0.05,-0.846,1.3834,8921966,52403761.94,3804499777.84,3779418427.0
2013-09-13,'000407,胜利股份,5.91,5.97,5.88,5.97,5.96,-0.05,-0.8389,1.4889,9602687,56837096.0,3836961380.04,3811666024.5
2013-09-12,'000407,胜利股份,5.96,6.02,5.91,5.96,5.97,-0.01,-0.1675,1.7381,11209769,66859408.35,3869422982.24,3843913622.0
2013-09-11,'000407,胜利股份,5.97,6.05,5.95,5.99,6.03,-0.06,-0.995,2.213,14272476,85507074.03,3875915302.68,3850363141.5
2013-09-10,'000407,胜利股份,6.03,6.04,5.87,5.91,5.91,0.12,2.0305,2.6947,17379288,103228961.08,3914869225.32,3889060258.5
2013-09-09,'000407,胜利股份,5.91,5.94,5.85,5.91,5.9,0.01,0.1695,2.1719,14007832,82518098.85,3836961380.04,3811666024.5
2013-09-06,'000407,胜利股份,5.9,5.96,5.85,5.95,5.95,-0.05,-0.8403,1.3972,9011587,53208535.39,3830469059.6,3805216505.0
2013-09-05,'000407,胜利股份,5.95,5.97,5.85,5.93,5.91,0.04,0.6768,1.4167,9136760,53896565.94,3862930661.8,3837464102.5
2013-09-04,'000407,胜利股份,5.91,6.05,5.88,5.91,5.94,-0.03,-0.5051,2.1214,13682117,81482541.44,3836961380.04,3811666024.5
2013-09-03,'000407,胜利股份,5.94,5.98,5.83,5.85,5.9,0.04,0.678,1.928,12434365,73763217.22,3856438341.36,3831014583.0
2013-09-02,'000407,胜利股份,5.9,6.4,5.73,6.3,6.37,-0.47,-7.3783,5.8483,37718881,224651680.21,3830469059.6,3805216505.0
2013-08-30,'000407,胜利股份,6.37,6.64,6.33,6.47,6.45,-0.08,-1.2403,2.756,17774674,115851539.2,4135608120.28,4108343921.5
2013-08-29,'000407,胜利股份,6.45,6.47,6.21,6.22,6.23,0.22,3.5313,2.0604,13288659,84661381.23,4187546683.8,4159940077.5
2013-08-28,'000407,胜利股份,6.23,6.42,6.18,6.4,6.42,-0.19,-2.9595,1.8534,11953633,75250139.28,4044715634.12,4018050648.5
2013-08-27,'000407,胜利股份,6.42,6.5,6.38,6.46,6.46,-0.04,-0.6192,1.5688,10117745,65084470.97,4168069722.48,4140591519.0
2013-08-26,'000407,胜利股份,6.46,6.51,6.32,6.35,6.34,0.12,1.8927,1.7549,11318386,72681550.36,4194039004.24,4166389597.0
2013-08-23,'000407,胜利股份,6.34,6.49,6.27,6.4,6.4,-0.06,-0.9375,2.109,13602328,86591371.6,4116131158.96,4088995363.0
2013-08-22,'000407,胜利股份,6.4,6.55,6.29,6.3,6.34,0.06,0.9464,3.6569,23585124,152325622.44,4155085081.6,4127692480.0
2013-08-21,'000407,胜利股份,6.34,6.36,6.04,6.05,6.07,0.27,4.4481,2.9916,19294124,120676437.91,4116131158.96,4088995363.0
2013-08-20,'000407,胜利股份,6.07,6.18,6.05,6.14,6.14,-0.07,-1.1401,1.2976,8368652,51156120.12,3940838507.08,3914858336.5
2013-08-19,'000407,胜利股份,6.14,6.17,5.99,6.08,6.05,0.09,1.4876,1.913,12337863,75323141.83,3986284750.16,3960004973.0
2013-08-16,'000407,胜利股份,6.05,6.2,5.92,5.92,5.95,0.1,1.6807,2.7446,17701494,107339099.84,3927853866.2,3901959297.5
2013-08-15,'000407,胜利股份,5.95,6.04,5.94,5.98,6.01,-0.06,-0.9983,1.1164,7200111,43153559.66,3862930661.8,3837464102.5
2013-08-14,'000407,胜利股份,6.01,6.11,5.98,6.1,6.09,-0.08,-1.3136,1.9813,12778458,77038498.23,3901884584.44,3876161219.5
2013-08-13,'000407,胜利股份,6.09,6.1,6.0,6.07,6.07,0.02,0.3295,1.4715,9490758,57604246.26,3953823147.96,3927757375.5
2013-08-12,'000407,胜利股份,6.07,6.14,5.92,5.93,5.94,0.13,2.1886,2.0705,13353425,80676720.66,3940838507.08,3914858336.5
2013-08-09,'000407,胜利股份,5.94,6.03,5.86,5.97,5.96,-0.02,-0.3356,1.235,7964836,47204647.68,3856438341.36,3831014583.0
2013-08-08,'000407,胜利股份,5.96,6.05,5.92,6.0,6.0,-0.04,-0.6667,1.2044,7767794,46593635.88,3869422982.24,3843913622.0
2013-08-07,'000407,胜利股份,6.0,6.13,5.99,6.07,6.09,-0.09,-1.4778,1.2648,8157170,49448695.91,3895392264.0,3869711700.0
2013-08-06,'000407,胜利股份,6.09,6.12,6.03,6.1,6.14,-0.05,-0.8143,1.3659,8809386,53606604.81,3953823147.96,3927757375.5
2013-08-05,'000407,胜利股份,6.14,6.19,5.97,5.98,5.97,0.17,2.8476,1.7939,11569557,70694973.52,3986284750.16,3960004973.0
2013-08-02,'000407,胜利股份,5.97,6.04,5.91,5.95,5.93,0.04,0.6745,1.3078,8434925,50463735.31,3875915302.68,3850363141.5
2013-08-01,'000407,胜利股份,5.93,5.94,5.79,5.85,5.85,0.08,1.3675,1.5445,9961021,58428156.17,3849946020.92,3824565063.5
2013-07-31,'000407,胜利股份,5.85,5.93,5.78,5.85,5.85,0.0,0.0,0.9322,6012300,35011739.41,3798007457.4,3772968907.5
2013-07-30,'000407,胜利股份,5.85,5.99,5.74,5.85,5.83,0.02,0.3431,1.0388,6699478,39277508.73,3798007457.4,3772968907.5
2013-07-29,'000407,胜利股份,5.83,5.98,5.77,5.84,5.85,-0.02,-0.3419,0.7268,4687416,27410992.99,3785022816.52,3760069868.5
2013-07-26,'000407,胜利股份,5.85,5.9,5.81,5.85,5.82,0.03,0.5155,0.8516,5492587,32193815.57,3798007457.4,3772968907.5
2013-07-25,'000407,胜利股份,5.82,5.93,5.81,5.82,5.87,-0.05,-0.8518,1.0255,6613783,38719425.66,3778530496.08,3753620349.0
2013-07-24,'000407,胜利股份,5.87,6.06,5.76,6.04,6.06,-0.19,-3.1353,2.1942,14151426,83366342.69,3810992098.28,3785867946.5
2013-07-23,'000407,胜利股份,6.06,6.12,5.93,5.96,5.96,0.1,1.6779,2.0705,13353489,80592071.69,3934346186.64,3908408817.0
2013-07-22,'000407,胜利股份,5.96,6.02,5.76,5.79,5.8,0.16,2.7586,1.2755,8226611,48771323.02,3869422982.24,3843913622.0
2013-07-19,'000407,胜利股份,5.8,5.93,5.72,5.79,5.79,0.01,0.1727,1.6208,10453420,60735615.89,3765545855.2,3740721310.0
2013-07-18,'000407,胜利股份,5.79,5.91,5.77,5.9,5.92,-0.13,-2.1959,1.5127,9756198,56810626.89,3759053534.76,3734271790.5
2013-07-17,'000407,胜利股份,5.92,6.1,5.85,6.09,6.09,-0.17,-2.7915,2.0639,13311443,79229997.84,3843453700.48,3818115544.0
2013-07-16,'000407,胜利股份,6.09,6.12,6.03,6.12,6.13,-0.04,-0.6525,1.1626,7498309,45505505.3,3953823147.96,3927757375.5
2013-07-15,'000407,胜利股份,6.13,6.16,6.05,6.09,6.09,0.04,0.6568,1.3408,8647439,52805983.13,3979792429.72,3953555453.5
2013-07-12,'000407,胜利股份,6.09,6.24,6.02,6.15,6.17,-0.08,-1.2966,1.7017,10975408,67118100.73,3953823147.96,3927757375.5
2013-07-11,'000407,胜利股份,6.17,6.3,6.12,6.17,6.16,0.01,0.1623,2.2651,14608952,90683189.6,4005761711.48,3979353531.5
2013-07-10,'000407,胜利股份,6.16,6.16,5.93,5.94,5.98,0.18,3.01,1.4706,9484396,57993996.07,3999269391.04,3972904012.0
2013-07-09,'000407,胜利股份,5.98,6.06,5.89,5.96,5.96,0.02,0.3356,0.8333,5374382,32051014.98,3882407623.12,3856812661.0
2013-07-08,'000407,胜利股份,5.96,6.16,5.9,6.02,6.06,-0.1,-1.6502,1.8961,12228939,74026297.02,3869422982.24,3843913622.0
2013-07-05,'000407,胜利股份,6.06,6.25,5.77,5.8,5.78,0.28,4.8443,3.2722,21104078,127899540.63,3934346186.64,3908408817.0
2013-07-04,'000407,胜利股份,5.78,5.88,5.65,5.72,5.77,0.01,0.1733,1.426,9196946,53335486.66,3752561214.32,3727822271.0
2013-07-03,'000407,胜利股份,5.77,5.91,5.74,5.91,5.94,-0.17,-2.862,1.8545,11960407,69295369.87,3746068893.88,3721372751.5
2013-07-02,'000407,胜利股份,5.94,6.02,5.8,5.91,5.9,0.04,0.678,1.2594,8122608,47876510.79,3856438341.36,3831014583.0
2013-07-01,'000407,胜利股份,5.9,5.97,5.73,5.92,5.86,0.04,0.6826,1.1806,7614402,44542870.46,3830469059.6,3805216505.0
2013-06-28,'000407,胜利股份,5.86,6.05,5.65,5.71,5.78,0.08,1.3841,1.2327,7950360,46542497.03,3804499777.84,3779418427.0
2013-06-27,'000407,胜利股份,5.78,6.2,5.75,6.12,6.11,-0.33,-5.401,2.4822,16008920,96190019.82,3752561214.32,3727822271.0
2013-06-26,'000407,胜利股份,6.11,6.13,5.83,5.91,5.93,0.18,3.0354,2.1737,14019540,83632997.0,3966807788.84,3940656414.5
2013-06-25,'000407,胜利股份,5.93,6.07,5.51,6.0,6.12,-0.19,-3.1046,3.062,19748352,114809112.12,3849946020.92,3824565063.5
2013-06-24,'000407,胜利股份,6.12,6.66,6.12,6.65,6.7,-0.58,-8.6567,3.3907,21868275,138280914.7,3973300109.28,3947105934.0
2013-06-21,'000407,胜利股份,6.7,6.75,6.26,6.4,6.52,0.18,2.7607,3.374,21760774,142952114.1,4349854694.8,4321178065.0
2013-06-20,'000407,胜利股份,6.52,6.62,6.35,6.4,6.44,0.08,1.2422,2.8074,18106686,117523026.84,4232992926.88,4205086714.0
2013-06-19,'000407,胜利股份,6.44,6.49,6.21,6.36,6.38,0.06,0.9404,1.4027,9046846,57483201.0,4181054363.36,4153490558.0
2013-06-18,'000407,胜利股份,6.38,6.42,6.31,6.36,6.35,0.03,0.4724,1.3004,8387220,53356088.77,4142100440.72,4114793441.0
2013-06-17,'000407,胜利股份,6.35,6.47,6.23,6.25,6.22,0.13,2.09,2.5508,16451551,104642186.6,4122623479.4,4095444882.5
2013-06-14,'000407,胜利股份,6.22,6.25,6.14,6.2,6.15,0.07,1.1382,1.871,12067211,74908844.28,4038223313.68,4011601129.0
2013-06-13,'000407,胜利股份,6.15,6.4,6.13,6.4,6.47,-0.32,-4.9459,2.4826,16011257,99499719.99,3992777070.6,3966454492.5
2013-06-07,'000407,胜利股份,6.47,6.75,6.47,6.72,6.7,-0.23,-3.4328,2.1444,13830081,91236006.14,4200531324.68,4172839116.5
2013-06-06,'000407,胜利股份,6.7,6.94,6.65,6.79,6.8,-0.1,-1.4706,2.298,14820806,100640799.05,4349854694.8,4321178065.0
2013-06-05,'000407,胜利股份,6.8,6.86,6.7,6.81,6.8,0.0,0.0,1.8464,11908101,80773373.24,4414777899.2,4385673260.0
2013-06-04,'000407,胜利股份,6.8,6.96,6.62,6.95,6.96,-0.16,-2.2989,3.3462,21581392,146908255.87,4414777899.2,4385673260.0
2013-06-03,'000407,胜利股份,6.96,7.22,6.95,7.13,7.17,-0.21,-2.9289,4.0636,26208463,185089713.66,4518655026.24,4488865572.0
2013-05-31,'000407,胜利股份,7.17,7.42,7.17,7.35,7.35,-0.18,-2.449,2.7386,17662481,129040157.04,4654993755.48,4624305481.5
2013-05-30,'000407,胜利股份,7.35,7.46,7.12,7.2,7.2,0.15,2.0833,4.3006,27736523,202757921.31,4771855523.4,4740396832.5
2013-05-29,'000407,胜利股份,7.2,7.31,7.05,7.23,7.26,-0.06,-0.8264,4.0035,25820350,184873898.47,4674470716.8,4643654040.0
2013-05-28,'000407,胜利股份,7.26,7.42,7.18,7.2,7.23,0.03,0.4149,5.5702,35925399,263387138.12,4713424639.44,4682351157.0
2013-05-27,'000407,胜利股份,7.23,7.43,7.14,7.23,7.26,-0.03,-0.4132,5.7804,37280782,271066414.18,4693947678.12,4663002598.5
2013-05-24,'000407,胜利股份,7.26,7.38,7.07,7.13,7.13,0.13,1.8233,7.6959,49634717,359923180.21,4713424639.44,4682351157.0
2013-05-23,'000407,胜利股份,7.13,7.24,6.81,6.81,6.87,0.26,3.7846,6.8369,44094955,311428138.58,4629024473.72,4598507403.5
2013-05-22,'000407,胜利股份,6.87,7.15,6.52,6.57,6.56,0.31,4.7256,6.3987,41268367,281125366.81,4460224142.28,4430819896.5
2013-05-21,'000407,胜利股份,6.56,6.64,6.48,6.52,6.54,0.02,0.3058,2.4621,15879548,104201319.32,4258962208.64,4230884792.0
2013-05-20,'000407,胜利股份,6.54,6.76,6.34,6.35,6.36,0.18,2.8302,4.1111,26514392,172887680.72,4245977567.76,4217985753.0
2013-05-17,'000407,胜利股份,6.36,6.41,6.29,6.39,6.39,-0.03,-0.4695,1.8371,11848297,75146507.04,4129115799.84,4101894402.0
2013-05-16,'000407,胜利股份,6.39,6.46,6.32,6.32,6.38,0.01,0.1567,1.7,10964343,70089503.07,4148592761.16,4121242960.5
2013-05-15,'000407,胜利股份,6.38,6.48,6.32,6.39,6.38,0.0,0.0,2.3645,15249876,97701094.98,4142100440.72,4114793441.0
2013-05-14,'000407,胜利股份,6.38,6.41,6.17,6.18,6.2,0.18,2.9032,2.9026,18720263,118574426.87,4142100440.72,4114793441.0
2013-05-13,'000407,胜利股份,6.2,6.32,6.15,6.27,6.29,-0.09,-1.4308,1.2483,8050719,49944606.27,4025238672.8,3998702090.0
2013-05-10,'000407,胜利股份,6.29,6.37,6.21,6.31,6.29,0.0,0.0,1.3223,8528220,53567230.97,4083669556.76,4056747765.5
2013-05-09,'000407,胜利股份,6.29,6.37,6.14,6.2,6.23,0.06,0.9631,2.1073,13591390,85001624.93,4083669556.76,4056747765.5
2013-05-08,'000407,胜利股份,6.23,6.28,6.15,6.27,6.26,-0.03,-0.4792,1.6359,10550471,65595956.1,4044715634.12,4018050648.5
2013-05-07,'000407,胜利股份,6.26,6.32,6.12,6.14,6.15,0.11,1.7886,1.7343,11185699,69939570.0,4064192595.44,4037399207.0
2013-05-06,'000407,胜利股份,6.15,6.2,6.05,6.07,6.07,0.08,1.318,1.346,8681371,53128655.89,3992777070.6,3966454492.5
2013-05-03,'000407,胜利股份,6.07,6.15,6.0,6.03,6.01,0.06,0.9983,0.872,5624152,34169076.95,3940838507.08,3914858336.5
2013-05-02,'000407,胜利股份,6.01,6.06,5.8,5.85,5.85,0.16,2.735,1.0216,6588973,39073244.38,3901884584.44,3876161219.5
2013-04-26,'000407,胜利股份,5.85,6.01,5.75,5.97,5.97,-0.12,-2.0101,1.4656,9452146,55662177.9,3798007457.4,3772968907.5
2013-04-25,'000407,胜利股份,5.97,6.19,5.88,6.18,6.15,-0.18,-2.9268,1.9276,12432283,75098639.9,3875915302.68,3850363141.5
2013-04-24,'000407,胜利股份,6.15,6.21,6.02,6.03,6.05,0.1,1.6529,1.3634,8793548,53929115.4,3992777070.6,3966454492.5
2013-04-23,'000407,胜利股份,6.05,6.2,6.0,6.11,6.12,-0.07,-1.1438,1.566,10099886,61511468.23,3927853866.2,3901959297.5
2013-04-22,'000407,胜利股份,6.12,6.44,6.1,6.2,6.2,-0.08,-1.2903,2.7612,17808699,111324118.26,3973300109.28,3947105934.0
2013-04-19,'000407,胜利股份,6.2,6.29,6.18,6.23,6.22,-0.02,-0.3215,1.6608,10711083,66689193.82,4025238672.8,3998702090.0
2013-04-18,'000407,胜利股份,6.22,6.24,5.95,5.98,6.0,0.22,3.6667,1.8408,11872342,72813457.62,4038223313.68,4011601129.0
2013-04-17,'000407,胜利股份,6.0,6.1,5.99,5.99,6.0,0.0,0.0,1.0034,6471151,39092269.0,3895392264.0,3869711700.0
2013-04-16,'000407,胜利股份,6.0,6.05,5.89,5.89,5.94,0.06,1.0101,1.072,6914190,41475030.26,3895392264.0,3869711700.0
2013-04-15,'000407,胜利股份,5.94,6.05,5.75,5.8,5.81,0.13,2.2375,1.1718,7557424,44853078.27,3856438341.36,3831014583.0
2013-04-12,'000407,胜利股份,5.81,5.93,5.78,5.78,5.78,0.03,0.519,0.8011,5166996,30393846.67,3772038175.64,3747170829.5
2013-04-11,'000407,胜利股份,5.78,5.93,5.78,5.93,5.91,-0.13,-2.1997,0.8895,5736948,33497368.36,3752561214.32,3727822271.0
2013-04-10,'000407,胜利股份,5.91,6.07,5.84,5.98,5.97,-0.06,-1.005,0.8935,5762524,34255628.43,3836961380.04,3811666024.5
2013-04-09,'000407,胜利股份,5.97,6.02,5.86,5.9,5.91,0.06,1.0152,0.7224,4658916,27789924.43,3875915302.68,3850363141.5
2013-04-08,'000407,胜利股份,5.91,5.92,5.67,5.71,5.82,0.09,1.5464,1.2887,8311383,48421519.29,3836961380.04,3811666024.5
2013-04-03,'000407,胜利股份,5.82,5.9,5.76,5.82,5.8,0.02,0.3448,1.279,8248718,47987621.71,3778530496.08,3753620349.0
2013-04-02,'000407,胜利股份,5.8,6.12,5.75,6.01,6.02,-0.22,-3.6545,1.5925,10270642,61190432.5,3765545855.2,3740721310.0
2013-04-01,'000407,胜利股份,6.02,6.14,5.98,6.0,6.02,0.0,0.0,0.9665,6233260,37891645.71,3908376904.88,3882610739.0
2013-03-29,'000407,胜利股份,6.02,6.09,5.97,6.0,6.02,0.0,0.0,0.82,5288606,31996610.56,3908376904.88,3882610739.0
2013-03-28,'000407,胜利股份,6.02,6.09,5.9,6.09,6.1,-0.08,-1.3115,1.4679,9467552,57048297.58,3908376904.88,3882610739.0
2013-03-27,'000407,胜利股份,6.1,6.18,6.04,6.14,6.15,-0.05,-0.813,1.6795,10831822,66068336.09,3960315468.4,3934206895.0
2013-03-26,'000407,胜利股份,6.15,6.35,6.12,6.35,6.41,-0.26,-4.0562,2.4259,15645582,96801395.08,3992777070.6,3966454492.5
2013-03-25,'000407,胜利股份,6.41,6.65,6.35,6.47,6.41,0.0,0.0,1.9519,12588670,81251559.25,4161577402.04,4134141999.5
2013-03-22,'000407,胜利股份,6.41,6.57,6.4,6.51,6.51,-0.1,-1.5361,1.8103,11675584,75535843.6,4161577402.04,4134141999.5
2013-03-21,'000407,胜利股份,6.51,6.57,6.36,6.43,6.43,0.08,1.2442,2.6467,17069675,110026871.38,4226500606.44,4198637194.5
2013-03-20,'000407,胜利股份,6.43,6.49,6.33,6.44,6.45,-0.02,-0.3101,2.3515,15166087,97220062.57,4174562042.92,4147041038.5
2013-03-19,'000407,胜利股份,6.45,6.45,6.19,6.2,6.23,0.22,3.5313,2.8373,18298959,116546054.25,4187546683.8,4159940077.5
2013-03-18,'000407,胜利股份,6.23,6.35,6.14,6.2,6.21,0.02,0.3221,1.2998,8383034,52267055.42,4044715634.12,4018050648.5
2013-03-15,'000407,胜利股份,6.21,6.39,6.15,6.27,6.27,-0.06,-0.9569,1.4289,9215793,58018106.15,4031730993.24,4005151609.5
2013-03-14,'000407,胜利股份,6.27,6.45,6.23,6.3,6.25,0.02,0.32,1.3132,8469417,53597116.36,4070684915.88,4043848726.5
2013-03-13,'000407,胜利股份,6.25,6.35,6.14,6.31,6.34,-0.09,-1.4196,1.1685,7536344,46900145.23,4057700275.0,4030949687.5
2013-03-12,'000407,胜利股份,6.34,6.37,6.15,6.25,6.28,0.06,0.9554,2.3787,15341755,95949522.03,4116131158.96,4088995363.0
2013-03-11,'000407,胜利股份,6.28,6.57,6.27,6.46,6.54,-0.26,-3.9755,3.013,19432406,123536303.39,4077177236.32,4050298246.0
2013-03-08,'000407,胜利股份,6.54,6.8,6.47,6.58,6.56,-0.02,-0.3049,3.5828,23107146,152181129.02,4245977567.76,4217985753.0
2013-03-07,'000407,胜利股份,6.56,6.61,6.31,6.35,6.37,0.19,2.9827,7.5011,48378315,314152665.38,4258962208.64,4230884792.0
2013-03-06,'000407,胜利股份,6.37,6.54,6.16,6.3,6.3,0.07,1.1111,5.8219,37548176,239622583.55,4135608120.28,4108343921.5
2013-03-05,'000407,胜利股份,6.3,6.47,6.16,6.23,6.27,0.03,0.4785,4.9908,32188099,204269626.82,4090161877.2,4063197285.0
2013-03-04,'000407,胜利股份,6.27,6.47,5.7,5.75,5.88,0.39,6.6327,10.2507,66111855,409125017.52,4070684915.88,4043848726.5
2013-03-01,'000407,胜利股份,5.88,5.95,5.43,5.55,5.53,0.35,6.3291,2.898,18690491,105984601.05,3817484418.72,3792317466.0
2013-02-28,'000407,胜利股份,5.53,5.56,5.44,5.5,5.49,0.04,0.7286,1.1555,7452344,41053785.03,3590253203.32,3566584283.5
2013-02-27,'000407,胜利股份,5.49,5.49,5.38,5.4,5.4,0.09,1.6667,1.1352,7321808,39728931.23,3564283921.56,3540786205.5
2013-02-26,'000407,胜利股份,5.4,5.56,5.37,5.5,5.55,-0.15,-2.7027,1.033,6662210,36416924.2,3505853037.6,3482740530.0
2013-02-25,'000407,胜利股份,5.55,5.56,5.47,5.47,5.46,0.09,1.6484,0.908,5856215,32356869.81,3603237844.2,3579483322.5
2013-02-22,'000407,胜利股份,5.46,5.52,5.37,5.38,5.39,0.07,1.2987,1.2034,7761327,42361438.79,3544806960.24,3521437647.0
2013-02-21,'000407,胜利股份,5.39,5.64,5.3,5.64,5.63,-0.24,-4.2629,3.0043,19376107,105218850.91,3499360717.16,3476291010.5
2013-02-20,'000407,胜利股份,5.63,5.82,5.62,5.7,5.68,-0.05,-0.8803,2.978,19206732,109399764.13,3655176407.72,3631079478.5
2013-02-19,'000407,胜利股份,5.68,5.79,5.65,5.77,5.8,-0.12,-2.069,0.9161,5908400,33759713.35,3687638009.92,3663327076.0
2013-02-18,'000407,胜利股份,5.8,5.85,5.69,5.82,5.77,0.03,0.5199,0.9939,6410047,36984861.06,3765545855.2,3740721310.0
2013-02-08,'000407,胜利股份,5.77,5.81,5.7,5.75,5.73,0.04,0.6981,0.8408,5423010,31362565.15,3746068893.88,3721372751.5
2013-02-07,'000407,胜利股份,5.73,5.8,5.71,5.77,5.76,-0.03,-0.5208,1.0281,6630483,38047487.18,3720099612.12,3695574673.5
2013-02-06,'000407,胜利股份,5.76,5.82,5.68,5.71,5.72,0.04,0.6993,1.0569,6816511,39193628.82,3739576573.44,3714923232.0
2013-02-05,'000407,胜利股份,5.72,5.73,5.61,5.63,5.62,0.1,1.7794,1.0835,6987894,39636510.39,3713607291.68,3689125154.0
2013-02-04,'000407,胜利股份,5.62,5.7,5.59,5.69,5.69,-0.07,-1.2302,1.1702,7547113,42490969.79,3648684087.28,3624629959.0
2013-02-01,'000407,胜利股份,5.69,5.82,5.6,5.74,5.71,-0.02,-0.3503,1.7326,11174494,63732282.72,3694130330.36,3669776595.5
2013-01-31,'000407,胜利股份,5.71,5.94,5.69,5.91,5.92,-0.21,-3.5473,2.3239,14987744,86400974.46,3707114971.24,3682675634.5
2013-01-30,'000407,胜利股份,5.92,6.02,5.9,6.02,6.04,-0.12,-1.9868,1.4733,9501801,56468194.93,3843453700.48,3818115544.0
2013-01-29,'000407,胜利股份,6.04,6.08,5.99,6.04,6.09,-0.05,-0.821,1.2436,8020607,48306645.24,3921361545.76,3895509778.0
2013-01-28,'000407,胜利股份,6.09,6.12,5.98,6.05,6.09,0.0,0.0,1.5601,10061595,60772025.16,3953823147.96,3927757375.5
2013-01-25,'000407,胜利股份,6.09,6.17,5.8,5.8,5.82,0.27,4.6392,2.5512,16453913,99752262.89,3953823147.96,3927757375.5
2013-01-24,'000407,胜利股份,5.82,5.98,5.82,5.93,5.95,-0.13,-2.1849,1.3874,8948332,52880463.9,3778530496.08,3753620349.0
2013-01-23,'000407,胜利股份,5.95,5.97,5.73,5.82,5.83,0.12,2.0583,1.549,9990605,58093324.75,3862930661.8,3837464102.5
2013-01-22,'000407,胜利股份,5.83,6.07,5.74,6.0,6.04,-0.21,-3.4768,1.8043,11636722,68804936.13,3785022816.52,3760069868.5
2013-01-21,'000407,胜利股份,6.04,6.09,5.92,5.99,5.99,0.05,0.8347,1.4051,9062071,54392404.53,3921361545.76,3895509778.0
2013-01-18,'000407,胜利股份,5.99,6.05,5.93,6.01,5.97,0.02,0.335,1.27,8190566,48957041.52,3888899943.56,3863262180.5
2013-01-17,'000407,胜利股份,5.97,6.14,5.95,6.07,6.09,-0.12,-1.9704,1.5238,9827755,59293519.88,3875915302.68,3850363141.5
2013-01-16,'000407,胜利股份,6.09,6.18,6.0,6.14,6.14,-0.05,-0.8143,1.7543,11314270,68816794.99,3953823147.96,3927757375.5
2013-01-15,'000407,胜利股份,6.14,6.16,6.06,6.1,6.11,0.03,0.491,1.6673,10753148,65792311.64,3986284750.16,3960004973.0
2013-01-14,'000407,胜利股份,6.11,6.14,5.9,5.94,6.03,0.08,1.3267,1.7873,11527294,69888829.11,3966807788.84,3940656414.5
2013-01-11,'000407,胜利股份,6.03,6.42,6.01,6.2,6.2,-0.17,-2.7419,2.6362,17002130,104361352.27,3914869225.32,3889060258.5
2013-01-10,'000407,胜利股份,6.2,6.24,6.15,6.19,6.2,0.0,0.0,1.1358,7325181,45378086.3,4025238672.8,3998702090.0
2013-01-09,'000407,胜利股份,6.2,6.26,6.14,6.16,6.18,0.02,0.3236,1.7973,11591883,71919058.53,4025238672.8,3998702090.0
2013-01-08,'000407,胜利股份,6.18,6.28,6.12,6.25,6.29,-0.11,-1.7488,1.9836,12793002,79111208.25,4012254031.92,3985803051.0
2013-01-07,'000407,胜利股份,6.29,6.43,6.19,6.25,6.35,-0.06,-0.9449,2.2296,14380124,90419487.1,4083669556.76,4056747765.5
2013-01-04,'000407,胜利股份,6.35,6.54,6.3,6.51,6.51,-0.16,-2.4578,2.5321,16330735,104225861.39,4122623479.4,4095444882.5
2012-12-31,'000407,胜利股份,6.51,6.58,6.44,6.51,6.51,0.0,0.0,3.2511,20967879,136124918.52,4226500606.44,4198637194.5
2012-12-28,'000407,胜利股份,6.51,6.53,6.21,6.23,6.23,0.28,4.4944,4.492,28971034,186791989.84,4226500606.44,4198637194.5
2012-12-27,'000407,胜利股份,6.23,6.36,6.18,6.29,6.31,-0.08,-1.2678,1.194,7700921,48190646.36,4044715634.12,4018050648.5
2012-12-26,'000407,胜利股份,6.31,6.41,6.25,6.41,6.41,-0.1,-1.5601,2.1859,14097865,89070848.52,4096654197.64,4069646804.5
2012-12-25,'000407,胜利股份,6.41,6.42,6.25,6.26,6.31,0.1,1.5848,2.8466,18359374,116247079.34,4161577402.04,4134141999.5
2012-12-24,'000407,胜利股份,6.31,6.33,6.23,6.3,6.29,0.02,0.318,0.9123,5884010,37005651.37,4096654197.64,4069646804.5
2012-12-21,'000407,胜利股份,6.29,6.37,6.1,6.1,6.17,0.12,1.9449,2.1509,13872544,86908730.37,4083669556.76,4056747765.5
2012-12-20,'000407,胜利股份,6.17,6.19,6.06,6.15,6.19,-0.02,-0.3231,1.0473,6754702,41314589.34,4005761711.48,3979353531.5
2012-12-19,'000407,胜利股份,6.19,6.24,6.14,6.18,6.19,0.0,0.0,0.8339,5377948,33218036.81,4018746352.36,3992252570.5
2012-12-18,'000407,胜利股份,6.19,6.29,6.14,6.25,6.25,-0.06,-0.96,1.0673,6883684,42760172.75,4018746352.36,3992252570.5
2012-12-17,'000407,胜利股份,6.25,6.5,6.19,6.29,6.27,-0.02,-0.319,1.6483,10630475,67065065.83,4057700275.0,4030949687.5
2012-12-14,'000407,胜利股份,6.27,6.37,6.07,6.15,6.12,0.15,2.451,2.2039,14214105,88835518.17,4070684915.88,4043848726.5
2012-12-13,'000407,胜利股份,6.12,6.2,6.07,6.15,6.17,-0.05,-0.8104,0.7955,5130868,31438361.38,3973300109.28,3947105934.0
2012-12-12,'000407,胜利股份,6.17,6.3,6.07,6.21,6.25,-0.08,-1.28,0.9491,6121223,37710284.18,4005761711.48,3979353531.5
2012-12-11,'000407,胜利股份,6.25,6.37,6.19,6.25,6.25,0.0,0.0,1.8229,11756710,73903801.48,4057700275.0,4030949687.5
2012-12-10,'000407,胜利股份,6.25,6.4,6.14,6.28,6.23,0.02,0.321,1.6667,10749689,67523597.59,4057700275.0,4030949687.5
2012-12-07,'000407,胜利股份,6.23,6.29,6.05,6.05,6.11,0.12,1.964,1.3746,8865691,55037801.09,4044715634.12,4018050648.5
2012-12-06,'000407,胜利股份,6.11,6.19,6.03,6.06,6.07,0.04,0.659,1.1848,7641482,46753130.08,3966807788.84,3940656414.5
2012-12-05,'000407,胜利股份,6.07,6.13,5.6,5.65,5.57,0.5,8.9767,2.2844,14733551,87989336.88,3940838507.08,3914858336.5
2012-12-04,'000407,胜利股份,5.57,5.58,5.41,5.47,5.47,0.1,1.8282,0.5325,3434352,18989815.1,3616222485.08,3592382361.5
2012-12-03,'000407,胜利股份,5.47,5.7,5.45,5.65,5.64,-0.17,-3.0142,0.4857,3132458,17472212.78,3551299280.68,3527887166.5
2012-11-30,'000407,胜利股份,5.64,5.7,5.41,5.47,5.45,0.19,3.4862,1.1392,7347249,40806477.09,3661668728.16,3637528998.0
2012-11-29,'000407,胜利股份,5.45,5.68,5.25,5.6,5.6,-0.15,-2.6786,1.0568,6815877,37426977.24,3538314639.8,3514988127.5
2012-11-28,'000407,胜利股份,5.6,5.91,5.47,5.9,5.9,-0.3,-5.0847,1.0969,7074714,39900884.53,3635699446.4,3611730920.0
2012-11-27,'000407,胜利股份,5.9,6.08,5.9,6.0,6.08,-0.18,-2.9605,0.592,3818180,22752364.1,3830469059.6,3805216505.0
2012-11-26,'000407,胜利股份,6.08,6.13,6.0,6.05,6.05,0.03,0.4959,0.6181,3986512,24206401.88,3947330827.52,3921307856.0
2012-11-23,'000407,胜利股份,6.05,6.14,5.97,5.97,6.04,0.01,0.1656,0.9224,5949269,36091334.05,3927853866.2,3901959297.5
2012-11-22,'000407,胜利股份,6.04,6.08,5.96,6.08,6.07,-0.03,-0.4942,0.5543,3574979,21577022.03,3921361545.76,3895509778.0
2012-11-21,'000407,胜利股份,6.07,6.08,5.81,5.94,5.96,0.11,1.8456,0.9352,6031562,36063201.16,3940838507.08,3914858336.5
2012-11-20,'000407,胜利股份,5.96,6.19,5.85,6.11,6.11,-0.15,-2.455,1.1645,7510777,45212681.52,3869422982.24,3843913622.0
2012-11-19,'000407,胜利股份,6.11,6.22,5.83,6.12,6.11,0.0,0.0,1.7104,11030991,66594563.11,3966807788.84,3940656414.5
2012-11-16,'000407,胜利股份,6.11,6.44,6.04,6.39,6.41,-0.3,-4.6802,1.37,8836137,54746695.42,3966807788.84,3940656414.5
2012-11-15,'000407,胜利股份,6.41,6.57,6.38,6.48,6.49,-0.08,-1.2327,0.9563,6167905,39908825.51,4161577402.04,4134141999.5
2012-11-14,'000407,胜利股份,6.49,6.52,6.37,6.42,6.43,0.06,0.9331,0.867,5592030,36150715.76,4213515965.56,4185738155.5
2012-11-13,'000407,胜利股份,6.43,6.59,6.35,6.55,6.59,-0.16,-2.4279,1.4654,9450855,61299052.17,4174562042.92,4147041038.5
2012-11-12,'000407,胜利股份,6.59,6.6,6.29,6.29,6.27,0.32,5.1037,1.8913,12197950,79284967.91,4278439169.96,4250233350.5
2012-11-09,'000407,胜利股份,6.27,6.39,6.25,6.26,6.26,0.01,0.1597,0.6328,4080979,25776891.28,4070684915.88,4043848726.5
2012-11-08,'000407,胜利股份,6.26,6.55,6.18,6.52,6.53,-0.27,-4.1348,0.9953,6419466,41196607.92,4064192595.44,4037399207.0
2012-11-07,'000407,胜利股份,6.53,6.58,6.32,6.35,6.36,0.17,2.673,1.0675,6884814,44587748.25,4239485247.32,4211536233.5
2012-11-06,'000407,胜利股份,6.36,6.5,6.3,6.48,6.47,-0.11,-1.7002,1.4514,9361061,59743299.54,4129115799.84,4101894402.0
2012-11-05,'000407,胜利股份,6.47,6.56,6.4,6.55,6.62,-0.15,-2.2659,1.3855,8935851,57966990.59,4200531324.68,4172839116.5
2012-11-02,'000407,胜利股份,6.62,6.66,6.44,6.49,6.5,0.12,1.8462,1.7551,11319663,74691227.72,4297916131.28,4269581909.0
2012-11-01,'000407,胜利股份,6.5,6.55,6.42,6.47,6.48,0.02,0.3086,1.5267,9846431,63923847.46,4220008286.0,4192187675.0
2012-10-31,'000407,胜利股份,6.48,6.5,6.05,6.05,6.04,0.44,7.2848,2.214,14279306,90424664.11,4207023645.12,4179288636.0
2012-10-30,'000407,胜利股份,6.04,6.11,5.99,6.01,5.98,0.06,1.0033,0.9254,5968533,36067775.37,3921361545.76,3895509778.0
2012-10-29,'000407,胜利股份,5.98,6.15,5.95,6.15,6.08,-0.1,-1.6447,0.9339,6023245,36311670.48,3882407623.12,3856812661.0
2012-10-26,'000407,胜利股份,6.08,6.37,6.02,6.37,6.39,-0.31,-4.8513,1.7344,11186134,68786255.69,3947330827.52,3921307856.0
2012-10-25,'000407,胜利股份,6.39,6.58,6.39,6.5,6.51,-0.12,-1.8433,1.073,6920651,44849810.19,4148592761.16,4121242960.5
2012-10-24,'000407,胜利股份,6.51,6.6,6.33,6.35,6.34,0.17,2.6814,1.6026,10336228,67231255.42,4226500606.44,4198637194.5
2012-10-23,'000407,胜利股份,6.34,6.46,6.3,6.31,6.33,0.01,0.158,1.1827,7627678,48741525.39,4116131158.96,4088995363.0
2012-10-22,'000407,胜利股份,6.33,6.41,6.2,6.3,6.33,0.0,0.0,0.8414,5426625,34288283.23,4109638838.52,4082545843.5
2012-10-19,'000407,胜利股份,6.33,6.38,6.31,6.33,6.35,-0.02,-0.315,0.771,4972718,31525615.65,4109638838.52,4082545843.5
2012-10-18,'000407,胜利股份,6.35,6.41,6.3,6.33,6.33,0.02,0.316,1.2374,7980351,50612112.34,4122623479.4,4095444882.5
2012-10-17,'000407,胜利股份,6.33,6.45,6.27,6.3,6.29,0.04,0.6359,1.4093,9089468,57772898.93,4109638838.52,4082545843.5
2012-10-16,'000407,胜利股份,6.29,6.47,6.25,6.3,6.35,-0.06,-0.9449,1.6004,10322013,65636984.9,4083669556.76,4056747765.5
2012-10-15,'000407,胜利股份,6.35,6.44,6.06,6.07,6.07,0.28,4.6129,3.0688,19792340,124548808.97,4122623479.4,4095444882.5
2012-10-12,'000407,胜利股份,6.07,6.13,6.0,6.03,6.03,0.04,0.6633,1.0774,6948824,42098306.64,3940838507.08,3914858336.5
2012-10-11,'000407,胜利股份,6.03,6.16,6.02,6.02,6.05,-0.02,-0.3306,0.964,6217055,37725898.87,3914869225.32,3889060258.5
2012-10-10,'000407,胜利股份,6.05,6.1,5.91,6.0,6.0,0.05,0.8333,0.8461,5456877,32870749.99,3927853866.2,3901959297.5
2012-10-09,'000407,胜利股份,6.0,6.1,5.8,5.81,5.81,0.19,3.2702,1.0245,6607631,39595492.27,3895392264.0,3869711700.0
2012-10-08,'000407,胜利股份,5.81,5.85,5.71,5.79,5.75,0.06,1.0435,0.6754,4355700,25232625.01,3772038175.64,3747170829.5
2012-09-28,'000407,胜利股份,5.75,5.79,5.5,5.55,5.59,0.16,2.8623,0.6963,4491090,25658680.62,3733084253.0,3708473712.5
2012-09-27,'000407,胜利股份,5.59,5.9,5.49,5.58,5.37,0.22,4.0968,1.0501,6772772,38585621.95,3629207125.96,3605281400.5
2012-09-26,'000407,胜利股份,5.37,5.4,5.33,5.36,5.36,0.01,0.1866,0.3661,2361360,12652861.91,3486376076.28,3463391971.5
2012-09-25,'000407,胜利股份,5.36,5.49,5.36,5.47,5.42,-0.06,-1.107,0.4634,2988700,16218060.6,3479883755.84,3456942452.0
2012-09-24,'000407,胜利股份,5.42,5.5,5.37,5.38,5.39,0.03,0.5566,0.4918,3172156,17224539.62,3518837678.48,3495639569.0
2012-09-21,'000407,胜利股份,5.39,5.48,5.32,5.36,5.36,0.03,0.5597,0.6105,3937313,21248177.18,3499360717.16,3476291010.5
2012-09-20,'000407,胜利股份,5.36,5.71,5.36,5.65,5.69,-0.33,-5.7996,0.8914,5749000,31741445.0,3479883755.84,3456942452.0
2012-09-19,'000407,胜利股份,5.69,5.74,5.58,5.59,5.58,0.11,1.9713,0.6285,4053294,22969399.59,3694130330.36,3669776595.5
2012-09-18,'000407,胜利股份,5.58,5.72,5.52,5.64,5.64,-0.06,-1.0638,0.5557,3583966,20194856.86,3622714805.52,3598831881.0
2012-09-17,'000407,胜利股份,5.64,5.9,5.51,5.9,5.9,-0.26,-4.4068,0.744,4798219,27348298.08,3661668728.16,3637528998.0
2012-09-14,'000407,胜利股份,5.9,5.99,5.8,5.87,5.83,0.07,1.2007,0.6237,4022519,23720957.29,3830469059.6,3805216505.0
2012-09-13,'000407,胜利股份,5.83,6.02,5.83,5.98,5.95,-0.12,-2.0168,0.6162,3974190,23553185.1,3785022816.52,3760069868.5
2012-09-12,'000407,胜利股份,5.95,6.12,5.91,6.1,6.05,-0.1,-1.6529,0.885,5707752,34110566.72,3862930661.8,3837464102.5
2012-09-11,'000407,胜利股份,6.05,6.12,5.94,6.02,6.02,0.03,0.4983,0.9444,6090996,36796602.27,3927853866.2,3901959297.5
2012-09-10,'000407,胜利股份,6.02,6.05,5.93,5.93,5.96,0.06,1.0067,1.0189,6571340,39433856.1,3908376904.88,3882610739.0
2012-09-07,'000407,胜利股份,5.96,5.97,5.71,5.75,5.69,0.27,4.7452,1.4061,9068349,53400463.07,3869422982.24,3843913622.0
2012-09-06,'000407,胜利股份,5.69,5.83,5.6,5.7,5.72,-0.03,-0.5245,0.7908,5100460,28982711.93,3694130330.36,3669776595.5
2012-09-05,'000407,胜利股份,5.72,5.81,5.63,5.71,5.75,-0.03,-0.5217,0.5237,3377825,19354442.16,3713607291.68,3689125154.0
2012-09-04,'000407,胜利股份,5.75,6.03,5.74,5.88,5.88,-0.13,-2.2109,1.1344,7316569,43155519.83,3733084253.0,3708473712.5
2012-09-03,'000407,胜利股份,5.88,5.94,5.61,5.62,5.69,0.19,3.3392,0.8916,5750346,33448616.6,3817484418.72,3792317466.0
2012-08-31,'000407,胜利股份,5.69,5.7,5.27,5.34,5.38,0.31,5.7621,0.829,5346847,29590434.86,3694130330.36,3669776595.5
2012-08-30,'000407,胜利股份,5.38,5.57,5.01,5.45,5.45,-0.07,-1.2844,1.4284,9212552,49092845.23,3492868396.72,3469841491.0
2012-08-29,'000407,胜利股份,5.45,5.74,5.45,5.67,5.67,-0.22,-3.8801,0.7127,4596258,25813405.93,3538314639.8,3514988127.5
2012-08-28,'000407,胜利股份,5.67,5.81,5.62,5.68,5.72,-0.05,-0.8741,0.6332,4083641,23353071.33,3681145689.48,3656877556.5
2012-08-27,'000407,胜利股份,5.72,5.99,5.66,5.94,5.95,-0.23,-3.8655,0.7716,4976465,28839135.46,3713607291.68,3689125154.0
2012-08-24,'000407,胜利股份,5.95,6.03,5.91,5.94,5.95,0.0,0.0,0.42,2708539,16163970.23,3862930661.8,3837464102.5
2012-08-23,'000407,胜利股份,5.95,6.06,5.92,5.98,6.0,-0.05,-0.8333,0.5357,3454887,20742374.58,3862930661.8,3837464102.5
2012-08-22,'000407,胜利股份,6.0,6.14,5.98,6.07,6.06,-0.06,-0.9901,0.7495,4833635,29276537.32,3895392264.0,3869711700.0
2012-08-21,'000407,胜利股份,6.06,6.08,5.92,6.02,6.01,0.05,0.8319,0.8931,5759992,34543360.62,3934346186.64,3908408817.0
2012-08-20,'000407,胜利股份,6.01,6.14,5.86,6.11,6.11,-0.1,-1.6367,1.0669,6880980,41318303.64,3901884584.44,3876161219.5
2012-08-17,'000407,胜利股份,6.11,6.27,6.05,6.11,6.18,-0.07,-1.1327,0.9778,6306197,38637387.69,3966807788.84,3940656414.5
2012-08-16,'000407,胜利股份,6.18,6.33,6.11,6.27,6.27,-0.09,-1.4354,1.0567,6815521,42515010.07,4012254031.92,3985803051.0
2012-08-15,'000407,胜利股份,6.27,6.37,6.1,6.15,6.15,0.12,1.9512,1.7908,11549986,72458709.53,4070684915.88,4043848726.5
2012-08-14,'000407,胜利股份,6.15,6.15,5.92,6.07,6.07,0.08,1.318,1.3159,8487019,51022768.26,3992777070.6,3966454492.5
2012-08-13,'000407,胜利股份,6.07,6.16,5.98,6.07,6.07,0.0,0.0,1.0513,6780630,41202097.01,3940838507.08,3914858336.5
2012-08-10,'000407,胜利股份,6.07,6.22,5.98,6.19,6.19,-0.12,-1.9386,1.5239,9828495,59723113.03,3940838507.08,3914858336.5
2012-08-09,'000407,胜利股份,6.19,6.38,6.08,6.15,6.16,0.03,0.487,2.3177,14947805,93065429.42,4018746352.36,3992252570.5
2012-08-08,'000407,胜利股份,6.16,6.29,6.05,6.08,6.05,0.11,1.8182,2.542,16394892,100880536.03,3999269391.04,3972904012.0
2012-08-07,'000407,胜利股份,6.05,6.05,5.73,5.73,5.83,0.22,3.7736,2.1507,13870873,82784286.3,3927853866.2,3901959297.5
2012-08-06,'000407,胜利股份,5.83,5.89,5.56,5.61,5.62,0.21,3.7367,1.5221,9816838,56310041.62,3785022816.52,3760069868.5
2012-08-03,'000407,胜利股份,5.62,5.67,5.52,5.59,5.55,0.07,1.2613,0.7976,5144263,28772249.16,3648684087.28,3624629959.0
2012-08-02,'000407,胜利股份,5.55,5.74,5.43,5.43,5.5,0.05,0.9091,1.6656,10742635,60083119.97,3603237844.2,3579483322.5
2012-08-01,'000407,胜利股份,5.5,5.59,5.27,5.35,5.42,0.08,1.476,2.2168,14297003,77352409.93,3570776242.0,3547235725.0
2012-07-31,'000407,胜利股份,5.42,5.65,5.1,5.16,5.14,0.28,5.4475,3.2938,21243585,117971186.76,3518837678.48,3495639569.0
2012-07-30,'000407,胜利股份,5.14,5.42,5.1,5.32,5.32,-0.18,-3.3835,0.8034,5181842,27166277.55,3337052706.16,3315053023.0
2012-07-27,'000407,胜利股份,5.32,5.41,5.28,5.33,5.31,0.01,0.1883,0.4203,2710766,14476786.51,3453914474.08,3431144374.0
2012-07-26,'000407,胜利股份,5.31,5.44,5.26,5.38,5.39,-0.08,-1.4842,0.666,4295395,23029667.69,3447422153.64,3424694854.5
2012-07-25,'000407,胜利股份,5.39,5.57,5.33,5.48,5.5,-0.11,-2.0,0.8091,5217998,28396700.37,3499360717.16,3476291010.5
2012-07-24,'000407,胜利股份,5.5,5.59,5.35,5.48,5.54,-0.04,-0.722,1.4706,9484494,51729129.44,3570776242.0,3547235725.0
2012-07-23,'000407,胜利股份,5.54,5.62,5.42,5.53,5.52,0.02,0.3623,1.0556,6807850,37626432.86,3596745523.76,3573033803.0
2012-07-20,'000407,胜利股份,5.52,5.59,5.27,5.42,5.43,0.09,1.6575,2.7596,17797929,97541491.61,3583760882.88,3560134764.0
2012-07-19,'000407,胜利股份,5.43,5.43,4.92,4.95,4.94,0.49,9.919,3.0128,19431189,103771408.82,3525329998.92,3502089088.5
2012-07-18,'000407,胜利股份,4.94,5.04,4.83,5.0,5.0,-0.06,-1.2,1.2308,7937935,39220659.29,3207206297.36,3186062633.0
2012-07-17,'000407,胜利股份,5.0,5.21,4.96,5.2,5.21,-0.21,-4.0307,1.7285,11147917,56115410.22,3246160220.0,3224759750.0
2012-07-16,'000407,胜利股份,5.21,5.34,5.18,5.28,5.28,-0.07,-1.3258,0.8124,5239865,27639341.01,3382498949.24,3360199659.5
2012-07-13,'000407,胜利股份,5.28,5.57,5.17,5.43,5.47,-0.19,-3.4735,2.0858,13452179,71657088.62,3427945192.32,3405346296.0
2012-07-12,'000407,胜利股份,5.47,5.6,5.36,5.41,5.41,0.06,1.1091,2.2184,14307551,78870235.93,3551299280.68,3527887166.5
2012-07-11,'000407,胜利股份,5.41,5.45,5.23,5.23,5.29,0.12,2.2684,0.862,5559351,29775250.78,3512345358.04,3489190049.5
2012-07-10,'000407,胜利股份,5.29,5.36,5.08,5.25,5.25,0.04,0.7619,1.0819,6977853,36567084.99,3434437512.76,3411795815.5
2012-07-09,'000407,胜利股份,5.25,5.41,5.12,5.3,5.35,-0.1,-1.8692,1.314,8474603,44659199.42,3408468231.0,3385997737.5
2012-07-06,'000407,胜利股份,5.35,5.52,5.22,5.43,5.53,-0.18,-3.255,2.9305,18900144,100708048.52,3473391435.4,3450492932.5
2012-07-05,'000407,胜利股份,5.53,5.57,5.42,5.49,5.49,0.04,0.7286,1.1938,7699209,42351612.37,3590253203.32,3566584283.5
2012-07-04,'000407,胜利股份,5.49,5.82,5.48,5.69,5.69,-0.2,-3.5149,2.4601,15866651,88707582.28,3564283921.56,3540786205.5
2012-07-03,'000407,胜利股份,5.69,5.99,5.59,5.95,5.99,-0.3,-5.0083,2.69,17349497,100241674.74,3694130330.36,3669776595.5
2012-07-02,'000407,胜利股份,5.99,6.2,5.86,6.14,6.19,-0.2,-3.231,2.5919,16716676,100054667.88,3888899943.56,3863262180.5
2012-06-29,'000407,胜利股份,6.19,6.2,5.95,6.0,6.17,0.02,0.3241,2.275,14672445,88858113.64,4018746352.36,3992252570.5
2012-06-28,'000407,胜利股份,6.17,6.56,6.1,6.45,6.4,-0.23,-3.5938,1.6046,10348737,65382894.67,4005761711.48,3979353531.5
2012-06-27,'000407,胜利股份,6.4,6.53,6.3,6.35,6.35,0.05,0.7874,0.9684,6245537,40098664.7,4155085081.6,4127692480.0
2012-06-26,'000407,胜利股份,6.35,6.4,6.19,6.24,6.29,0.06,0.9539,0.8437,5441318,34279211.39,4122623479.4,4095444882.5
2012-06-25,'000407,胜利股份,6.29,6.58,6.28,6.43,6.43,-0.14,-2.1773,1.0024,6464976,41637590.11,4083669556.76,4056747765.5
2012-06-21,'000407,胜利股份,6.43,6.53,6.33,6.44,6.45,-0.02,-0.3101,0.7715,4975611,31988350.57,4174562042.92,4147041038.5
2012-06-20,'000407,胜利股份,6.45,6.68,6.43,6.61,6.7,-0.25,-3.7313,1.8438,11891431,77539336.12,4187546683.8,4159940077.5
2012-06-19,'000407,胜利股份,6.7,6.79,6.44,6.71,6.73,-0.03,-0.4458,3.7232,24012810,158238322.43,4349854694.8,4321178065.0
2012-06-18,'000407,胜利股份,6.73,7.02,6.7,7.0,6.94,-0.21,-3.0259,2.2672,14622228,99915188.67,4369331656.12,4340526623.5
2012-06-15,'000407,胜利股份,6.94,7.02,6.8,6.8,6.84,0.1,1.462,2.8356,18288134,126609497.72,4505670385.36,4475966533.0
2012-06-14,'000407,胜利股份,6.84,6.9,6.77,6.87,6.87,-0.03,-0.4367,1.4982,9662829,66081537.22,4440747180.96,4411471338.0
2012-06-13,'000407,胜利股份,6.87,6.95,6.54,6.59,6.57,0.3,4.5662,2.1122,13622522,92218587.37,4460224142.28,4430819896.5
2012-06-12,'000407,胜利股份,6.57,6.66,6.42,6.45,6.5,0.07,1.0769,1.2121,7817485,51154043.32,4265454529.08,4237334311.5
2012-06-11,'000407,胜利股份,6.5,6.5,6.2,6.35,6.31,0.19,3.0111,1.4907,9614440,60969019.03,4220008286.0,4192187675.0
2012-06-08,'000407,胜利股份,6.31,6.47,6.1,6.47,6.38,-0.07,-1.0972,2.4366,15715158,98724424.66,4096654197.64,4069646804.5
2012-06-07,'000407,胜利股份,6.38,6.74,6.32,6.65,6.65,-0.27,-4.0602,2.2531,14531541,94621911.89,4142100440.72,4114793441.0
2012-06-06,'000407,胜利股份,6.65,6.85,6.41,6.8,6.79,-0.14,-2.0619,2.7543,17763921,117337135.66,4317393092.6,4288930467.5
2012-06-05,'000407,胜利股份,6.79,6.91,6.68,6.82,6.85,-0.06,-0.8759,1.2909,8325917,56486618.7,4408285578.76,4379223740.5
2012-06-04,'000407,胜利股份,6.85,7.09,6.76,6.85,7.0,-0.15,-2.1429,2.3734,15307172,106126773.59,4447239501.4,4417920857.5
2012-06-01,'000407,胜利股份,7.0,7.0,6.83,6.85,6.89,0.11,1.5965,2.0605,13289194,92048981.05,4544624308.0,4514663650.0
2012-05-31,'000407,胜利股份,6.89,7.03,6.73,6.73,6.73,0.16,2.3774,3.8543,24858083,171971701.77,4473208783.16,4443718935.5
2012-05-30,'000407,胜利股份,6.73,6.76,6.56,6.65,6.66,0.07,1.0511,1.6837,10858836,72452662.83,4369331656.12,4340526623.5
2012-05-29,'000407,胜利股份,6.66,6.77,6.56,6.6,6.66,0.0,0.0,2.0223,13042858,86637715.98,4323885413.04,4295379987.0
2012-05-28,'000407,胜利股份,6.66,6.71,6.3,6.43,6.44,0.22,3.4161,2.248,14498218,94114777.35,4323885413.04,4295379987.0
2012-05-25,'000407,胜利股份,6.44,6.5,6.32,6.39,6.42,0.02,0.3115,1.1934,7696896,49433874.98,4181054363.36,4153490558.0
2012-05-24,'000407,胜利股份,6.42,6.49,6.34,6.4,6.51,-0.09,-1.3825,1.7332,11178129,71843747.42,4168069722.48,4140591519.0
2012-05-23,'000407,胜利股份,6.51,6.63,6.16,6.62,6.65,-0.14,-2.1053,5.9658,38476244,246320281.45,4226500606.44,4198637194.5
2012-05-22,'000407,胜利股份,6.65,6.79,6.61,6.65,6.7,-0.05,-0.7463,2.9586,19081683,127043058.57,4317393092.6,4288930467.5
2012-05-21,'000407,胜利股份,6.7,6.97,6.61,6.72,6.73,-0.03,-0.4458,3.4174,22040605,149272396.38,4349854694.8,4321178065.0
2012-05-18,'000407,胜利股份,6.73,6.9,6.38,6.43,6.49,0.24,3.698,5.2774,34036708,227593083.74,4369331656.12,4340526623.5
2012-05-17,'000407,胜利股份,6.49,6.58,6.29,6.37,6.4,0.09,1.4063,5.1473,33197383,213162590.85,4213515965.56,4185738155.5
2012-05-16,'000407,胜利股份,6.4,6.69,6.3,6.52,6.7,-0.3,-4.4776,6.1563,39705122,257001983.35,4155085081.6,4127692480.0
2012-05-15,'000407,胜利股份,0.0,0.0,0.0,0.0,6.7,None,None,0.0,0,0.0,4349854694.8,4321178065.0
2012-05-14,'000407,胜利股份,6.7,7.04,6.4,6.5,6.4,0.3,4.6875,9.5513,61601226,420972215.29,4349854694.8,4321178065.0
2012-05-11,'000407,胜利股份,6.4,6.4,6.1,6.26,6.26,0.14,2.2364,3.544,22857047,143975181.96,4155085081.6,4127692480.0
2012-05-10,'000407,胜利股份,6.26,6.5,6.02,6.06,6.05,0.21,3.4711,4.4406,28640019,179606848.31,4064192595.44,4037399207.0
2012-05-09,'000407,胜利股份,6.05,6.19,5.93,6.01,6.08,-0.03,-0.4934,3.2864,21195654,128686034.88,3927853866.2,3901959297.5
2012-05-08,'000407,胜利股份,6.08,6.2,5.81,5.89,5.9,0.18,3.0508,4.9367,31839306,192215350.9,3947330827.52,3921307856.0
2012-05-07,'000407,胜利股份,5.9,5.93,5.32,5.33,5.4,0.5,9.2593,4.8639,31369882,179889493.36,3830469059.6,3805216505.0
2012-05-04,'000407,胜利股份,5.4,5.61,5.39,5.43,5.48,-0.08,-1.4599,2.0004,12901899,70566215.71,3505853037.6,3482740530.0
2012-05-03,'000407,胜利股份,5.48,5.64,5.16,5.23,5.2,0.28,5.3846,3.4725,22395886,121147347.36,3557791601.12,3534336686.0
2012-05-02,'000407,胜利股份,5.2,5.22,5.06,5.06,5.08,0.12,2.3622,2.0231,13048130,67221553.48,3376006628.8,3353750140.0
2012-04-27,'000407,胜利股份,5.08,5.15,4.91,4.93,5.01,0.07,1.3972,1.484,9571404,48200961.27,3298098783.52,3276355906.0
2012-04-26,'000407,胜利股份,5.01,5.17,4.96,5.13,5.09,-0.08,-1.5717,1.2785,8245884,41529513.06,3252652540.44,3231209269.5
2012-04-25,'000407,胜利股份,5.09,5.13,4.94,4.96,4.92,0.17,3.4553,2.681,17291081,87461128.64,3304591103.96,3282805425.5
2012-04-24,'000407,胜利股份,4.92,4.94,4.72,4.78,4.8,0.12,2.5,1.21,7804216,37802695.12,3194221656.48,3173163594.0
2012-04-23,'000407,胜利股份,4.8,4.97,4.76,4.97,4.95,-0.15,-3.0303,1.5146,9768120,47037021.04,3116313811.2,3095769360.0
2012-04-20,'000407,胜利股份,4.95,5.07,4.91,4.94,4.94,0.01,0.2024,1.1389,7345456,36528764.6,3213698617.8,3192512152.5
2012-04-19,'000407,胜利股份,4.94,5.12,4.87,4.9,4.89,0.05,1.0225,2.0721,13363882,67133890.02,3207206297.36,3186062633.0
2012-04-18,'000407,胜利股份,4.89,4.94,4.75,4.77,4.72,0.17,3.6017,1.6458,10614332,51819039.64,3174744695.16,3153815035.5
2012-04-17,'000407,胜利股份,4.72,4.84,4.72,4.75,4.74,-0.02,-0.4219,0.6804,4388274,20980266.01,3064375247.68,3044173204.0
2012-04-16,'000407,胜利股份,4.74,4.86,4.74,4.8,4.83,-0.09,-1.8634,0.8498,5480591,26214182.23,3077359888.56,3057072243.0
2012-04-13,'000407,胜利股份,4.83,4.94,4.79,4.89,4.89,-0.06,-1.227,0.9637,6215115,30163711.77,3135790772.52,3115117918.5
2012-04-12,'000407,胜利股份,4.89,4.91,4.75,4.75,4.79,0.1,2.0877,1.3136,8472035,40945699.28,3174744695.16,3153815035.5
2012-04-11,'000407,胜利股份,4.79,4.86,4.71,4.82,4.84,-0.05,-1.0331,1.0422,6721885,32087765.02,3109821490.76,3089319840.5
2012-04-10,'000407,胜利股份,4.84,4.84,4.54,4.54,4.62,0.22,4.7619,1.8884,12179498,57954462.25,3142283092.96,3121567438.0
2012-04-09,'000407,胜利股份,4.62,4.72,4.42,4.49,4.52,0.1,2.2124,1.1727,7563136,35176853.46,2999452043.28,2979678009.0
2012-04-06,'000407,胜利股份,4.52,4.57,4.45,4.49,4.49,0.03,0.6682,0.5128,3307619,14921680.18,2934528838.88,2915182814.0
2012-04-05,'000407,胜利股份,4.49,4.51,4.36,4.36,4.36,0.13,2.9817,0.6928,4468501,19944117.34,2915051877.56,2895834255.5
2012-03-30,'000407,胜利股份,4.36,4.55,4.29,4.42,4.49,-0.13,-2.8953,0.9946,6414519,28201365.93,2830651711.84,2811990502.0
2012-03-29,'000407,胜利股份,4.49,4.55,4.37,4.45,4.49,0.0,0.0,0.9187,5925127,26420913.05,2915051877.56,2895834255.5
2012-03-28,'000407,胜利股份,4.49,4.75,4.4,4.67,4.72,-0.23,-4.8729,1.2755,8226047,37781314.57,2915051877.56,2895834255.5
2012-03-27,'000407,胜利股份,4.72,4.87,4.65,4.65,4.64,0.08,1.7241,1.4691,9475135,45331271.09,3064375247.68,3044173204.0
2012-03-26,'000407,胜利股份,4.64,4.65,4.55,4.56,4.62,0.02,0.4329,0.5957,3841788,17672196.15,3012436684.16,2992577048.0
2012-03-23,'000407,胜利股份,4.62,4.85,4.55,4.77,4.8,-0.18,-3.75,1.1171,7204646,33552181.48,2999452043.28,2979678009.0
2012-03-22,'000407,胜利股份,4.8,4.89,4.72,4.74,4.8,0.0,0.0,1.5105,9742059,46849017.61,3116313811.2,3095769360.0
2012-03-21,'000407,胜利股份,4.8,4.85,4.6,4.73,4.77,0.03,0.6289,2.338,15078906,71234356.33,3116313811.2,3095769360.0
2012-03-20,'000407,胜利股份,4.77,4.94,4.68,4.94,4.94,-0.17,-3.4413,2.21,14253534,68393138.43,3096836849.88,3076420801.5
2012-03-19,'000407,胜利股份,4.94,4.99,4.77,4.88,4.92,0.02,0.4065,3.0922,19942919,97538082.97,3207206297.36,3186062633.0
2012-03-16,'000407,胜利股份,4.92,4.99,4.82,4.99,4.99,-0.07,-1.4028,5.1296,33083296,161748150.03,3194221656.48,3173163594.0
2012-03-15,'000407,胜利股份,4.99,4.99,4.5,4.5,4.54,0.45,9.9119,10.007,64540573,317395741.27,3239667899.56,3218310230.5
2012-03-14,'000407,胜利股份,4.54,4.77,4.4,4.45,4.45,0.09,2.0225,6.3613,41027072,188214736.36,2947513479.76,2928081853.0
2012-03-13,'000407,胜利股份,4.45,4.46,4.28,4.33,4.32,0.13,3.0093,1.8683,12049579,52830012.5,2889082595.8,2870036177.5
2012-03-12,'000407,胜利股份,4.32,4.37,4.28,4.3,4.28,0.04,0.9346,0.9934,6406891,27743189.1,2804682430.08,2786192424.0
2012-03-09,'000407,胜利股份,4.28,4.32,4.23,4.25,4.22,0.06,1.4218,1.0946,7059426,30229627.07,2778713148.32,2760394346.0
2012-03-08,'000407,胜利股份,4.22,4.23,4.15,4.15,4.15,0.07,1.6867,1.0108,6519093,27415065.01,2739759225.68,2721697229.0
2012-03-07,'000407,胜利股份,4.15,4.25,4.12,4.21,4.25,-0.1,-2.3529,1.3351,8610585,36054278.96,2694312982.6,2676550592.5
2012-03-06,'000407,胜利股份,4.25,4.32,4.22,4.31,4.33,-0.08,-1.8476,0.9128,5886871,25078188.28,2759236187.0,2741045787.5
2012-03-05,'000407,胜利股份,4.33,4.4,4.24,4.25,4.24,0.09,2.1226,2.1562,13906717,60187947.57,2811174750.52,2792641943.5
2012-03-02,'000407,胜利股份,4.24,4.25,4.19,4.19,4.19,0.05,1.1933,1.324,8538929,36016325.26,2752743866.56,2734596268.0
2012-03-01,'000407,胜利股份,4.19,4.24,4.17,4.19,4.19,0.0,0.0,1.0994,7090483,29738661.58,2720282264.36,2702348670.5
2012-02-29,'000407,胜利股份,4.19,4.26,4.18,4.26,4.26,-0.07,-1.6432,0.9372,6044675,25439899.97,2720282264.36,2702348670.5
2012-02-28,'000407,胜利股份,4.26,4.35,4.2,4.32,4.35,-0.09,-2.069,1.3908,8969757,38249672.65,2765728507.44,2747495307.0
2012-02-27,'000407,胜利股份,4.35,4.42,4.3,4.34,4.33,0.02,0.4619,1.9642,12668418,55278169.94,2824159391.4,2805540982.5
2012-02-24,'000407,胜利股份,4.33,4.38,4.19,4.22,4.22,0.11,2.6066,2.1346,13767143,59071066.74,2811174750.52,2792641943.5
2012-02-23,'000407,胜利股份,4.22,4.25,4.17,4.25,4.25,-0.03,-0.7059,1.4087,9085328,38188443.89,2739759225.68,2721697229.0
2012-02-22,'000407,胜利股份,4.25,4.3,4.13,4.14,4.13,0.12,2.9056,1.632,10525704,44341791.23,2759236187.0,2741045787.5
2012-02-21,'000407,胜利股份,4.13,4.15,4.07,4.13,4.13,0.0,0.0,0.6556,4228356,17375078.77,2681328341.72,2663651553.5
2012-02-20,'000407,胜利股份,4.13,4.24,4.1,4.22,4.16,-0.03,-0.7212,1.139,7346076,30503271.62,2681328341.72,2663651553.5
2012-02-17,'000407,胜利股份,4.16,4.25,4.11,4.2,4.2,-0.04,-0.9524,0.8764,5652116,23539228.38,2700805303.04,2683000112.0
2012-02-16,'000407,胜利股份,4.2,4.27,4.13,4.14,4.14,0.06,1.4493,1.394,8990444,37764415.47,2726774584.8,2708798190.0
2012-02-15,'000407,胜利股份,4.14,4.15,4.04,4.08,4.08,0.06,1.4706,0.9621,6205158,25525736.26,2687820662.16,2670101073.0
2012-02-14,'000407,胜利股份,4.08,4.13,4.01,4.11,4.12,-0.04,-0.9709,0.6609,4262437,17421596.5,2648866739.52,2631403956.0
2012-02-13,'000407,胜利股份,4.12,4.16,4.08,4.1,4.14,-0.02,-0.4831,0.8847,5706151,23518633.53,2674836021.28,2657202034.0
2012-02-10,'000407,胜利股份,4.14,4.19,4.1,4.16,4.15,-0.01,-0.241,0.7545,4866466,20158606.54,2687820662.16,2670101073.0
2012-02-09,'000407,胜利股份,4.15,4.19,4.11,4.14,4.15,0.0,0.0,0.7646,4931346,20481825.98,2694312982.6,2676550592.5
2012-02-08,'000407,胜利股份,4.15,4.18,4.06,4.09,4.09,0.06,1.467,1.1242,7250581,29898632.76,2694312982.6,2676550592.5
2012-02-07,'000407,胜利股份,4.09,4.22,4.06,4.15,4.19,-0.1,-2.3866,0.8291,5347001,21984979.8,2655359059.96,2637853475.5
2012-02-06,'000407,胜利股份,4.19,4.4,3.98,3.98,4.0,0.19,4.75,1.4788,9537482,40371724.56,2720282264.36,2702348670.5
2012-02-03,'000407,胜利股份,4.0,4.02,3.86,3.88,3.9,0.1,2.5641,0.7797,5028389,19933854.39,2596928176.0,2579807800.0
2012-02-02,'000407,胜利股份,3.9,3.91,3.77,3.79,3.79,0.11,2.9024,0.5192,3348375,12940529.15,2532004971.6,2515312605.0
2012-02-01,'000407,胜利股份,3.79,3.83,3.78,3.82,3.81,-0.02,-0.5249,0.3105,2002323,7599493.14,2460589446.76,2444367890.5
2012-01-31,'000407,胜利股份,3.81,3.82,3.75,3.78,3.79,0.02,0.5277,0.2334,1505324,5707827.62,2473574087.64,2457266929.5
2012-01-30,'000407,胜利股份,3.79,3.85,3.78,3.85,3.79,0.0,0.0,0.2873,1852896,7054568.9,2460589446.76,2444367890.5
2012-01-20,'000407,胜利股份,3.79,3.82,3.73,3.8,3.76,0.03,0.7979,0.3744,2414551,9127974.6,2460589446.76,2444367890.5
2012-01-19,'000407,胜利股份,3.76,3.8,3.7,3.7,3.72,0.04,1.0753,0.4008,2585205,9720837.69,2441112485.44,2425019332.0
2012-01-18,'000407,胜利股份,3.72,3.87,3.71,3.8,3.8,-0.08,-2.1053,0.4343,2800916,10609565.25,2415143203.68,2399221254.0
2012-01-17,'000407,胜利股份,3.8,3.8,3.52,3.52,3.57,0.23,6.4426,0.5419,3494867,12968679.75,2467081767.2,2450817410.0
2012-01-16,'000407,胜利股份,3.57,3.69,3.56,3.63,3.63,-0.06,-1.6529,0.2746,1770840,6399005.14,2317758397.08,2302478461.5
2012-01-13,'000407,胜利股份,3.63,3.85,3.6,3.85,3.85,-0.22,-5.7143,0.6055,3905136,14485190.96,2356712319.72,2341175578.5
2012-01-12,'000407,胜利股份,3.85,3.91,3.81,3.86,3.87,-0.02,-0.5168,0.5046,3254623,12550852.32,2499543369.4,2483065007.5
2012-01-11,'000407,胜利股份,3.87,3.93,3.8,3.9,3.9,-0.03,-0.7692,0.6807,4389968,16869716.07,2512528010.28,2495964046.5
2012-01-10,'000407,胜利股份,3.9,3.91,3.7,3.75,3.72,0.18,4.8387,0.725,4675802,17845218.38,2532004971.6,2515312605.0
2012-01-09,'000407,胜利股份,3.72,3.72,3.47,3.51,3.57,0.15,4.2017,0.6687,4312950,15648979.42,2415143203.68,2399221254.0
2012-01-06,'000407,胜利股份,3.57,3.59,3.3,3.56,3.56,0.01,0.2809,0.8763,5651914,19146553.49,2317758397.08,2302478461.5
2012-01-05,'000407,胜利股份,3.56,3.71,3.56,3.69,3.73,-0.17,-4.5576,0.4049,2611343,9489634.63,2311266076.64,2296028942.0
2012-01-04,'000407,胜利股份,3.73,3.91,3.73,3.85,3.82,-0.09,-2.356,0.259,1670495,6365247.95,2421635524.12,2405670773.5
2011-12-30,'000407,胜利股份,3.82,3.83,3.73,3.79,3.76,0.06,1.5957,0.3663,2362311,8945088.87,2480066408.08,2463716449.0
2011-12-29,'000407,胜利股份,3.76,3.8,3.65,3.7,3.7,0.06,1.6216,0.3852,2484423,9287319.78,2441112485.44,2425019332.0
2011-12-28,'000407,胜利股份,3.7,3.83,3.57,3.83,3.86,-0.16,-4.1451,0.4696,3028805,11072697.48,2402158562.8,2386322215.0
2011-12-27,'000407,胜利股份,0.0,0.0,0.0,0.0,3.86,None,None,0.0,0,0.0,2506035689.84,2489514527.0
2011-12-26,'000407,胜利股份,3.86,3.92,3.85,3.88,3.87,-0.01,-0.2584,0.2252,1452576,5645228.74,2506035689.84,2489514527.0
2011-12-23,'000407,胜利股份,3.87,3.91,3.75,3.81,3.81,0.06,1.5748,0.323,2083164,8046527.13,2512528010.28,2495964046.5
2011-12-22,'000407,胜利股份,3.81,4.0,3.67,3.99,4.03,-0.22,-5.4591,0.4355,2808754,10715079.07,2473574087.64,2457266929.5
2011-12-21,'000407,胜利股份,4.03,4.14,4.0,4.08,4.04,-0.01,-0.2475,0.5073,3272115,13263260.77,2616405137.32,2599156358.5
2011-12-20,'000407,胜利股份,4.04,4.15,4.04,4.05,4.07,-0.03,-0.7371,0.3662,2361962,9653676.94,2622897457.76,2605605878.0
2011-12-19,'000407,胜利股份,4.07,4.2,3.98,4.2,4.2,-0.13,-3.0952,0.5537,3571378,14559933.67,2642374419.08,2624954436.5
2011-12-16,'000407,胜利股份,4.2,4.2,4.06,4.1,4.11,0.09,2.1898,0.3739,2411609,9976939.51,2726774584.8,2708798190.0
2011-12-15,'000407,胜利股份,4.11,4.35,4.09,4.35,4.32,-0.21,-4.8611,0.5487,3539137,14820455.12,2668343700.84,2650752514.5
2011-12-14,'000407,胜利股份,4.32,4.53,4.31,4.48,4.51,-0.19,-4.2129,0.2915,1879942,8327487.91,2804682430.08,2786192424.0
2011-12-13,'000407,胜利股份,4.51,4.79,4.4,4.75,4.78,-0.27,-5.6485,0.5357,3454887,15748862.86,2928036518.44,2908733294.5
2011-12-12,'000407,胜利股份,4.78,4.86,4.78,4.8,4.79,-0.01,-0.2088,0.2852,1839491,8868731.23,3103329170.32,3082870321.0
2011-12-09,'000407,胜利股份,4.79,4.84,4.74,4.75,4.77,0.02,0.4193,0.266,1715510,8237206.31,3109821490.76,3089319840.5
2011-12-08,'000407,胜利股份,4.77,4.87,4.73,4.81,4.83,-0.06,-1.2422,0.2609,1682686,8058533.19,3096836849.88,3076420801.5
2011-12-07,'000407,胜利股份,4.83,4.87,4.78,4.78,4.81,0.02,0.4158,0.1959,1263197,6093991.3,3135790772.52,3115117918.5
2011-12-06,'000407,胜利股份,4.81,4.91,4.79,4.9,4.81,0.0,0.0,0.3704,2389158,11541784.43,3122806131.64,3102218879.5
2011-12-05,'000407,胜利股份,4.81,4.94,4.78,4.94,4.94,-0.13,-2.6316,0.4057,2616724,12758801.28,3122806131.64,3102218879.5
2011-12-02,'000407,胜利股份,4.94,4.99,4.8,4.97,4.97,-0.03,-0.6036,0.5574,3594721,17567459.36,3207206297.36,3186062633.0
2011-12-01,'000407,胜利股份,4.97,5.07,4.97,5.07,4.87,0.1,2.0534,0.7158,4616256,23157440.66,3226683258.68,3205411191.5
2011-11-30,'000407,胜利股份,4.87,5.17,4.85,5.17,5.17,-0.3,-5.8027,0.8517,5493170,27333825.41,3161760054.28,3140915996.5
2011-11-29,'000407,胜利股份,5.17,5.17,5.09,5.11,5.08,0.09,1.7717,0.5109,3295094,16913000.66,3356529667.48,3334401581.5
2011-11-28,'000407,胜利股份,5.08,5.17,5.0,5.1,5.09,-0.01,-0.1965,0.5914,3814057,19283771.86,3298098783.52,3276355906.0
2011-11-25,'000407,胜利股份,5.09,5.16,5.05,5.08,5.08,0.01,0.1969,0.3058,1972004,10069157.24,3304591103.96,3282805425.5
2011-11-24,'000407,胜利股份,5.08,5.17,5.05,5.1,5.15,-0.07,-1.3592,0.4479,2888816,14739096.25,3298098783.52,3276355906.0
2011-11-23,'000407,胜利股份,5.15,5.3,5.14,5.27,5.25,-0.1,-1.9048,0.4974,3208233,16658042.32,3343545026.6,3321502542.5
2011-11-22,'000407,胜利股份,5.25,5.29,5.15,5.22,5.25,0.0,0.0,0.3438,2217435,11548267.97,3408468231.0,3385997737.5
2011-11-21,'000407,胜利股份,5.25,5.3,5.17,5.23,5.24,0.01,0.1908,0.375,2418737,12639680.05,3408468231.0,3385997737.5
2011-11-18,'000407,胜利股份,5.24,5.45,5.23,5.41,5.44,-0.2,-3.6765,0.6349,4095047,21809083.8,3401975910.56,3379548218.0
2011-11-17,'000407,胜利股份,5.44,5.6,5.39,5.49,5.45,-0.01,-0.1835,0.7189,4636268,25393350.77,3531822319.36,3508538608.0
2011-11-16,'000407,胜利股份,5.45,5.66,5.41,5.66,5.62,-0.17,-3.0249,0.8292,5347945,29634912.75,3538314639.8,3514988127.5
2011-11-15,'000407,胜利股份,5.62,5.7,5.52,5.52,5.55,0.07,1.2613,0.7801,5031161,28294389.37,3648684087.28,3624629959.0
2011-11-14,'000407,胜利股份,5.55,5.56,5.47,5.48,5.45,0.1,1.8349,0.8948,5770850,31883870.08,3603237844.2,3579483322.5
2011-11-11,'000407,胜利股份,5.45,5.53,5.33,5.47,5.46,-0.01,-0.1832,0.8493,5477291,29766696.81,3538314639.8,3514988127.5
2011-11-10,'000407,胜利股份,5.46,5.58,5.44,5.54,5.62,-0.16,-2.847,0.7721,4979856,27471810.3,3544806960.24,3521437647.0
2011-11-09,'000407,胜利股份,5.62,5.68,5.5,5.62,5.6,0.02,0.3571,1.1136,7181946,39995097.62,3648684087.28,3624629959.0
2011-11-08,'000407,胜利股份,5.6,5.8,5.58,5.73,5.73,-0.13,-2.2688,0.9724,6271331,35717011.25,3635699446.4,3611730920.0
2011-11-07,'000407,胜利股份,5.73,5.86,5.68,5.77,5.77,-0.04,-0.6932,0.8563,5522890,31851034.1,3720099612.12,3695574673.5
2011-11-04,'000407,胜利股份,5.77,5.81,5.65,5.65,5.61,0.16,2.852,1.4837,9569391,54936459.47,3746068893.88,3721372751.5
2011-11-03,'000407,胜利股份,5.61,5.81,5.61,5.69,5.69,-0.08,-1.406,1.2993,8380114,47932607.51,3642191766.84,3618180439.5
2011-11-02,'000407,胜利股份,5.69,5.71,5.43,5.54,5.62,0.07,1.2456,1.0764,6941975,38575001.67,3694130330.36,3669776595.5
2011-11-01,'000407,胜利股份,5.62,5.66,5.45,5.45,5.51,0.11,1.9964,0.7559,4875374,27237977.45,3648684087.28,3624629959.0
2011-10-31,'000407,胜利股份,5.51,5.59,5.43,5.54,5.55,-0.04,-0.7207,0.5611,3618576,19900842.35,3577268562.44,3553685244.5
2011-10-28,'000407,胜利股份,5.55,5.57,5.38,5.39,5.33,0.22,4.1276,1.0427,6724667,36767033.75,3603237844.2,3579483322.5
2011-10-27,'000407,胜利股份,5.33,5.41,5.3,5.3,5.31,0.02,0.3766,0.8339,5378249,28823974.07,3460406794.52,3437593893.5
2011-10-26,'000407,胜利股份,5.31,5.39,5.26,5.32,5.36,-0.05,-0.9328,0.9883,6374094,33953189.17,3447422153.64,3424694854.5
2011-10-25,'000407,胜利股份,5.36,5.38,5.16,5.16,5.16,0.2,3.876,0.7256,4679558,24741441.11,3479883755.84,3456942452.0
2011-10-24,'000407,胜利股份,5.16,5.2,4.94,5.1,5.06,0.1,1.9763,0.541,3489126,17747719.69,3350037347.04,3327952062.0
2011-10-21,'000407,胜利股份,5.06,5.16,5.05,5.1,5.1,-0.04,-0.7843,0.369,2380054,12121753.4,3285114142.64,3263456867.0
2011-10-20,'000407,胜利股份,5.1,5.43,5.05,5.42,5.45,-0.35,-6.422,0.7861,5070068,26239712.88,3311083424.4,3289254945.0
2011-10-19,'000407,胜利股份,5.45,5.52,5.33,5.45,5.46,-0.01,-0.1832,0.6468,4171314,22588389.43,3538314639.8,3514988127.5
2011-10-18,'000407,胜利股份,5.46,5.63,5.42,5.56,5.6,-0.14,-2.5,0.8352,5386597,29695894.46,3544806960.24,3521437647.0
2011-10-17,'000407,胜利股份,5.6,5.72,5.57,5.66,5.65,-0.05,-0.885,0.6522,4206241,23705880.69,3635699446.4,3611730920.0
2011-10-14,'000407,胜利股份,5.65,5.75,5.58,5.72,5.76,-0.11,-1.9097,0.7945,5124081,28903329.35,3668161048.6,3643978517.5
2011-10-13,'000407,胜利股份,5.76,5.84,5.65,5.71,5.69,0.07,1.2302,0.8619,5559140,32127841.93,3739576573.44,3714923232.0
2011-10-12,'000407,胜利股份,5.69,5.73,5.43,5.48,5.49,0.2,3.643,0.9304,6000892,33798750.6,3694130330.36,3669776595.5
2011-10-11,'000407,胜利股份,5.49,5.63,5.35,5.58,5.48,0.01,0.1825,0.9053,5838994,32056766.08,3564283921.56,3540786205.5
2011-10-10,'000407,胜利股份,5.48,5.56,5.32,5.55,5.52,-0.04,-0.7246,0.7402,4773827,25895713.05,3557791601.12,3534336686.0
2011-09-30,'000407,胜利股份,5.52,5.57,5.38,5.5,5.54,-0.02,-0.361,0.6229,4017287,22036369.74,3583760882.88,3560134764.0
2011-09-29,'000407,胜利股份,5.54,5.62,5.31,5.6,5.64,-0.1,-1.773,1.0721,6914836,37900989.07,3596745523.76,3573033803.0
2011-09-28,'000407,胜利股份,5.64,5.74,5.45,5.69,5.65,-0.01,-0.177,0.5955,3840628,21598930.26,3661668728.16,3637528998.0
2011-09-27,'000407,胜利股份,5.65,5.76,5.56,5.71,5.65,0.0,0.0,0.6714,4330208,24483104.39,3668161048.6,3643978517.5
2011-09-26,'000407,胜利股份,5.65,5.87,5.63,5.79,5.75,-0.1,-1.7391,0.8923,5754965,33010164.12,3668161048.6,3643978517.5
2011-09-23,'000407,胜利股份,5.75,5.9,5.71,5.77,5.87,-0.12,-2.0443,1.0421,6720900,38943740.74,3733084253.0,3708473712.5
2011-09-22,'000407,胜利股份,5.87,6.14,5.85,6.13,6.16,-0.29,-4.7078,1.1547,7447249,44747781.37,3810992098.28,3785867946.5
2011-09-21,'000407,胜利股份,6.16,6.19,5.9,5.98,5.95,0.21,3.5294,1.6493,10637475,64745246.95,3999269391.04,3972904012.0
2011-09-20,'000407,胜利股份,5.95,6.08,5.92,6.04,6.05,-0.1,-1.6529,0.9086,5860255,35089295.04,3862930661.8,3837464102.5
2011-09-19,'000407,胜利股份,6.05,6.16,6.01,6.13,6.16,-0.11,-1.7857,0.8939,5765420,34967821.78,3927853866.2,3901959297.5
2011-09-16,'000407,胜利股份,6.16,6.3,6.13,6.24,6.24,-0.08,-1.2821,1.0519,6784368,41995635.34,3999269391.04,3972904012.0
2011-09-15,'000407,胜利股份,6.24,6.28,6.1,6.13,6.11,0.13,2.1277,1.6988,10956127,68152477.8,4051207954.56,4024500168.0
2011-09-14,'000407,胜利股份,6.11,6.13,5.96,6.1,6.05,0.06,0.9917,0.8794,5671545,34325289.45,3966807788.84,3940656414.5
2011-09-13,'000407,胜利股份,6.05,6.06,5.84,5.85,5.99,0.06,1.0017,0.8611,5553511,32982198.54,3927853866.2,3901959297.5
2011-09-09,'000407,胜利股份,5.99,6.16,5.95,6.0,6.04,-0.05,-0.8278,1.0804,6968182,42044979.19,3888899943.56,3863262180.5
2011-09-08,'000407,胜利股份,6.04,6.37,6.03,6.22,6.22,-0.18,-2.8939,2.085,13447459,83440569.6,3921361545.76,3895509778.0
2011-09-07,'000407,胜利股份,6.22,6.24,5.99,5.99,5.95,0.27,4.5378,2.0696,13347778,81606485.44,4038223313.68,4011601129.0
2011-09-06,'000407,胜利股份,5.95,6.02,5.85,5.96,6.0,-0.05,-0.8333,1.4526,9368364,55543281.86,3862930661.8,3837464102.5
2011-09-05,'000407,胜利股份,6.0,6.1,5.96,6.1,6.17,-0.17,-2.7553,1.5622,10075620,60554049.17,3895392264.0,3869711700.0
2011-09-02,'000407,胜利股份,6.17,6.24,6.07,6.13,6.13,0.04,0.6525,1.8901,12190530,75002272.71,4005761711.48,3979353531.5
2011-09-01,'000407,胜利股份,6.13,6.43,6.1,6.39,6.35,-0.22,-3.4646,2.6432,17047501,106301705.33,3979792429.72,3953555453.5
2011-08-31,'000407,胜利股份,6.35,6.5,6.18,6.31,6.37,-0.02,-0.314,2.5445,16411022,103974947.69,4122623479.4,4095444882.5
2011-08-30,'000407,胜利股份,6.37,6.52,6.28,6.44,6.43,-0.06,-0.9331,4.5857,29575623,189024708.14,4135608120.28,4108343921.5
2011-08-29,'000407,胜利股份,6.43,6.58,6.05,6.12,6.12,0.31,5.0654,5.1703,33345807,212026887.61,4174562042.92,4147041038.5
2011-08-26,'000407,胜利股份,6.12,6.19,5.83,5.88,5.9,0.22,3.7288,3.1799,20508522,124755236.64,3973300109.28,3947105934.0
2011-08-25,'000407,胜利股份,5.9,5.93,5.72,5.78,5.77,0.13,2.253,2.4387,15728561,91894948.11,3830469059.6,3805216505.0
2011-08-24,'000407,胜利股份,5.77,5.96,5.68,5.7,5.7,0.07,1.2281,3.3383,21530567,125912014.5,3746068893.88,3721372751.5
2011-08-23,'000407,胜利股份,5.7,5.74,5.51,5.58,5.55,0.15,2.7027,1.6163,10424127,58768252.48,3700622650.8,3676226115.0
2011-08-22,'000407,胜利股份,5.55,5.76,5.49,5.74,5.78,-0.23,-3.9792,2.4622,15880304,89396199.7,3603237844.2,3579483322.5
2011-08-19,'000407,胜利股份,5.78,5.8,5.4,5.43,5.59,0.19,3.3989,3.0303,19541882,110990626.85,3752561214.32,3727388256.58
2011-08-18,'000407,胜利股份,5.59,5.73,5.42,5.47,5.47,0.12,2.1938,2.8347,18280094,102608383.74,3629207125.96,3604861652.99
2011-08-17,'000407,胜利股份,5.47,5.56,5.4,5.43,5.48,-0.01,-0.1825,0.9373,6044416,33077961.16,3551299280.68,3527476429.67
2011-08-16,'000407,胜利股份,5.48,5.54,5.32,5.35,5.33,0.15,2.8143,1.6077,10367516,56573730.71,3557791601.12,3533925198.28
2011-08-15,'000407,胜利股份,5.33,5.35,5.24,5.28,5.26,0.07,1.3308,0.5093,3284308,17442340.34,3460406794.52,3437193669.13
2011-08-12,'000407,胜利股份,5.26,5.33,5.21,5.24,5.21,0.05,0.9597,0.6207,4002576,21100311.92,3414960551.44,3392052288.86
2011-08-11,'000407,胜利股份,5.21,5.21,4.92,4.95,5.12,0.09,1.7578,0.6685,4311258,22134669.42,3382498949.24,3359808445.81
2011-08-10,'000407,胜利股份,5.12,5.16,5.03,5.08,5.02,0.1,1.992,0.659,4249767,21765233.63,3324068065.28,3301769528.32
2011-08-09,'000407,胜利股份,5.02,5.03,4.77,4.9,5.02,0.0,0.0,0.6714,4329751,21307638.17,3259144860.88,3237281842.22
2011-08-08,'000407,胜利股份,5.02,5.23,4.77,5.23,5.28,-0.26,-4.9242,1.0706,6904147,34551429.53,3259144860.88,3237281842.22
2011-08-05,'000407,胜利股份,5.28,5.29,5.11,5.2,5.32,-0.04,-0.7519,0.8196,5285479,27590620.63,3427945192.32,3404949826.08
2011-08-04,'000407,胜利股份,5.32,5.34,5.27,5.28,5.28,0.04,0.7576,0.5088,3280932,17399333.88,3453914474.08,3430744900.52
2011-08-03,'000407,胜利股份,5.28,5.32,5.2,5.25,5.3,-0.02,-0.3774,0.328,2115025,11150556.98,3427945192.32,3404949826.08
2011-08-02,'000407,胜利股份,5.3,5.42,5.2,5.4,5.4,-0.1,-1.8519,0.6022,3883680,20472709.39,3440929833.2,3417847363.3
2011-08-01,'000407,胜利股份,5.4,5.44,5.37,5.41,5.42,-0.02,-0.369,0.3631,2341595,12645174.66,3505853037.6,3482335049.4
2011-07-29,'000407,胜利股份,5.42,5.52,5.37,5.5,5.52,-0.1,-1.8116,0.4521,2915282,15874034.23,3518837678.48,3495232586.62
2011-07-28,'000407,胜利股份,5.52,5.54,5.32,5.45,5.51,0.01,0.1815,0.9639,6215888,33703846.17,3583760882.88,3559720272.72
2011-07-27,'000407,胜利股份,5.51,5.53,5.39,5.45,5.46,0.05,0.9158,0.6917,4460524,24448427.08,3577268562.44,3553271504.11
2011-07-26,'000407,胜利股份,5.46,5.46,5.33,5.38,5.46,0.0,0.0,0.4105,2647214,14282701.87,3544806960.24,3521027661.06
2011-07-25,'000407,胜利股份,5.46,5.66,5.31,5.64,5.66,-0.2,-3.5336,1.0258,6614909,36178203.74,3544806960.24,3521027661.06
2011-07-22,'000407,胜利股份,5.66,5.71,5.61,5.67,5.67,-0.01,-0.1764,0.5792,3735112,21095245.76,3674653369.04,3650003033.26
2011-07-21,'000407,胜利股份,5.67,5.74,5.66,5.7,5.73,-0.06,-1.0471,0.8122,5237409,29780797.63,3681145689.48,3656451801.87
2011-07-20,'000407,胜利股份,5.73,5.75,5.62,5.66,5.63,0.1,1.7762,1.2653,8159537,46401344.81,3720099612.12,3695144413.53
2011-07-19,'000407,胜利股份,5.63,5.74,5.59,5.67,5.69,-0.06,-1.0545,0.91,5868240,33157616.89,3655176407.72,3630656727.43
2011-07-18,'000407,胜利股份,5.69,5.78,5.66,5.77,5.76,-0.07,-1.2153,1.3498,8704717,49829727.2,3694130330.36,3669349339.09
2011-07-15,'000407,胜利股份,5.76,5.79,5.58,5.63,5.63,0.13,2.3091,1.9174,12365141,70842296.33,3739576573.44,3714490719.36
2011-07-14,'000407,胜利股份,5.63,5.63,5.53,5.63,5.62,0.01,0.1779,1.0884,7018523,39170486.53,3655176407.72,3630656727.43
2011-07-13,'000407,胜利股份,5.62,5.63,5.51,5.51,5.53,0.09,1.6275,0.6135,3956313,22125793.11,3648684087.28,3624207958.82
2011-07-12,'000407,胜利股份,5.53,5.68,5.52,5.67,5.72,-0.19,-3.3217,0.9662,6230628,34762969.21,3590253203.32,3566169041.33
2011-07-11,'000407,胜利股份,5.72,5.75,5.65,5.66,5.7,0.02,0.3509,0.9898,6383054,36460523.64,3713607291.68,3688695644.92
2011-07-08,'000407,胜利股份,5.7,5.71,5.6,5.69,5.69,0.01,0.1757,1.0598,6834384,38595386.1,3700622650.8,3675798107.7
2011-07-07,'000407,胜利股份,5.69,5.73,5.63,5.65,5.65,0.04,0.708,1.1073,7141027,40603828.92,3694130330.36,3669349339.09
2011-07-06,'000407,胜利股份,5.65,5.68,5.58,5.67,5.69,-0.04,-0.703,0.7661,4940154,27771128.0,3668161048.6,3643554264.65
2011-07-05,'000407,胜利股份,5.69,5.73,5.63,5.66,5.65,0.04,0.708,1.6903,10900203,61887863.37,3694130330.36,3669349339.09
2011-07-04,'000407,胜利股份,5.65,5.68,5.44,5.47,5.44,0.21,3.8603,1.7793,11474019,64170918.33,3668161048.6,3643554264.65
2011-07-01,'000407,胜利股份,5.44,5.54,5.4,5.43,5.43,0.01,0.1842,1.0948,7059961,38710971.85,3531822319.36,3508130123.84
2011-06-30,'000407,胜利股份,5.43,5.43,5.32,5.33,5.33,0.1,1.8762,0.6783,4374042,23600985.6,3525329998.92,3501681355.23
2011-06-29,'000407,胜利股份,5.33,5.44,5.33,5.43,5.45,-0.12,-2.2018,0.6251,4031033,21746850.49,3460406794.52,3437193669.13
2011-06-28,'000407,胜利股份,5.45,5.46,5.37,5.43,5.43,0.02,0.3683,0.7014,4523095,24494867.73,3538314639.8,3514578892.45
2011-06-27,'000407,胜利股份,5.43,5.45,5.38,5.4,5.4,0.03,0.5556,0.9196,5930521,32107382.1,3525329998.92,3501681355.23
2011-06-24,'000407,胜利股份,5.4,5.43,5.21,5.25,5.25,0.15,2.8571,1.0795,6961634,37168539.36,3505853037.6,3482335049.4
2011-06-23,'000407,胜利股份,5.25,5.27,5.1,5.16,5.15,0.1,1.9417,0.6545,4220622,21925976.63,3408468231.0,3385603520.25
2011-06-22,'000407,胜利股份,5.15,5.27,5.12,5.26,5.26,-0.11,-2.0913,0.5578,3597288,18600923.95,3343545026.6,3321115834.15
2011-06-21,'000407,胜利股份,5.26,5.29,5.21,5.28,5.25,0.01,0.1905,0.7498,4835003,25370026.28,3414960551.44,3392052288.86
2011-06-20,'000407,胜利股份,5.25,5.48,5.18,5.41,5.42,-0.17,-3.1365,1.1835,7632144,40470666.7,3408468231.0,3385603520.25
2011-06-17,'000407,胜利股份,5.42,5.48,5.35,5.47,5.46,-0.04,-0.7326,0.7186,4634279,25120011.96,3518837678.48,3495232586.62
2011-06-16,'000407,胜利股份,5.46,5.49,5.34,5.45,5.49,-0.03,-0.5464,0.6591,4250565,22989850.22,3544806960.24,3521027661.06
2011-06-15,'000407,胜利股份,5.49,5.53,5.38,5.44,5.44,0.05,0.9191,0.9906,6388154,34915427.12,3564283921.56,3540373966.89
2011-06-14,'000407,胜利股份,5.44,5.48,5.33,5.35,5.38,0.06,1.1152,0.6494,4187768,22767077.15,3531822319.36,3508130123.84
2011-06-13,'000407,胜利股份,5.38,5.41,5.25,5.34,5.4,-0.02,-0.3704,0.4635,2988876,15907788.32,3492868396.72,3469437512.18
2011-06-10,'000407,胜利股份,5.4,5.41,5.3,5.35,5.34,0.06,1.1236,0.7004,4516397,24184726.53,3505853037.6,3482335049.4
2011-06-09,'000407,胜利股份,5.34,5.53,5.3,5.53,5.53,-0.19,-3.4358,0.7395,4768675,25843081.55,3466899114.96,3443642437.74
2011-06-08,'000407,胜利股份,5.53,5.57,5.43,5.57,5.57,-0.04,-0.7181,1.131,7293396,40056612.72,3590253203.32,3566169041.33
2011-06-07,'000407,胜利股份,5.57,5.58,5.26,5.29,5.34,0.23,4.3071,1.1973,7721256,41840431.95,3616222485.08,3591964115.77
2011-06-03,'000407,胜利股份,5.34,5.35,5.21,5.23,5.23,0.11,2.1033,0.5798,3739176,19840374.9,3466899114.96,3443642437.74
2011-06-02,'000407,胜利股份,5.23,5.34,5.1,5.31,5.38,-0.15,-2.7881,0.6918,4461430,23390193.04,3395483590.12,3372705983.03
2011-06-01,'000407,胜利股份,5.38,5.41,5.31,5.35,5.34,0.04,0.7491,0.5324,3433564,18435172.41,3492868396.72,3469437512.18
2011-05-31,'000407,胜利股份,5.34,5.36,5.2,5.24,5.2,0.14,2.6923,0.778,5017322,26567088.71,3466899114.96,3443642437.74
2011-05-30,'000407,胜利股份,5.2,5.57,5.2,5.57,5.59,-0.39,-6.9767,1.0051,6481848,35080399.65,3376006628.8,3353359677.2
2011-05-27,'000407,胜利股份,5.59,5.73,5.55,5.66,5.67,-0.08,-1.4109,0.9513,6134958,34560697.58,3629207125.96,3604861652.99
2011-05-26,'000407,胜利股份,5.67,5.76,5.6,5.67,5.6,0.07,1.25,1.1571,7461553,42457075.66,3681145689.48,3656451801.87
2011-05-25,'000407,胜利股份,5.6,5.77,5.59,5.67,5.68,-0.08,-1.4085,0.7516,4847193,27569287.78,3635699446.4,3611310421.6
2011-05-24,'000407,胜利股份,5.68,5.7,5.53,5.66,5.67,0.01,0.1764,1.0005,6451875,36291265.04,3687638009.92,3662900570.48
2011-05-23,'000407,胜利股份,5.67,6.03,5.66,6.01,6.0,-0.33,-5.5,1.3643,8798135,50984892.25,3681145689.48,3656451801.87
2011-05-20,'000407,胜利股份,6.0,6.1,5.98,6.07,6.07,-0.07,-1.1532,1.1227,7239735,43592165.82,3895392264.0,3869261166.0
2011-05-19,'000407,胜利股份,6.07,6.24,6.06,6.15,6.2,-0.13,-2.0968,1.4698,9478657,58108032.88,3940838507.08,3914402546.27
2011-05-18,'000407,胜利股份,6.2,6.29,5.93,5.99,5.99,0.21,3.5058,2.4953,16091761,98491538.43,4025238672.8,3998236538.2
2011-05-17,'000407,胜利股份,5.99,6.04,5.9,5.97,5.96,0.03,0.5034,1.1653,7514576,44907210.72,3888899943.56,3862812397.39
2011-05-16,'000407,胜利股份,5.96,6.05,5.93,5.99,5.93,0.03,0.5059,1.0045,6477563,38790347.06,3869422982.24,3843466091.56
2011-05-13,'000407,胜利股份,0.0,0.0,0.0,0.0,5.93,None,None,0.0,0,0.0,3849946020.92,3824119785.73
2011-05-12,'000407,胜利股份,5.93,6.05,5.93,6.05,6.08,-0.15,-2.4671,1.5757,10161523,60851188.68,3849946020.92,3824119785.73
2011-05-11,'000407,胜利股份,6.08,6.14,6.02,6.06,6.07,0.01,0.1647,1.2035,7761389,47304242.41,3947330827.52,3920851314.88
2011-05-10,'000407,胜利股份,6.07,6.1,5.94,6.03,5.99,0.08,1.3356,1.0593,6830959,41193501.59,3940838507.08,3914402546.27
2011-05-09,'000407,胜利股份,5.99,6.18,5.97,6.14,6.12,-0.13,-2.1242,1.5495,9992391,60563531.62,3888899943.56,3862812397.39
2011-05-06,'000407,胜利股份,6.12,6.26,6.08,6.2,6.28,-0.16,-2.5478,1.3364,8617968,52890855.25,3973300109.28,3946646389.32
2011-05-05,'000407,胜利股份,8.23,8.35,8.16,8.18,8.23,0.0,0.0,1.195,5928002,48991364.67,4110138250.95,4082622735.58
2011-05-04,'000407,胜利股份,8.23,8.38,8.15,8.31,8.39,-0.16,-1.907,1.2824,6361659,52452339.71,4110138250.95,4082622735.58
2011-05-03,'000407,胜利股份,8.39,8.39,8.13,8.26,8.26,0.13,1.5738,1.1318,5614628,46495692.17,4190043733.35,4161993286.94
2011-04-29,'000407,胜利股份,8.26,8.28,8.05,8.07,8.08,0.18,2.2277,1.0879,5396564,44086421.52,4125120528.9,4097504713.96
2011-04-28,'000407,胜利股份,8.08,8.35,8.08,8.25,8.17,-0.09,-1.1016,1.5918,7896323,64971184.19,4035226861.2,4008212843.68
2011-04-27,'000407,胜利股份,8.17,8.51,8.06,8.49,8.44,-0.27,-3.1991,2.6986,13386626,110498645.43,4080173695.05,4052858778.82
2011-04-26,'000407,胜利股份,8.44,8.53,8.33,8.39,8.48,-0.04,-0.4717,1.742,8641237,72735784.66,4215014196.6,4186796584.24
2011-04-25,'000407,胜利股份,8.48,9.1,8.47,9.1,9.09,-0.61,-6.7107,4.6284,22959690,198984435.44,4234990567.2,4206639222.08
2011-04-22,'000407,胜利股份,9.09,9.38,9.07,9.35,9.33,-0.24,-2.5723,4.1879,20774813,190491348.84,4539630218.85,4509239449.14
2011-04-21,'000407,胜利股份,9.33,9.4,9.12,9.18,9.18,0.15,1.634,3.718,18443521,171159474.25,4659488442.45,4628295276.18
2011-04-20,'000407,胜利股份,9.18,9.37,9.12,9.26,9.27,-0.09,-0.9709,4.4937,22291479,205800364.38,4584577052.7,4553885384.28
2011-04-19,'000407,胜利股份,9.27,9.36,9.02,9.09,9.06,0.21,2.3179,7.6178,37789245,347350057.76,4629523886.55,4598531319.42
2011-04-18,'000407,胜利股份,9.06,9.17,8.92,8.94,9.01,0.05,0.5549,4.3003,21332139,193566091.22,4524647940.9,4494357470.76
2011-04-15,'000407,胜利股份,9.01,9.08,8.7,8.8,8.83,0.18,2.0385,3.574,17729457,157108644.36,4499677477.65,4469554173.46
2011-04-14,'000407,胜利股份,8.83,9.01,8.79,9.01,9.01,-0.18,-1.9978,2.1741,10785030,95785776.79,4409783809.95,4380262303.18
2011-04-13,'000407,胜利股份,9.01,9.01,8.78,8.9,8.96,0.05,0.558,2.2582,11201968,99468722.26,4499677477.65,4469554173.46
2011-04-12,'000407,胜利股份,8.96,9.06,8.84,9.03,9.01,-0.05,-0.5549,2.6084,12939602,115874695.33,4474707014.4,4444750876.16
2011-04-11,'000407,胜利股份,0.0,0.0,0.0,0.0,9.01,None,None,0.0,0,0.0,4499677477.65,4469554173.46
2011-04-08,'000407,胜利股份,9.01,9.09,8.9,8.9,8.95,0.06,0.6704,2.9854,14809711,133537528.43,4499677477.65,4469554173.46
2011-04-07,'000407,胜利股份,8.95,9.05,8.85,8.94,8.94,0.01,0.1119,3.1402,15577612,139523779.36,4469712921.75,4439790216.7
2011-04-06,'000407,胜利股份,8.94,8.95,8.65,8.69,8.73,0.21,2.4055,3.0109,14936057,131987456.24,4464718829.1,4434829557.24
2011-04-01,'000407,胜利股份,8.73,8.75,8.53,8.6,8.64,0.09,1.0417,2.1475,10653163,92081528.7,4359842883.45,4330655708.58
2011-03-31,'000407,胜利股份,8.64,8.88,8.51,8.82,8.82,-0.18,-2.0408,3.5808,17762887,153793906.47,4314896049.6,4286009773.44
2011-03-30,'000407,胜利股份,8.82,9.08,8.82,8.9,8.96,-0.14,-1.5625,3.402,16876373,150528868.2,4404789717.3,4375301643.72
2011-03-29,'000407,胜利股份,8.96,9.05,8.68,8.7,8.71,0.25,2.8703,5.7862,28703152,256504367.64,4474707014.4,4444750876.16
2011-03-28,'000407,胜利股份,8.71,8.93,8.69,8.83,8.85,-0.14,-1.5819,4.5269,22456647,197480062.52,4349854698.15,4320734389.66
2011-03-25,'000407,胜利股份,8.85,8.99,8.81,8.89,8.84,0.01,0.1131,4.5463,22552761,200383002.43,4419771995.25,4390183622.1
2011-03-24,'000407,胜利股份,8.84,8.94,8.74,8.77,8.73,0.11,1.26,4.7921,23771969,210476226.34,4414777902.6,4385222962.64
2011-03-23,'000407,胜利股份,8.73,8.79,8.5,8.57,8.57,0.16,1.867,4.1989,20829365,181002206.1,4359842883.45,4330655708.58
2011-03-22,'000407,胜利股份,8.57,8.66,8.43,8.63,8.62,-0.05,-0.58,3.0752,15254869,130293993.09,4279937401.05,4251285157.22
2011-03-21,'000407,胜利股份,8.62,8.95,8.53,8.77,8.53,0.09,1.0551,6.9547,34500117,299848164.62,4304907864.3,4276088454.52
2011-03-18,'000407,胜利股份,8.53,8.57,8.37,8.42,8.38,0.15,1.79,2.8865,14318834,121688221.91,4259961030.45,4231384327.72
2011-03-17,'000407,胜利股份,8.38,8.6,8.35,8.4,8.52,-0.14,-1.6432,2.834,14058145,119270047.49,4185049640.7,4156975459.12
2011-03-16,'000407,胜利股份,8.52,8.57,8.3,8.37,8.4,0.12,1.4286,4.175,20710311,175048988.64,4254966937.8,4226423736.48
2011-03-15,'000407,胜利股份,8.4,8.44,8.16,8.27,8.28,0.12,1.4493,3.3566,16650608,138444842.51,4195037826.0,4166896641.6
2011-03-14,'000407,胜利股份,8.28,8.31,8.1,8.16,8.15,0.13,1.5951,1.3977,6933540,56872488.75,4135108714.2,4107369546.72
2011-03-11,'000407,胜利股份,8.15,8.27,8.13,8.19,8.19,-0.04,-0.4884,1.1651,5779632,47480718.93,4070185509.75,4042881860.6
2011-03-10,'000407,胜利股份,8.19,8.32,8.18,8.32,8.32,-0.13,-1.5625,1.4385,7135626,58686160.05,4090161880.35,4062724225.56
2011-03-09,'000407,胜利股份,8.32,8.38,8.2,8.36,8.35,-0.03,-0.3593,1.5923,7898792,65452285.35,4155085084.8,4127211911.68
2011-03-08,'000407,胜利股份,8.35,8.37,8.24,8.28,8.3,0.05,0.6024,1.5015,7448368,61948278.43,4170067362.75,4142093685.4
2011-03-07,'000407,胜利股份,8.3,8.34,8.25,8.25,8.25,0.05,0.6061,1.546,7669130,63535872.45,4145096899.5,4117290729.2
2011-03-04,'000407,胜利股份,8.25,8.25,8.1,8.15,8.13,0.12,1.476,1.0025,4972986,40705994.35,4120126436.25,4092487773.0
2011-03-03,'000407,胜利股份,8.13,8.33,8.11,8.31,8.31,-0.18,-2.1661,1.5545,7711325,63282449.44,4060197324.45,4032960678.12
2011-03-02,'000407,胜利股份,8.31,8.41,8.19,8.39,8.45,-0.14,-1.6568,1.988,9861629,81574002.32,4150090992.15,4122251320.44
2011-03-01,'000407,胜利股份,8.45,8.5,8.26,8.32,8.3,0.15,1.8072,3.0033,14897924,124882074.96,4220008289.25,4191699597.8
2011-02-28,'000407,胜利股份,8.3,8.38,8.16,8.28,8.26,0.04,0.4843,2.2307,11065540,91928185.56,4145096899.5,4117290729.2
2011-02-25,'000407,胜利股份,8.26,8.32,8.09,8.27,8.32,-0.06,-0.7212,2.0814,10325020,84687607.82,4125120528.9,4097448364.24
2011-02-24,'000407,胜利股份,8.32,8.35,7.9,7.94,7.94,0.38,4.7859,4.4757,22202094,182755894.81,4155085084.8,4127211911.68
2011-02-23,'000407,胜利股份,7.94,7.98,7.85,7.9,7.93,0.01,0.1261,1.4126,7007157,55486751.18,3965309564.1,3938709444.56
2011-02-22,'000407,胜利股份,7.93,8.17,7.93,8.05,8.05,-0.12,-1.4907,1.791,8884514,71317354.61,3960315471.45,3933748853.32
2011-02-21,'000407,胜利股份,8.05,8.1,7.86,7.88,7.95,0.1,1.2579,1.4308,7097701,56866081.36,4020244583.25,3993275948.2
2011-02-18,'000407,胜利股份,7.95,8.12,7.84,8.07,8.07,-0.12,-1.487,1.8942,9396323,74769368.16,3970303656.75,3943670035.8
2011-02-17,'000407,胜利股份,8.07,8.2,8.01,8.14,8.15,-0.08,-0.9816,1.4608,7246598,58634337.69,4030232768.55,4003197130.68
2011-02-16,'000407,胜利股份,8.15,8.18,8.0,8.05,8.08,0.07,0.8663,1.5935,7904476,64148759.02,4070185509.75,4042881860.6
2011-02-15,'000407,胜利股份,8.08,8.22,7.99,8.08,8.08,0.0,0.0,2.2343,11083559,89810691.48,4035226861.2,4008157721.92
2011-02-14,'000407,胜利股份,8.08,8.14,7.97,8.0,7.96,0.12,1.5075,1.9982,9912456,79574731.39,4035226861.2,4008157721.92
2011-02-11,'000407,胜利股份,7.96,8.06,7.88,7.95,7.99,-0.03,-0.3755,1.1148,5530205,43972827.42,3975297749.4,3948630627.04
2011-02-10,'000407,胜利股份,7.99,8.02,7.8,7.87,7.9,0.09,1.1392,1.2276,6089812,48338049.87,3990280027.35,3963512400.76
2011-02-09,'000407,胜利股份,7.9,8.15,7.81,7.9,7.96,-0.06,-0.7538,1.0574,5245298,41698992.68,3945333193.5,3918867079.6
2011-02-01,'000407,胜利股份,7.96,8.0,7.87,7.95,7.97,-0.01,-0.1255,0.504,2499994,19820888.56,3975297749.4,3948630627.04
2011-01-31,'000407,胜利股份,7.97,7.99,7.66,7.79,7.79,0.18,2.3107,1.0197,5058168,39750443.74,3980291842.05,3953591218.28
2011-01-28,'000407,胜利股份,7.79,7.8,7.65,7.72,7.72,0.07,0.9067,0.8562,4247471,32837139.01,3890398174.35,3864300575.96
2011-01-27,'000407,胜利股份,7.72,7.81,7.3,7.46,7.56,0.16,2.1164,0.9792,4857527,37224012.08,3855439525.8,3829576437.28
2011-01-26,'000407,胜利股份,7.56,7.56,7.41,7.42,7.49,0.07,0.9346,0.7621,3780310,28376153.85,3775534043.4,3750206977.44
2011-01-25,'000407,胜利股份,7.49,7.59,7.16,7.37,7.47,0.02,0.2677,0.7513,3726669,27276911.01,3740575394.85,3715482838.76
2011-01-24,'000407,胜利股份,7.47,7.9,7.39,7.5,7.64,-0.17,-2.2251,1.2548,6224342,47378967.57,3730587209.55,3705561656.28
2011-01-21,'000407,胜利股份,7.64,7.66,7.1,7.36,7.36,0.28,3.8043,2.3194,11505779,84767109.76,3815486784.6,3789891707.36
2011-01-20,'000407,胜利股份,7.36,7.78,7.36,7.73,7.76,-0.4,-5.1546,0.8435,4184333,31526293.27,3675652190.4,3650995152.64
2011-01-19,'000407,胜利股份,7.76,7.78,7.53,7.6,7.59,0.17,2.2398,0.7237,3590192,27620054.01,3875415896.4,3849418802.24
2011-01-18,'000407,胜利股份,7.59,7.65,7.51,7.56,7.6,-0.01,-0.1316,0.5442,2699661,20490256.17,3790516321.35,3765088751.16
2011-01-17,'000407,胜利股份,7.6,7.82,7.48,7.82,7.84,-0.24,-3.0612,1.6555,8212288,62376492.0,3795510414.0,3770049342.4
2011-01-14,'000407,胜利股份,7.84,8.11,7.8,8.11,8.08,-0.24,-2.9703,1.0533,5225120,41310403.4,3915368637.6,3889103532.16
2011-01-13,'000407,胜利股份,8.08,8.15,8.02,8.06,8.05,0.03,0.3727,0.9632,4778175,38651553.88,4035226861.2,4008157721.92
2011-01-12,'000407,胜利股份,8.05,8.16,7.95,8.1,8.04,0.01,0.1244,1.1367,5638804,45360754.73,4020244583.25,3993275948.2
2011-01-11,'000407,胜利股份,8.04,8.12,7.95,8.0,8.02,0.02,0.2494,1.1014,5463708,43905116.93,4015250490.6,3988315356.96
2011-01-10,'000407,胜利股份,8.02,8.24,8.01,8.16,8.16,-0.14,-1.7157,1.4264,7075586,57715772.92,4005262305.3,3978394174.48
2011-01-07,'000407,胜利股份,8.16,8.18,8.08,8.11,8.11,0.05,0.6165,1.3414,6654305,54126882.47,4075179602.4,4047842451.84
2011-01-06,'000407,胜利股份,8.11,8.34,8.07,8.3,8.27,-0.16,-1.9347,1.5741,7808267,63690683.57,4050209139.15,4023039495.64
2011-01-05,'000407,胜利股份,8.27,8.39,8.21,8.24,8.27,0.0,0.0,1.6857,8362002,69415490.82,4130114621.55,4102408955.48
2011-01-04,'000407,胜利股份,8.27,8.35,8.15,8.15,8.11,0.16,1.9729,2.0006,9924337,81881099.41,4130114621.55,4102408955.48
2010-12-31,'000407,胜利股份,8.11,8.24,8.02,8.06,8.06,0.05,0.6203,1.666,8264325,67071192.56,4050209139.15,4023039495.64
2010-12-30,'000407,胜利股份,8.06,8.13,7.93,8.01,8.0,0.06,0.75,1.125,5580746,44926104.47,4025238675.9,3998236539.44
2010-12-29,'000407,胜利股份,8.0,8.02,7.84,7.92,7.92,0.08,1.0101,0.856,4246444,33786339.87,3995274120.0,3968472992.0
2010-12-28,'000407,胜利股份,7.92,8.15,7.8,7.97,7.98,-0.06,-0.7519,1.6896,8381280,67003858.42,3955321378.8,3928788262.08
2010-12-27,'000407,胜利股份,7.98,8.47,7.95,8.41,8.33,-0.35,-4.2017,2.3688,11750857,96466168.87,3985285934.7,3958551809.52
2010-12-24,'000407,胜利股份,8.33,8.52,8.1,8.49,8.6,-0.27,-3.1395,1.8786,9318953,77447846.35,4160079177.45,4132172502.92
2010-12-23,'000407,胜利股份,8.6,9.22,8.56,9.0,8.83,-0.23,-2.6048,4.9787,24697351,219857408.77,4294919679.0,4266108466.4
2010-12-22,'000407,胜利股份,0.0,0.0,0.0,0.0,8.83,None,None,0.0,0,0.0,4409783809.95,4380202064.92
2010-12-21,'000407,胜利股份,0.0,0.0,0.0,0.0,8.83,None,None,0.0,0,0.0,4409783809.95,4380202064.92
2010-12-20,'000407,胜利股份,8.83,9.02,8.5,9.0,8.91,-0.08,-0.8979,2.9163,14466689,126495922.32,4409783809.95,4380202064.92
2010-12-17,'000407,胜利股份,8.91,8.98,8.65,8.66,8.63,0.28,3.2445,3.8501,19098735,169298372.07,4449736551.15,4419886794.84
2010-12-16,'000407,胜利股份,8.63,8.74,8.45,8.59,8.78,-0.15,-1.7084,4.4817,22231720,191177590.29,4309901956.95,4280990240.12
2010-12-15,'000407,胜利股份,8.78,9.3,8.7,9.0,8.75,0.03,0.3429,12.6273,62638965,565149592.74,4384813346.7,4355399108.72
2010-12-14,'000407,胜利股份,8.75,8.81,8.64,8.78,8.81,-0.06,-0.681,2.25,11161476,97229288.16,4369831068.75,4340517335.0
2010-12-13,'000407,胜利股份,8.81,8.86,8.41,8.41,8.45,0.36,4.2604,3.6025,17870664,155016115.77,4399795624.65,4370280882.44
2010-12-10,'000407,胜利股份,8.45,8.48,8.23,8.36,8.41,0.04,0.4756,1.9801,9822418,82035919.17,4220008289.25,4191699597.8
2010-12-09,'000407,胜利股份,8.41,8.45,8.17,8.28,8.35,0.06,0.7186,1.6075,7974317,66347829.25,4200031918.65,4171857232.84
2010-12-08,'000407,胜利股份,8.35,8.58,8.26,8.42,8.42,-0.07,-0.8314,1.9281,9564704,80544767.23,4170067362.75,4142093685.4
2010-12-07,'000407,胜利股份,8.42,8.47,8.08,8.26,8.36,0.06,0.7177,1.7829,8844122,73331773.68,4205026011.3,4176817824.08
2010-12-06,'000407,胜利股份,8.36,8.64,8.23,8.62,8.62,-0.26,-3.0162,3.1074,15414774,129194023.1,4175061455.4,4147054276.64
2010-12-03,'000407,胜利股份,8.62,8.91,8.49,8.75,8.69,-0.07,-0.8055,3.8138,18918705,163600096.04,4304907864.3,4276029648.88
2010-12-02,'000407,胜利股份,8.69,8.77,8.3,8.58,8.47,0.22,2.5974,5.4036,26804988,230357728.41,4339866512.85,4310753787.56
2010-12-01,'000407,胜利股份,8.47,8.57,8.2,8.33,8.49,-0.02,-0.2356,2.9852,14808416,124087928.45,4229996474.55,4201620780.28
2010-11-30,'000407,胜利股份,8.49,8.49,7.91,8.12,8.12,0.37,4.5567,5.7974,28758434,236507600.05,4239984659.85,4211541962.76
2010-11-29,'000407,胜利股份,8.12,8.15,7.87,7.98,7.95,0.17,2.1384,2.1698,10763542,86463636.1,4055203231.8,4028000086.88
2010-11-26,'000407,胜利股份,7.95,8.05,7.82,8.0,8.0,-0.05,-0.625,1.632,8095737,64374662.89,3970303656.75,3943670035.8
2010-11-25,'000407,胜利股份,8.0,8.04,7.81,7.88,7.9,0.1,1.2658,1.9163,9505944,75231910.98,3995274120.0,3968472992.0
2010-11-24,'000407,胜利股份,7.9,7.93,7.6,7.6,7.67,0.23,2.9987,2.1707,10767901,83766300.65,3945333193.5,3918867079.6
2010-11-23,'000407,胜利股份,7.67,7.74,7.42,7.45,7.5,0.17,2.2667,2.7114,13450335,102057061.33,3830469062.55,3804773481.08
2010-11-22,'000407,胜利股份,7.5,7.64,7.4,7.41,7.5,0.0,0.0,3.3059,16399452,123827210.15,3745569487.5,3720443430.0
2010-11-19,'000407,胜利股份,7.5,7.52,7.25,7.5,7.48,0.02,0.2674,1.2895,6396825,47376912.41,3745569487.5,3720443430.0
2010-11-18,'000407,胜利股份,7.48,7.55,7.32,7.43,7.4,0.08,1.0811,0.9667,4795587,35612938.19,3735581302.2,3710522247.52
2010-11-17,'000407,胜利股份,7.4,7.72,7.31,7.61,7.69,-0.29,-3.7711,1.9737,9790758,74103381.32,3695628561.0,3670837517.6
2010-11-16,'000407,胜利股份,7.69,8.06,7.4,7.95,7.99,-0.3,-3.7547,3.383,16781787,130134873.51,3840457247.85,3814694663.56
2010-11-15,'000407,胜利股份,7.99,8.04,7.56,7.73,7.7,0.29,3.7662,2.3882,11846800,92699750.03,3990280027.35,3963512400.76
2010-11-12,'000407,胜利股份,7.7,8.47,7.66,8.21,8.31,-0.61,-7.3406,3.652,18116310,146291616.59,3845451340.5,3819655254.8
2010-11-11,'000407,胜利股份,8.31,8.57,8.2,8.37,8.38,-0.07,-0.8353,3.2208,15977118,134113308.37,4150090992.15,4122251320.44
2010-11-10,'000407,胜利股份,8.38,8.7,8.35,8.45,8.45,-0.07,-0.8284,3.202,15884007,135232826.27,4185049640.7,4156975459.12
2010-11-09,'000407,胜利股份,8.45,8.48,8.29,8.39,8.42,0.03,0.3563,3.0021,14892087,125170749.58,4220008289.25,4191699597.8
2010-11-08,'000407,胜利股份,8.42,8.45,8.05,8.2,8.17,0.25,3.06,4.4294,21972234,180920200.77,4205026011.3,4176817824.08
2010-11-05,'000407,胜利股份,8.17,8.35,8.1,8.2,8.17,0.0,0.0,3.1006,15380726,126545381.55,4080173695.05,4052803043.08
2010-11-04,'000407,胜利股份,8.17,8.23,7.97,8.0,7.97,0.2,2.5094,2.8357,14066943,114024603.46,4080173695.05,4052803043.08
2010-11-03,'000407,胜利股份,7.97,8.19,7.82,7.9,7.89,0.08,1.0139,3.597,17843287,143906674.72,3980291842.05,3953591218.28
2010-11-02,'000407,胜利股份,7.89,8.04,7.82,8.02,7.99,-0.1,-1.2516,3.0482,15121060,119640689.86,3940339100.85,3913906488.36
2010-11-01,'000407,胜利股份,7.99,8.09,7.7,7.72,7.75,0.24,3.0968,4.2456,21060553,167397956.33,3990280027.35,3963512400.76
2010-10-29,'000407,胜利股份,7.75,7.77,7.54,7.74,7.7,0.05,0.6494,2.6137,12965249,99373234.47,3870421803.75,3844458211.0
2010-10-28,'000407,胜利股份,7.7,7.83,7.67,7.7,7.76,-0.06,-0.7732,1.9967,9904582,76465866.28,3845451340.5,3819655254.8
2010-10-27,'000407,胜利股份,7.76,7.87,7.61,7.7,7.73,0.03,0.3881,3.4911,17318085,133982489.24,3875415896.4,3849418802.24
2010-10-26,'000407,胜利股份,7.73,7.75,7.57,7.66,7.69,0.04,0.5202,3.1553,15652284,120180844.15,3860433618.45,3834537028.52
2010-10-25,'000407,胜利股份,7.69,7.77,7.37,7.42,7.43,0.26,3.4993,4.5679,22659316,172614547.75,3840457247.85,3814694663.56
2010-10-22,'000407,胜利股份,7.43,7.47,7.33,7.43,7.42,0.01,0.1348,1.8369,9111981,67399569.06,3710610838.95,3685719291.32
2010-10-21,'000407,胜利股份,7.42,7.64,7.33,7.51,7.51,-0.09,-1.1984,2.3257,11536896,86142998.49,3705616746.3,3680758700.08
2010-10-20,'000407,胜利股份,7.51,7.57,7.36,7.42,7.59,-0.08,-1.054,2.4877,12340396,92360202.14,3750563580.15,3725404021.24
2010-10-19,'000407,胜利股份,7.59,7.63,7.31,7.38,7.39,0.2,2.7064,2.2991,11404782,85636382.46,3790516321.35,3765088751.16
2010-10-18,'000407,胜利股份,7.39,7.55,7.22,7.51,7.48,-0.09,-1.2032,2.3514,11664327,86092839.76,3690634468.35,3665876926.36
2010-10-15,'000407,胜利股份,7.48,7.74,7.1,7.15,7.17,0.31,4.3236,4.2571,21117966,158569691.16,3735581302.2,3710522247.52
2010-10-14,'000407,胜利股份,7.17,7.45,7.16,7.35,7.42,-0.25,-3.3693,2.3599,11706717,85551382.14,3580764430.05,3556743919.08
2010-10-13,'000407,胜利股份,7.42,7.44,7.18,7.25,7.24,0.18,2.4862,3.319,16464346,120957919.43,3705616746.3,3680758700.08
2010-10-12,'000407,胜利股份,7.24,7.28,7.13,7.18,7.2,0.04,0.5556,1.63,8085695,58345107.04,3615723078.6,3591468057.76
2010-10-11,'000407,胜利股份,7.2,7.32,7.15,7.26,7.32,-0.12,-1.6393,3.2626,16184667,116633326.97,3595746708.0,3571625692.8
2010-10-08,'000407,胜利股份,7.32,7.38,7.19,7.2,7.18,0.14,1.9499,1.6246,8058916,58582811.4,3655675819.8,3631152787.68
2010-09-30,'000407,胜利股份,7.18,7.24,6.9,6.9,6.96,0.22,3.1609,1.7089,8477220,60455106.53,3585758522.7,3561704510.32
2010-09-29,'000407,胜利股份,6.96,7.03,6.92,6.97,6.97,-0.01,-0.1435,0.8282,4108443,28607160.81,3475888484.4,3452571503.04
2010-09-28,'000407,胜利股份,6.97,7.1,6.97,7.1,7.11,-0.14,-1.9691,1.0107,5013826,35260743.3,3480882577.05,3457532094.28
2010-09-27,'000407,胜利股份,7.11,7.13,6.99,7.01,7.01,0.1,1.4265,1.2508,6204612,43767675.61,3550799874.15,3526980371.64
2010-09-21,'000407,胜利股份,7.01,7.06,6.93,7.01,6.9,0.11,1.5942,0.8305,4119697,28840791.38,3500858947.65,3477374459.24
2010-09-20,'000407,胜利股份,6.9,7.2,6.89,7.15,7.14,-0.24,-3.3613,1.2625,6262748,43895092.28,3445923928.5,3422807955.6
2010-09-17,'000407,胜利股份,7.14,7.38,7.1,7.3,7.31,-0.17,-2.3256,1.6469,8169584,58775562.26,3565782152.1,3541862145.36
2010-09-16,'000407,胜利股份,7.31,7.59,7.2,7.56,7.6,-0.29,-3.8158,1.5259,7569442,56026383.22,3650681727.15,3626192196.44
2010-09-15,'000407,胜利股份,7.6,7.67,7.37,7.54,7.54,0.06,0.7958,2.4814,12309295,92436377.71,3795510414.0,3770049342.4
2010-09-14,'000407,胜利股份,7.54,7.7,7.49,7.64,7.7,-0.16,-2.0779,2.4882,12342805,93327552.09,3765545858.1,3740285794.96
2010-09-13,'000407,胜利股份,7.7,7.96,7.67,7.8,7.72,-0.02,-0.2591,4.1136,20406004,159030007.6,3845451340.5,3819655254.8
2010-09-10,'000407,胜利股份,7.72,7.76,7.37,7.4,7.4,0.32,4.3243,3.7698,18700668,142054881.51,3855439525.8,3829576437.28
2010-09-09,'000407,胜利股份,7.4,7.54,7.3,7.42,7.42,-0.02,-0.2695,2.0177,10008804,74159505.15,3695628561.0,3670837517.6
2010-09-08,'000407,胜利股份,7.42,7.51,7.35,7.5,7.6,-0.18,-2.3684,2.328,11548479,85606589.5,3705616746.3,3680758700.08
2010-09-07,'000407,胜利股份,7.6,7.81,7.5,7.73,7.49,0.11,1.4686,3.1837,15793047,120797595.11,3795510414.0,3770049342.4
2010-09-06,'000407,胜利股份,7.49,7.81,7.43,7.76,7.59,-0.1,-1.3175,3.2801,16271163,123281003.02,3740575394.85,3715482838.76
2010-09-03,'000407,胜利股份,7.59,7.6,7.35,7.35,7.37,0.22,2.9851,3.1247,15500330,116381260.32,3790516321.35,3765088751.16
2010-09-02,'000407,胜利股份,7.37,7.52,7.23,7.39,7.33,0.04,0.5457,2.1971,10898927,80574544.75,3680646283.05,3655955743.88
2010-09-01,'000407,胜利股份,7.33,7.58,7.21,7.55,7.54,-0.21,-2.7851,2.2281,11052586,81501785.26,3660669912.45,3636113378.92
2010-08-31,'000407,胜利股份,7.54,7.62,7.43,7.54,7.61,-0.07,-0.9198,2.2319,11071684,83238888.54,3765545858.1,3740285794.96
2010-08-30,'000407,胜利股份,7.61,7.64,7.38,7.53,7.49,0.12,1.6021,3.5874,17795822,133610005.67,3800504506.65,3775009933.64
2010-08-27,'000407,胜利股份,7.49,7.56,7.19,7.23,7.24,0.25,3.453,5.585,27704777,206433051.39,3740575394.85,3715482838.76
2010-08-26,'000407,胜利股份,7.24,7.25,6.85,6.97,6.94,0.3,4.3228,3.6797,18253652,129457544.1,3615723078.6,3591468057.76
2010-08-25,'000407,胜利股份,6.94,7.12,6.91,7.0,7.1,-0.16,-2.2535,2.2879,11349385,79803679.45,3465900299.1,3442650320.56
2010-08-24,'000407,胜利股份,7.1,7.1,6.81,6.86,6.86,0.24,3.4985,2.3588,11701240,82349840.64,3545805781.5,3522019780.4
2010-08-23,'000407,胜利股份,6.86,6.95,6.79,6.82,6.8,0.06,0.8824,0.9582,4753351,32662634.57,3425947557.9,3402965590.64
2010-08-20,'000407,胜利股份,6.8,7.08,6.74,7.07,7.1,-0.3,-4.2254,2.2378,11100937,76496715.73,3395983002.0,3373202043.2
2010-08-19,'000407,胜利股份,7.1,7.21,7.07,7.13,7.15,-0.05,-0.6993,1.958,9712749,69352503.03,3545805781.5,3522019780.4
2010-08-18,'000407,胜利股份,7.15,7.18,6.9,7.02,7.0,0.15,2.1429,2.7376,13579897,96026859.06,3570776244.75,3546822736.6
2010-08-17,'000407,胜利股份,7.0,7.09,6.95,7.06,6.94,0.06,0.8646,1.682,8343888,58522128.29,3495864855.0,3472413868.0
2010-08-16,'000407,胜利股份,6.94,6.98,6.71,6.76,6.76,0.18,2.6627,1.4525,7205304,49614623.77,3465900299.1,3442650320.56
2010-08-13,'000407,胜利股份,6.76,6.78,6.57,6.65,6.62,0.14,2.1148,0.8906,4417884,29556956.03,3376006631.4,3353359678.24
2010-08-12,'000407,胜利股份,6.62,6.82,6.56,6.62,6.73,-0.11,-1.6345,1.3297,6595926,44387320.22,3306089334.3,3283911400.88
2010-08-11,'000407,胜利股份,6.73,6.8,6.62,6.66,6.67,0.06,0.8996,1.1029,5471098,36688315.47,3361024353.45,3338477904.52
2010-08-10,'000407,胜利股份,6.67,7.07,6.67,7.04,7.04,-0.37,-5.2557,2.0059,9950520,68260700.58,3331059797.55,3308714357.08
2010-08-09,'000407,胜利股份,7.04,7.05,6.96,7.02,7.02,0.02,0.2849,1.6818,8342953,58515107.02,3515841225.6,3492256232.96
2010-08-06,'000407,胜利股份,7.02,7.06,6.88,6.96,7.01,0.01,0.1427,1.8769,9310299,64932786.89,3505853040.3,3482335050.48
2010-08-05,'000407,胜利股份,7.01,7.15,6.95,7.09,7.09,-0.08,-1.1283,2.7059,13422857,94518230.15,3500858947.65,3477374459.24
2010-08-04,'000407,胜利股份,7.09,7.1,6.84,6.91,6.95,0.14,2.0144,2.45,12153607,84976623.6,3540811688.85,3517059189.16
2010-08-03,'000407,胜利股份,6.95,7.16,6.94,7.1,7.06,-0.11,-1.5581,2.234,11082181,78029530.3,3470894391.75,3447610911.8
2010-08-02,'000407,胜利股份,7.06,7.09,6.86,6.9,6.94,0.12,1.7291,2.7883,13831830,96788455.8,3525829410.9,3502177415.44
2010-07-30,'000407,胜利股份,6.94,7.03,6.8,6.87,6.89,0.05,0.7257,2.3026,11422297,79090938.15,3465900299.1,3442650320.56
2010-07-29,'000407,胜利股份,6.89,6.99,6.64,6.65,6.7,0.19,2.8358,3.3691,16712505,114815164.1,3440929835.85,3417847364.36
2010-07-28,'000407,胜利股份,6.7,6.82,6.39,6.5,6.46,0.24,3.7152,3.1043,15399050,102541127.96,3346042075.5,3323596130.8
2010-07-27,'000407,胜利股份,6.46,6.51,6.27,6.33,6.36,0.1,1.5723,1.8518,9186077,58799707.03,3226183851.9,3204541941.04
2010-07-26,'000407,胜利股份,6.36,6.38,6.25,6.31,6.32,0.04,0.6329,1.0966,5439668,34460901.8,3176242925.4,3154936028.64
2010-07-23,'000407,胜利股份,6.32,6.33,6.22,6.3,6.28,0.04,0.6369,1.0708,5311889,33370741.55,3156266554.8,3135093663.68
2010-07-22,'000407,胜利股份,6.28,6.34,6.15,6.18,6.19,0.09,1.454,0.8906,4417823,27615290.56,3136290184.2,3115251298.72
2010-07-21,'000407,胜利股份,6.19,6.28,6.17,6.27,6.26,-0.07,-1.1182,1.2359,6130919,38180719.08,3091343350.35,3070605977.56
2010-07-20,'000407,胜利股份,6.26,6.33,6.06,6.06,6.04,0.22,3.6424,1.4131,7009826,43400364.63,3126301998.9,3105330116.24
2010-07-19,'000407,胜利股份,6.04,6.05,5.71,5.82,5.89,0.15,2.5467,0.5808,2881217,17174057.61,3016431960.6,2996197108.96
2010-07-16,'000407,胜利股份,5.89,5.95,5.73,5.85,5.88,0.01,0.1701,0.5357,2657276,15488491.35,2941520570.85,2921788240.36
2010-07-15,'000407,胜利股份,5.88,6.07,5.86,6.01,6.02,-0.14,-2.3256,0.6246,3098205,18541542.07,2936526478.2,2916827649.12
2010-07-14,'000407,胜利股份,6.02,6.08,5.91,5.96,5.95,0.07,1.1765,0.8136,4035853,24308439.75,3006443775.3,2986275926.48
2010-07-13,'000407,胜利股份,5.95,6.09,5.93,6.05,6.11,-0.16,-2.6187,0.6129,3040169,18200052.03,2971485126.75,2951551787.8
2010-07-12,'000407,胜利股份,6.11,6.2,6.06,6.1,6.08,0.03,0.4934,0.7519,3729825,22906502.19,3051390609.15,3030921247.64
2010-07-09,'000407,胜利股份,6.08,6.11,5.92,6.0,5.95,0.13,2.1849,0.9487,4705991,28473321.64,3036408331.2,3016039473.92
2010-07-08,'000407,胜利股份,5.95,6.05,5.88,5.95,5.95,0.0,0.0,0.5308,2632842,15704463.59,2971485126.75,2951551787.8
2010-07-07,'000407,胜利股份,5.95,6.06,5.8,5.97,5.97,-0.02,-0.335,0.9649,4786687,28166088.73,2971485126.75,2951551787.8
2010-07-06,'000407,胜利股份,5.97,6.2,5.64,5.64,5.64,0.33,5.8511,1.477,7326665,43676699.64,2981473312.05,2961472970.28
2010-07-05,'000407,胜利股份,5.64,5.69,5.56,5.65,5.7,-0.06,-1.0526,0.5653,2804025,15762590.42,2816668254.6,2797773459.36
2010-07-02,'000407,胜利股份,5.7,5.75,5.5,5.57,5.55,0.15,2.7027,0.7462,3701344,20723838.5,2846632810.5,2827537006.8
2010-07-01,'000407,胜利股份,5.55,5.7,5.54,5.64,5.6,-0.05,-0.8929,0.5413,2685019,15060151.35,2771721420.75,2753128138.2
2010-06-30,'000407,胜利股份,5.6,5.85,5.58,5.78,5.85,-0.25,-4.2735,0.8039,3987764,22584596.68,2796691884.0,2777931094.4
2010-06-29,'000407,胜利股份,5.85,6.28,5.82,6.2,6.23,-0.38,-6.0995,0.7991,3963973,23765262.71,2921544200.25,2901945875.4
2010-06-28,'000407,胜利股份,6.23,6.38,6.2,6.34,6.33,-0.1,-1.5798,0.3863,1916420,12055255.24,3111319720.95,3090448342.52
2010-06-25,'000407,胜利股份,6.33,6.44,6.27,6.44,6.47,-0.14,-2.1638,0.5146,2552656,16225340.3,3161260647.45,3140054254.92
2010-06-24,'000407,胜利股份,6.47,6.54,6.41,6.51,6.49,-0.02,-0.3082,0.4704,2333274,15070633.85,3231177944.55,3209502532.28
2010-06-23,'000407,胜利股份,6.49,6.61,6.38,6.59,6.62,-0.13,-1.9637,0.6511,3229948,21017607.4,3241166129.85,3219423714.76
2010-06-22,'000407,胜利股份,6.62,6.65,6.46,6.5,6.5,0.12,1.8462,0.7796,3867113,25427530.19,3306089334.3,3283911400.88
2010-06-21,'000407,胜利股份,6.5,6.5,6.25,6.34,6.35,0.15,2.3622,0.6289,3119934,20025661.66,3246160222.5,3224384306.0
2010-06-18,'000407,胜利股份,6.35,6.69,6.33,6.66,6.65,-0.3,-4.5113,0.8509,4221055,27397523.32,3171248832.75,3149975437.4
2010-06-17,'000407,胜利股份,6.65,6.76,6.6,6.64,6.6,0.05,0.7576,0.9939,4930365,33071632.91,3321071612.25,3298793174.6
2010-06-11,'000407,胜利股份,6.6,6.73,6.58,6.7,6.66,-0.06,-0.9009,0.998,4950592,32878953.16,3296101149.0,3273990218.4
2010-06-10,'000407,胜利股份,6.66,6.73,6.56,6.6,6.65,0.01,0.1504,1.2405,6153565,40992084.78,3326065704.9,3303753765.84
2010-06-09,'000407,胜利股份,6.65,6.67,6.48,6.48,6.51,0.14,2.1505,1.4416,7151385,47005165.76,3321071612.25,3298793174.6
2010-06-08,'000407,胜利股份,6.51,6.67,6.4,6.65,6.65,-0.14,-2.1053,1.6007,7940629,51878444.13,3251154315.15,3229344897.24
2010-06-07,'000407,胜利股份,6.65,6.73,6.56,6.61,6.87,-0.22,-3.2023,1.9484,9665255,64137763.54,3321071612.25,3298793174.6
2010-06-04,'000407,胜利股份,6.87,7.2,6.81,6.99,6.85,0.02,0.292,4.5235,22439355,156285874.22,3430941650.55,3407926181.88
2010-06-03,'000407,胜利股份,6.85,6.95,6.57,6.64,6.61,0.24,3.6309,4.0316,19998940,135933056.99,3420953465.25,3398004999.4
2010-06-02,'000407,胜利股份,6.61,6.61,6.4,6.51,6.65,-0.04,-0.6015,1.5508,7692937,50085218.01,3301095241.65,3278950809.64
2010-06-01,'000407,胜利股份,6.65,6.68,6.4,6.48,6.38,0.27,4.232,3.2816,16278643,106660724.34,3321071612.25,3298793174.6
2010-05-31,'000407,胜利股份,6.38,6.53,6.32,6.5,6.54,-0.16,-2.4465,1.3606,6749225,43290367.47,3186231110.7,3164857211.12
2010-05-28,'000407,胜利股份,6.54,6.69,6.42,6.52,6.45,0.09,1.3953,2.0199,10019925,65594720.37,3266136593.1,3244226670.96
2010-05-27,'000407,胜利股份,6.45,6.46,6.24,6.33,6.32,0.13,2.057,1.1986,5945639,37829290.51,3221189759.25,3199581349.8
2010-05-26,'000407,胜利股份,6.32,6.41,6.26,6.27,6.31,0.01,0.1585,0.6268,3109137,19708348.14,3156266554.8,3135093663.68
2010-05-25,'000407,胜利股份,6.31,6.41,6.27,6.29,6.43,-0.12,-1.8663,0.9838,4880131,30904140.27,3151272462.15,3130133072.44
2010-05-24,'000407,胜利股份,6.43,6.45,6.14,6.18,6.11,0.32,5.2373,1.657,8219485,52106234.49,3211201573.95,3189660167.32
2010-05-21,'000407,胜利股份,6.11,6.16,5.73,5.9,6.09,0.02,0.3284,1.0638,5276866,31550346.82,3051390609.15,3030921247.64
2010-05-20,'000407,胜利股份,6.09,6.33,6.08,6.17,6.2,-0.11,-1.7742,0.8157,4046136,25116708.28,3041402423.85,3021000065.16
2010-05-19,'000407,胜利股份,6.2,6.39,6.12,6.28,6.33,-0.13,-2.0537,1.0123,5021648,31389217.31,3096337443.0,3075566568.8
2010-05-18,'000407,胜利股份,6.33,6.39,6.04,6.24,6.3,0.03,0.4762,1.4314,7100735,44064008.94,3161260647.45,3140054254.92
2010-05-17,'000407,胜利股份,6.3,6.94,6.3,6.9,7.0,-0.7,-10.0,1.989,9866545,64758906.02,3146278369.5,3125172481.2
2010-05-14,'000407,胜利股份,7.0,7.08,6.92,7.08,7.1,-0.1,-1.4085,1.4888,7385288,51600239.16,3495864855.0,3472413868.0
2010-05-13,'000407,胜利股份,7.1,7.11,6.88,7.05,7.0,0.1,1.4286,1.0425,5171191,36325365.19,3545805781.5,3522019780.4
2010-05-12,'000407,胜利股份,7.0,7.18,6.86,7.08,7.08,-0.08,-1.1299,0.9704,4813947,33742604.23,3495864855.0,3472413868.0
2010-05-11,'000407,胜利股份,7.08,7.37,7.06,7.32,7.2,-0.12,-1.6667,1.1097,5504736,39690001.64,3535817596.2,3512098597.92
2010-05-10,'000407,胜利股份,7.2,7.29,7.09,7.1,7.09,0.11,1.5515,1.1381,5645657,40672120.83,3595746708.0,3571625692.8
2010-05-07,'000407,胜利股份,7.09,7.42,7.05,7.25,7.37,-0.28,-3.7992,1.444,7163709,51876382.57,3540811688.85,3517468714.65
2010-05-06,'000407,胜利股份,7.37,7.76,7.35,7.72,7.76,-0.39,-5.0258,1.5131,7506629,56680619.91,3680646283.05,3656381442.45
2010-05-05,'000407,胜利股份,7.76,7.79,7.35,7.38,7.42,0.34,4.5822,1.2897,6398374,48524160.98,3875415896.4,3849867027.6
2010-05-04,'000407,胜利股份,7.42,7.65,7.37,7.39,7.57,-0.15,-1.9815,1.2397,6150173,46152762.06,3705616746.3,3681187286.7
2010-04-30,'000407,胜利股份,7.57,7.93,7.42,7.86,7.85,-0.28,-3.5669,1.6446,8159250,62315982.92,3780528136.05,3755604819.45
2010-04-29,'000407,胜利股份,7.85,8.06,7.85,7.92,7.91,-0.06,-0.7585,1.4441,7164418,57040288.27,3920362730.25,3894517547.25
2010-04-28,'000407,胜利股份,7.91,8.15,7.84,8.0,8.11,-0.2,-2.4661,1.8685,9269894,74146874.49,3950327286.15,3924284560.35
2010-04-27,'000407,胜利股份,8.11,8.45,7.9,8.41,8.55,-0.44,-5.1462,3.7113,18412478,148558335.03,4050209139.15,4023507937.35
2010-04-26,'000407,胜利股份,8.55,9.08,8.51,9.08,9.22,-0.67,-7.2668,6.1791,30655674,267623285.76,4269949215.75,4241799366.75
2010-04-23,'000407,胜利股份,9.22,9.46,9.17,9.37,9.37,-0.15,-1.6009,3.8034,18869359,175655223.36,4604553423.3,4574197679.7
2010-04-22,'000407,胜利股份,9.37,9.56,9.1,9.16,9.22,0.15,1.6269,7.5446,37429860,350761288.85,4679464813.05,4648615212.45
2010-04-21,'000407,胜利股份,9.22,9.29,8.76,8.82,8.69,0.53,6.099,4.4419,22036879,198513043.01,4604553423.3,4574197679.7
2010-04-20,'000407,胜利股份,0.0,0.0,0.0,0.0,8.69,None,None,0.0,0,0.0,4339866512.85,4311255730.65
2010-04-19,'000407,胜利股份,8.69,9.19,8.68,9.17,9.24,-0.55,-5.9524,3.7715,18710867,168021693.02,4339866512.85,4311255730.65
2010-04-16,'000407,胜利股份,9.24,9.36,9.08,9.16,9.24,0.0,0.0,3.8494,19097324,176478329.95,4614541608.6,4584120017.4
2010-04-15,'000407,胜利股份,9.24,9.29,9.0,9.14,9.15,0.09,0.9836,5.5921,27743577,254110684.58,4614541608.6,4584120017.4
2010-04-14,'000407,胜利股份,9.15,9.3,8.79,8.85,8.87,0.28,3.1567,7.1685,35563926,323809003.46,4569594774.75,4539469497.75
2010-04-13,'000407,胜利股份,8.87,9.04,8.65,8.96,8.95,-0.08,-0.8939,3.4516,17124075,151960602.07,4429760180.55,4400556769.95
2010-04-12,'000407,胜利股份,8.95,8.96,8.78,8.9,8.85,0.1,1.1299,3.729,18500314,164330958.41,4469712921.75,4440246120.75
2010-04-09,'000407,胜利股份,8.85,8.88,8.76,8.76,8.78,0.07,0.7973,2.3245,11532427,101825141.96,4419771995.25,4390634432.25
2010-04-08,'000407,胜利股份,8.78,8.95,8.74,8.9,8.89,-0.11,-1.2373,2.7453,13620131,120236304.04,4384813346.7,4355906250.3
2010-04-07,'000407,胜利股份,8.89,9.05,8.8,8.83,8.86,0.03,0.3386,2.6791,13291318,118686164.58,4439748365.85,4410479107.65
2010-04-06,'000407,胜利股份,8.86,9.04,8.78,8.96,8.95,-0.09,-1.0056,2.8662,14219898,125724243.39,4424766087.9,4395595601.1
2010-04-02,'000407,胜利股份,8.95,9.07,8.89,8.94,8.94,0.01,0.1119,2.7306,13547150,121251400.9,4469712921.75,4440246120.75
2010-04-01,'000407,胜利股份,8.94,8.95,8.75,8.75,8.77,0.17,1.9384,3.0673,15217144,135378415.82,4464718829.1,4435284951.9
2010-03-31,'000407,胜利股份,8.77,8.87,8.74,8.82,8.85,-0.08,-0.904,1.8773,9313686,81840520.19,4379819254.05,4350945081.45
2010-03-30,'000407,胜利股份,8.85,8.89,8.7,8.72,8.72,0.13,1.4908,3.1636,15695108,138587764.34,4419771995.25,4390634432.25
2010-03-29,'000407,胜利股份,8.72,8.78,8.61,8.72,8.6,0.12,1.3953,2.3184,11502108,100108832.8,4354848790.8,4326139237.2
2010-03-26,'000407,胜利股份,8.6,8.66,8.41,8.5,8.56,0.04,0.4673,1.8173,9015684,77124189.84,4294919679.0,4266605211.0
2010-03-25,'000407,胜利股份,8.56,8.76,8.52,8.76,8.76,-0.2,-2.2831,1.714,8503377,73102279.85,4274943308.4,4246760535.6
2010-03-24,'000407,胜利股份,8.76,8.86,8.4,8.58,8.64,0.12,1.3889,3.0344,15054059,131995378.09,4374825161.4,4345983912.6
2010-03-23,'000407,胜利股份,8.64,8.78,8.57,8.73,8.74,-0.1,-1.1442,1.3744,6818674,59020600.35,4314896049.6,4286449886.4
2010-03-22,'000407,胜利股份,8.74,8.76,8.64,8.72,8.7,0.04,0.4598,1.5279,7580071,65925228.38,4364836976.1,4336061574.9
2010-03-19,'000407,胜利股份,8.7,8.7,8.51,8.53,8.55,0.15,1.7544,1.9853,9849604,84956061.52,4344860605.5,4316216899.5
2010-03-18,'000407,胜利股份,8.55,8.65,8.47,8.55,8.55,0.0,0.0,1.4042,6966616,59682213.2,4269949215.75,4241799366.75
2010-03-17,'000407,胜利股份,8.55,8.55,8.31,8.37,8.34,0.21,2.518,1.4067,6979048,58962076.16,4269949215.75,4241799366.75
2010-03-16,'000407,胜利股份,8.34,8.34,8.18,8.23,8.24,0.1,1.2136,0.8,3968782,32807298.21,4165073270.1,4137614820.9
2010-03-15,'000407,胜利股份,8.24,8.45,8.18,8.41,8.44,-0.2,-2.3697,1.197,5938493,49188531.98,4115132343.6,4088003132.4
2010-03-12,'000407,胜利股份,8.44,8.73,8.42,8.66,8.73,-0.29,-3.3219,2.322,11519944,98407703.69,4215014196.6,4187226509.4
2010-03-11,'000407,胜利股份,8.73,8.83,8.5,8.56,8.52,0.21,2.4648,3.6439,18077757,157720204.46,4359842883.45,4331100406.05
2010-03-10,'000407,胜利股份,8.52,8.74,8.49,8.69,8.66,-0.14,-1.6166,1.2872,6385892,54861306.74,4254966937.8,4226915860.2
2010-03-09,'000407,胜利股份,8.66,8.77,8.59,8.77,8.79,-0.13,-1.479,1.9305,9577434,82936210.28,4324884234.9,4296372224.1
2010-03-08,'000407,胜利股份,8.79,8.97,8.41,8.5,8.38,0.41,4.8926,3.8141,18922365,165076845.05,4389807439.35,4360867419.15
2010-03-05,'000407,胜利股份,8.38,8.47,8.3,8.36,8.35,0.03,0.3593,1.6544,8207943,68835811.08,4185049640.7,4157459496.3
2010-03-04,'000407,胜利股份,8.35,8.93,8.32,8.69,8.62,-0.27,-3.1323,3.2143,15946631,138113861.92,4170067362.75,4142575989.75
2010-03-03,'000407,胜利股份,8.62,8.65,8.43,8.51,8.51,0.11,1.2926,2.6556,13174680,112714822.35,4304907864.3,4276527548.7
2010-03-02,'000407,胜利股份,8.51,8.52,8.32,8.45,8.39,0.12,1.4303,1.8092,8975741,75477858.39,4249972845.15,4221954691.35
2010-03-01,'000407,胜利股份,8.39,8.46,8.34,8.35,8.3,0.09,1.0843,1.6362,8117248,68293567.59,4190043733.35,4162420665.15
2010-02-26,'000407,胜利股份,8.3,8.41,8.2,8.25,8.3,0.0,0.0,1.4814,7349503,61226645.43,4145096899.5,4117770145.5
2010-02-25,'000407,胜利股份,8.3,8.32,8.13,8.14,8.14,0.16,1.9656,1.8831,9342311,76975099.39,4145096899.5,4117770145.5
2010-02-24,'000407,胜利股份,8.14,8.14,7.83,7.86,7.93,0.21,2.6482,1.7828,8845012,71197488.23,4065191417.1,4038391443.9
2010-02-23,'000407,胜利股份,7.93,8.0,7.8,7.99,8.0,-0.07,-0.875,1.0257,5088656,40041450.45,3960315471.45,3934206898.05
2010-02-22,'000407,胜利股份,8.0,8.07,7.97,8.06,8.06,-0.06,-0.7444,0.8479,4206694,33740505.9,3995274120.0,3968935080.0
2010-02-12,'000407,胜利股份,8.06,8.11,8.0,8.03,8.0,0.06,0.75,1.0132,5026478,40470188.63,4025238675.9,3998702093.1
2010-02-11,'000407,胜利股份,8.0,8.07,7.99,8.04,8.04,-0.04,-0.4975,0.6072,3012524,24209456.9,3995274120.0,3968935080.0
2010-02-10,'000407,胜利股份,8.04,8.08,7.95,8.07,8.02,0.02,0.2494,0.764,3790354,30325662.21,4015250490.6,3988779755.4
2010-02-09,'000407,胜利股份,8.02,8.11,7.97,8.04,8.06,-0.04,-0.4963,0.7554,3747505,30050251.51,4005262305.3,3978857417.7
2010-02-08,'000407,胜利股份,8.06,8.11,7.91,7.91,7.91,0.15,1.8963,1.2425,6164472,49493674.07,4025238675.9,3998702093.1
2010-02-05,'000407,胜利股份,7.91,8.08,7.72,7.8,7.94,-0.03,-0.3778,1.3901,6896683,54562112.65,3950327286.15,3924284560.35
2010-02-04,'000407,胜利股份,7.94,8.04,7.79,7.88,7.93,0.01,0.1261,1.3931,6911293,54688494.77,3965309564.1,3939168066.9
2010-02-03,'000407,胜利股份,7.93,7.93,7.5,7.82,7.79,0.14,1.7972,1.8156,9007353,69711715.15,3960315471.45,3934206898.05
2010-02-02,'000407,胜利股份,7.79,7.97,7.78,7.81,7.8,-0.01,-0.1282,0.9323,4625485,36517314.17,3890398174.35,3864750534.15
2010-02-01,'000407,胜利股份,7.8,7.99,7.65,7.97,8.02,-0.22,-2.7431,1.2767,6334091,49369835.25,3895392267.0,3869711703.0
2010-01-29,'000407,胜利股份,8.02,8.1,7.91,7.97,7.98,0.04,0.5013,1.0213,5066763,40739235.77,4005262305.3,3978857417.7
2010-01-28,'000407,胜利股份,7.98,8.05,7.85,8.01,7.95,0.03,0.3774,1.0252,5086059,40506996.16,3985285934.7,3959012742.3
2010-01-27,'000407,胜利股份,7.95,8.13,7.92,7.98,8.0,-0.05,-0.625,1.1121,5517441,44283493.13,3970303656.75,3944129235.75
2010-01-26,'000407,胜利股份,8.0,8.48,7.9,8.48,8.43,-0.43,-5.1008,2.2152,10990016,89381550.89,3995274120.0,3968935080.0
2010-01-25,'000407,胜利股份,8.43,8.78,8.42,8.7,8.82,-0.39,-4.4218,1.9268,9559297,81899192.38,4210020103.95,4182265340.55
2010-01-22,'000407,胜利股份,8.82,9.09,8.61,9.05,9.16,-0.34,-3.7118,3.0651,15206704,134626360.37,4404789717.3,4375750925.7
2010-01-21,'000407,胜利股份,9.16,9.2,8.85,8.86,8.88,0.28,3.1532,3.4098,16916410,153089631.83,4574588867.4,4544430666.6
2010-01-20,'000407,胜利股份,8.88,9.14,8.83,8.9,8.91,-0.03,-0.3367,4.7106,23370175,210082503.56,4434754273.2,4405517938.8
2010-01-19,'000407,胜利股份,8.91,8.96,8.83,8.91,8.9,0.01,0.1124,2.9852,14809840,131649734.61,4449736551.15,4420401445.35
2010-01-18,'000407,胜利股份,8.9,8.97,8.73,8.81,8.63,0.27,3.1286,4.8136,23881247,211398883.15,4444742458.5,4415440276.5
2010-01-15,'000407,胜利股份,0.0,0.0,0.0,0.0,8.63,None,None,0.0,0,0.0,4309901956.95,4281488717.55
2010-01-14,'000407,胜利股份,8.63,8.64,8.41,8.47,8.38,0.25,2.9833,2.8492,14135204,121151478.22,4309901956.95,4281488717.55
2010-01-13,'000407,胜利股份,8.38,8.61,8.35,8.49,8.66,-0.28,-3.2333,2.9498,14634596,123648194.73,4185049640.7,4157459496.3
2010-01-12,'000407,胜利股份,8.66,8.67,8.29,8.56,8.52,0.14,1.6432,2.4732,12270027,104164721.97,4324884234.9,4296372224.1
2010-01-11,'000407,胜利股份,8.52,8.8,8.49,8.8,8.74,-0.22,-2.5172,2.2305,11065748,94932629.34,4254966937.8,4226915860.2
2010-01-08,'000407,胜利股份,8.74,8.85,8.59,8.67,8.7,0.04,0.4598,3.3575,16656930,145106730.51,4364836976.1,4336061574.9
2010-01-07,'000407,胜利股份,8.7,8.7,8.41,8.59,8.6,0.1,1.1628,2.2294,11060600,94399238.1,4344860605.5,4316216899.5
2010-01-06,'000407,胜利股份,8.6,8.72,8.51,8.61,8.66,-0.06,-0.6928,1.7803,8832238,76183835.26,4294919679.0,4266605211.0
2010-01-05,'000407,胜利股份,8.66,8.85,8.5,8.8,8.78,-0.12,-1.3667,2.0106,9974689,85916694.47,4324884234.9,4296372224.1
2010-01-04,'000407,胜利股份,8.78,8.88,8.68,8.77,8.73,0.05,0.5727,1.5472,7675852,67210397.58,4384813346.7,4355906250.3
2009-12-31,'000407,胜利股份,8.73,8.77,8.58,8.7,8.69,0.04,0.4603,1.6719,8294636,72051427.21,4359842883.45,4331100406.05
2009-12-30,'000407,胜利股份,8.69,8.82,8.62,8.8,8.77,-0.08,-0.9122,1.3995,6943363,60302449.49,4339866512.85,4311255730.65
2009-12-29,'000407,胜利股份,8.77,8.78,8.61,8.68,8.67,0.1,1.1534,1.4038,6964627,60572827.82,4379819254.05,4350945081.45
2009-12-28,'000407,胜利股份,8.67,8.72,8.56,8.58,8.56,0.11,1.285,1.3322,6609285,57104016.11,4329878327.55,4301333392.95
2009-12-25,'000407,胜利股份,8.56,8.63,8.49,8.58,8.58,-0.02,-0.2331,1.1936,5921672,50757764.48,4274943308.4,4246760535.6
2009-12-24,'000407,胜利股份,8.58,8.59,8.28,8.34,8.32,0.26,3.125,1.4504,7195835,60952909.43,4284931493.7,4256682873.3
2009-12-23,'000407,胜利股份,8.32,8.34,8.17,8.29,8.23,0.09,1.0936,1.1759,5834031,48214028.89,4155085084.8,4127692483.2
2009-12-22,'000407,胜利股份,8.23,8.78,8.12,8.7,8.67,-0.44,-5.075,1.8288,9072871,76147132.69,4110138250.95,4083041963.55
2009-12-21,'000407,胜利股份,8.67,8.73,8.46,8.5,8.5,0.17,2.0,1.4017,6954011,59761488.98,4329878327.55,4301333392.95
2009-12-18,'000407,胜利股份,8.5,8.95,8.46,8.89,9.01,-0.51,-5.6604,2.9098,14436184,124949207.03,4244978752.5,4216993522.5
2009-12-17,'000407,胜利股份,9.01,9.45,8.96,9.3,9.34,-0.33,-3.5332,2.321,11515072,104987182.62,4499677477.65,4470013133.85
2009-12-16,'000407,胜利股份,9.34,9.46,9.31,9.39,9.39,-0.05,-0.5325,1.8158,9008498,84663379.0,4664482535.1,4633731705.9
2009-12-15,'000407,胜利股份,9.39,9.72,9.35,9.59,9.62,-0.23,-2.3909,2.6065,12931482,122846659.18,4689452998.35,4658537550.15
2009-12-14,'000407,胜利股份,9.62,9.88,9.35,9.79,9.78,-0.16,-1.636,2.4048,11930746,113953576.67,4804317129.3,4772644433.7
2009-12-11,'000407,胜利股份,9.78,10.04,9.73,9.85,9.74,0.04,0.4107,2.149,10661556,105271974.51,4884222611.7,4852023135.3
2009-12-10,'000407,胜利股份,9.74,9.97,9.58,9.85,9.79,-0.05,-0.5107,2.1706,10768812,104726320.42,4864246241.1,4832178459.9
2009-12-09,'000407,胜利股份,9.79,10.1,9.73,9.95,10.06,-0.27,-2.6839,3.9596,19644116,194841943.81,4889216704.35,4856984304.15
2009-12-08,'000407,胜利股份,10.06,10.38,9.64,9.73,9.72,0.34,3.4979,9.8435,48835059,491348473.28,5024057205.9,4990935863.1
2009-12-07,'000407,胜利股份,9.72,9.75,9.44,9.44,9.39,0.33,3.5144,2.7511,13648693,130940990.59,4854258055.8,4822256122.2
2009-12-04,'000407,胜利股份,9.39,9.94,9.28,9.9,9.79,-0.4,-4.0858,4.4715,22184086,212349828.79,4689452998.35,4658537550.15
2009-12-03,'000407,胜利股份,9.79,9.89,9.51,9.77,9.67,0.12,1.241,4.8577,24099952,234789595.89,4889216704.35,4856984304.15
2009-12-02,'000407,胜利股份,9.67,9.96,9.52,9.6,9.38,0.29,3.0917,6.9282,34371893,334996821.21,4829287592.55,4797450277.95
2009-12-01,'000407,胜利股份,9.38,9.43,9.02,9.12,9.06,0.32,3.532,2.5844,12821567,119073078.95,4684458905.7,4653576381.3
2009-11-30,'000407,胜利股份,9.06,9.09,8.86,8.86,8.8,0.26,2.9545,1.4889,7386735,66616313.78,4524647940.9,4494818978.1
2009-11-27,'000407,胜利股份,8.8,9.2,8.62,8.7,8.82,-0.02,-0.2268,2.2789,11305917,100207377.6,4394801532.0,4365828588.0
2009-11-26,'000407,胜利股份,8.82,9.56,8.7,9.48,9.47,-0.65,-6.8638,4.1581,20628864,188318500.14,4404789717.3,4375750925.7
2009-11-25,'000407,胜利股份,9.47,9.53,9.15,9.16,9.22,0.25,2.7115,2.5902,12850545,119964956.75,4729405739.55,4698226900.95
2009-11-24,'000407,胜利股份,9.22,9.97,9.15,9.96,9.89,-0.67,-6.7745,4.7369,23500731,225445986.95,4604553423.3,4574197679.7
2009-11-23,'000407,胜利股份,9.89,9.95,9.69,9.9,9.8,0.09,0.9184,3.7449,18579045,182094528.25,4939157630.85,4906595992.65
2009-11-20,'000407,胜利股份,9.8,9.91,9.53,9.7,9.72,0.08,0.823,4.8357,23990611,233340811.71,4894210797.0,4861945473.0
2009-11-19,'000407,胜利股份,9.72,9.89,9.32,9.39,9.37,0.35,3.7353,7.2491,35963999,347584303.85,4854258055.8,4822256122.2
2009-11-18,'000407,胜利股份,9.37,9.47,9.26,9.47,9.43,-0.06,-0.6363,2.9587,14678732,137382395.39,4679464813.05,4648615212.45
2009-11-17,'000407,胜利股份,9.43,9.48,9.33,9.39,9.3,0.13,1.3978,3.8613,19156460,180351950.58,4709429368.95,4678382225.55
2009-11-16,'000407,胜利股份,9.3,9.4,9.15,9.18,9.13,0.17,1.862,3.9442,19567802,181792858.9,4644506164.5,4613887030.5
2009-11-13,'000407,胜利股份,9.13,9.15,8.92,9.0,9.09,0.04,0.44,2.3797,11806061,106757729.11,4559606589.45,4529547160.05
2009-11-12,'000407,胜利股份,9.09,9.29,9.02,9.22,9.22,-0.13,-1.41,2.8474,14126622,129452795.59,4539630218.85,4509702484.65
2009-11-11,'000407,胜利股份,9.22,9.29,9.0,9.17,9.17,0.05,0.5453,2.095,10393781,95323798.62,4604553423.3,4574197679.7
2009-11-10,'000407,胜利股份,9.17,9.45,9.17,9.34,9.34,-0.17,-1.8201,2.3904,11859095,109644158.51,4579582960.05,4549391835.45
2009-11-09,'000407,胜利股份,9.34,9.44,9.15,9.18,9.09,0.25,2.7503,3.4123,16928968,157531102.93,4664482535.1,4633731705.9
2009-11-06,'000407,胜利股份,9.09,9.26,8.9,9.02,8.92,0.17,1.9058,3.4868,17298519,158263546.2,4539630218.85,4509702484.65
2009-11-05,'000407,胜利股份,8.92,9.0,8.8,9.0,8.93,-0.01,-0.112,2.4657,12232626,108632163.34,4454730643.8,4425362614.2
2009-11-04,'000407,胜利股份,8.93,9.04,8.83,8.98,8.97,-0.04,-0.4459,2.459,12199733,108946580.18,4459724736.45,4430323783.05
2009-11-03,'000407,胜利股份,8.97,9.02,8.75,8.8,8.73,0.24,2.7491,3.4676,17203545,153118416.57,4479701107.05,4450168458.45
2009-11-02,'000407,胜利股份,8.73,8.88,8.11,8.2,8.38,0.35,4.1766,2.8431,14105009,121391577.35,4359842883.45,4331100406.05
2009-10-30,'000407,胜利股份,8.38,8.8,8.35,8.66,8.57,-0.19,-2.217,2.0925,10381416,89078863.2,4185049640.7,4157459496.3
2009-10-29,'000407,胜利股份,8.57,8.91,8.46,8.52,8.7,-0.13,-1.4943,2.0392,10116947,87758464.24,4279937401.05,4251721704.45
2009-10-28,'000407,胜利股份,8.7,8.75,8.47,8.55,8.65,0.05,0.578,1.9237,9543761,82155536.5,4344860605.5,4316216899.5
2009-10-27,'000407,胜利股份,8.65,8.89,8.52,8.77,8.95,-0.3,-3.352,3.0334,15049048,130405730.38,4319890142.25,4291411055.25
2009-10-26,'000407,胜利股份,8.95,9.18,8.78,9.08,9.12,-0.17,-1.864,3.8853,19275675,173065727.16,4469712921.75,4440246120.75
2009-10-23,'000407,胜利股份,9.12,9.29,8.51,8.52,8.5,0.62,7.2941,7.2989,36210869,324302058.99,4554612496.8,4524585991.2
2009-10-22,'000407,胜利股份,8.5,8.57,8.22,8.24,8.29,0.21,2.5332,2.5143,12473902,105573484.61,4244978752.5,4216993522.5
2009-10-21,'000407,胜利股份,8.29,8.8,8.29,8.36,8.36,-0.07,-0.8373,3.6438,18077521,154862452.67,4140102806.85,4112808976.65
2009-10-20,'000407,胜利股份,8.36,8.44,8.23,8.24,8.18,0.18,2.2005,2.3689,11752714,98290154.26,4175061455.4,4147537158.6
2009-10-19,'000407,胜利股份,8.18,8.31,7.82,7.82,7.82,0.36,4.6036,2.2868,11345147,92346946.48,4085167787.7,4058236119.3
2009-10-16,'000407,胜利股份,7.82,7.9,7.73,7.85,7.84,-0.02,-0.2551,0.9856,4889920,38174645.26,3905380452.3,3879634040.7
2009-10-15,'000407,胜利股份,7.84,7.95,7.78,7.95,7.84,0.0,0.0,0.9794,4859109,38124351.3,3915368637.6,3889556378.4
2009-10-14,'000407,胜利股份,7.84,8.0,7.69,7.74,7.7,0.14,1.8182,1.5868,7872277,61839582.15,3915368637.6,3889556378.4
2009-10-13,'000407,胜利股份,7.7,7.75,7.61,7.63,7.58,0.12,1.5831,0.8078,4007728,30781533.09,3845451340.5,3820100014.5
2009-10-12,'000407,胜利股份,7.58,7.69,7.53,7.6,7.57,0.01,0.1321,0.8097,4016867,30577481.23,3785522228.7,3760565988.3
2009-10-09,'000407,胜利股份,7.57,7.59,7.36,7.36,7.25,0.32,4.4138,0.8964,4446988,33341191.32,3780528136.05,3755604819.45
2009-09-30,'000407,胜利股份,7.25,7.35,7.21,7.21,7.16,0.09,1.257,0.8957,4443632,32354118.85,3620717171.25,3596847416.25
2009-09-29,'000407,胜利股份,7.16,7.45,7.0,7.39,7.38,-0.22,-2.981,1.0027,4974525,35881358.56,3575770337.4,3552196896.6
2009-09-28,'000407,胜利股份,7.38,7.87,7.31,7.76,7.75,-0.37,-4.7742,0.7633,3786620,28846864.36,3685640375.7,3661342611.3
2009-09-25,'000407,胜利股份,7.75,7.86,7.63,7.72,7.77,-0.02,-0.2574,0.9055,4492434,34786770.38,3870421803.75,3844905858.75
2009-09-24,'000407,胜利股份,7.77,8.0,7.57,7.8,7.85,-0.08,-1.0191,1.1612,5761069,44668882.83,3880409989.05,3854828196.45
2009-09-23,'000407,胜利股份,7.85,8.24,7.75,8.1,8.13,-0.28,-3.444,1.5623,7750803,62104240.02,3920362730.25,3894517547.25
2009-09-22,'000407,胜利股份,8.13,8.58,8.1,8.55,8.51,-0.38,-4.4653,1.6521,8196570,68322343.12,4060197324.45,4033430275.05
2009-09-21,'000407,胜利股份,8.51,8.55,8.14,8.45,8.45,0.06,0.7101,1.7645,8753983,73244788.04,4249972845.15,4221954691.35
2009-09-18,'000407,胜利股份,8.45,8.98,8.3,8.4,8.45,0.0,0.0,4.3964,21811479,188541893.15,4220008289.25,4192187678.25
2009-09-17,'000407,胜利股份,8.45,8.46,8.19,8.22,8.2,0.25,3.0488,2.2851,11336890,94826005.95,4220008289.25,4192187678.25
2009-09-16,'000407,胜利股份,8.2,8.36,8.03,8.34,8.34,-0.14,-1.6787,2.7282,13534817,110700926.56,4095155973.0,4068158457.0
2009-09-15,'000407,胜利股份,8.34,8.45,8.2,8.4,8.4,-0.06,-0.7143,1.9527,9687635,80718519.17,4165073270.1,4137614820.9
2009-09-14,'000407,胜利股份,8.4,8.51,8.0,8.03,8.0,0.4,5.0,3.4492,17112043,142300494.92,4195037826.0,4167381834.0
2009-09-11,'000407,胜利股份,8.0,8.09,7.83,7.83,7.91,0.09,1.1378,1.8675,9264859,73863672.66,3995274120.0,3968935080.0
2009-09-10,'000407,胜利股份,7.91,8.05,7.78,7.89,7.93,-0.02,-0.2522,2.1926,10877984,86219684.49,3950327286.15,3924284560.35
2009-09-09,'000407,胜利股份,7.93,7.99,7.75,7.87,7.82,0.11,1.4066,1.9464,9656274,75870529.74,3960315471.45,3934206898.05
2009-09-08,'000407,胜利股份,7.82,7.86,7.5,7.65,7.66,0.16,2.0888,2.0456,10148422,78412797.91,3905380452.3,3879634040.7
2009-09-07,'000407,胜利股份,7.66,7.9,7.6,7.7,7.65,0.01,0.1307,1.8759,9306604,72152640.7,3825474969.9,3800255339.1
2009-09-04,'000407,胜利股份,7.65,7.74,7.46,7.52,7.51,0.14,1.8642,1.8994,9423062,71895143.36,3820480877.25,3795294170.25
2009-09-03,'000407,胜利股份,7.51,7.6,7.06,7.15,7.12,0.39,5.4775,2.2757,11290127,83871030.33,3750563580.15,3725837806.35
2009-09-02,'000407,胜利股份,7.12,7.23,7.03,7.2,7.1,0.02,0.2817,1.2775,6337747,45188967.92,3555793966.8,3532352221.2
2009-09-01,'000407,胜利股份,7.1,7.48,7.08,7.16,7.18,-0.08,-1.1142,1.6218,8046005,58286763.65,3545805781.5,3522429883.5
2009-08-31,'000407,胜利股份,7.18,7.8,7.16,7.8,7.96,-0.78,-9.799,2.2011,10919953,80327203.4,3585758522.7,3562119234.3
2009-08-28,'000407,胜利股份,7.96,8.35,7.95,8.32,8.25,-0.29,-3.5152,1.9597,9722379,78665263.02,3975297749.4,3949090404.6
2009-08-27,'000407,胜利股份,8.25,8.3,8.0,8.1,8.16,0.09,1.1029,2.8131,13956456,113632596.47,4120126436.25,4092964301.25
2009-08-26,'000407,胜利股份,8.16,8.24,7.4,7.48,7.74,0.42,5.4264,2.9491,14630937,116774155.93,4075179602.4,4048313781.6
2009-08-25,'000407,胜利股份,0.0,0.0,0.0,0.0,7.74,None,None,0.0,0,0.0,3865427711.1,3839944689.9
2009-08-24,'000407,胜利股份,7.74,7.86,7.61,7.8,7.68,0.06,0.7813,2.0323,10082766,77865682.69,3865427711.1,3839944689.9
2009-08-21,'000407,胜利股份,7.68,7.71,7.35,7.44,7.45,0.23,3.0872,1.9262,9556436,72383427.1,3835463155.2,3810177676.8
2009-08-20,'000407,胜利股份,7.45,7.5,7.17,7.19,7.18,0.27,3.7604,1.9812,9829227,72297003.17,3720599024.25,3696070793.25
2009-08-19,'000407,胜利股份,7.18,7.88,7.11,7.83,7.8,-0.62,-7.9487,2.1237,10535863,79479432.83,3585758522.7,3562119234.3
2009-08-18,'000407,胜利股份,7.8,7.84,7.55,7.59,7.62,0.18,2.3622,1.9258,9554311,73637420.5,3895392267.0,3869711703.0
2009-08-17,'000407,胜利股份,7.62,8.39,7.61,8.39,8.46,-0.84,-9.9291,2.6104,12950820,103629197.21,3805498599.3,3780410663.7
2009-08-14,'000407,胜利股份,8.46,9.23,8.45,9.17,9.15,-0.69,-7.541,2.9739,14754024,130006995.29,4225002381.9,4197148847.1
2009-08-13,'000407,胜利股份,9.15,9.26,9.01,9.1,9.08,0.07,0.7709,2.2489,11156993,102118300.23,4569594774.75,4539469497.75
2009-08-12,'000407,胜利股份,9.08,9.49,9.02,9.4,9.35,-0.27,-2.8877,3.3559,16649192,155016578.14,4534636126.2,4504741315.8
2009-08-11,'000407,胜利股份,9.35,9.37,8.99,9.23,9.18,0.17,1.8519,3.4417,17074644,156984823.69,4669476627.75,4638692874.75
2009-08-10,'000407,胜利股份,9.18,9.71,8.96,9.56,9.55,-0.37,-3.8743,4.313,21397594,197708100.82,4584577052.7,4554353004.3
2009-08-07,'000407,胜利股份,9.55,9.92,9.51,9.71,9.75,-0.2,-2.0513,2.5027,12416228,120748468.08,4769358480.75,4737916251.75
2009-08-06,'000407,胜利股份,9.75,10.0,9.59,10.0,9.99,-0.24,-2.4024,3.4107,16921281,165649091.82,4869240333.75,4837139628.75
2009-08-05,'000407,胜利股份,9.99,10.2,9.8,9.92,9.92,0.07,0.7056,3.7458,18583577,185976438.15,4989098557.35,4956207681.15
2009-08-04,'000407,胜利股份,9.92,10.16,9.84,10.15,10.22,-0.3,-2.9354,4.8515,24068912,239624598.64,4954139908.8,4921479499.2
2009-08-03,'000407,胜利股份,10.22,10.27,9.95,10.25,10.25,-0.03,-0.2927,5.3449,26517014,266562955.87,5103962688.3,5070314564.7
2009-07-31,'000407,胜利股份,10.25,10.44,10.03,10.19,10.15,0.1,0.9852,4.4395,22025286,225431796.89,5118944966.25,5085198071.25
2009-07-30,'000407,胜利股份,10.15,10.15,9.41,9.91,9.91,0.24,2.4218,4.5748,22696453,223637925.31,5069004039.75,5035586382.75
2009-07-29,'000407,胜利股份,9.91,10.77,9.64,10.76,10.71,-0.8,-7.4697,5.4161,26870386,277012665.78,4949145816.15,4916518330.35
2009-07-28,'000407,胜利股份,10.71,10.85,10.44,10.8,10.73,-0.02,-0.1864,4.8762,24191731,256463020.2,5348673228.15,5313411838.35
2009-07-27,'000407,胜利股份,10.73,10.98,10.54,10.83,10.8,-0.07,-0.6481,6.1368,30445484,324603886.29,5358661413.45,5323334176.05
2009-07-24,'000407,胜利股份,10.8,11.3,10.58,11.26,11.26,-0.46,-4.0853,3.822,18961691,207199964.57,5393620062.0,5358062358.0
2009-07-23,'000407,胜利股份,11.26,11.42,11.11,11.31,11.28,-0.02,-0.1773,3.0493,15127870,170270707.39,5623348323.9,5586276125.1
2009-07-22,'000407,胜利股份,11.28,11.29,10.83,10.83,10.79,0.49,4.5412,5.2836,26212687,292205606.44,5633336509.2,5596198462.8
2009-07-21,'000407,胜利股份,10.79,11.11,10.71,10.75,10.73,0.06,0.5592,4.2868,21267329,232942024.02,5388625969.35,5353101189.15
2009-07-20,'000407,胜利股份,10.73,10.84,10.6,10.72,10.6,0.13,1.2264,3.4543,17137117,183372811.27,5358661413.45,5323334176.05
2009-07-17,'000407,胜利股份,10.6,10.88,10.51,10.72,10.79,-0.19,-1.7609,2.9472,14621743,155742601.92,5293738209.0,5258838981.0
2009-07-16,'000407,胜利股份,10.79,11.18,10.56,10.86,10.93,-0.14,-1.2809,4.735,23491350,253928928.09,5388625969.35,5353101189.15
2009-07-15,'000407,胜利股份,10.93,11.29,10.63,10.72,10.72,0.21,1.959,4.9388,24502078,269663806.8,5458543266.45,5422557553.05
2009-07-14,'000407,胜利股份,10.72,10.73,10.46,10.53,10.55,0.17,1.6114,3.778,17528335,185756282.31,5353667320.8,4973604128.48
2009-07-13,'000407,胜利股份,10.55,10.77,10.45,10.58,10.62,-0.07,-0.6591,4.4546,20667531,219946613.45,5268767745.75,4894731674.95
2009-07-10,'000407,胜利股份,10.62,10.7,10.02,10.16,10.14,0.48,4.7337,4.88,22640902,233786027.86,5303726394.3,4927208567.58
2009-07-09,'000407,胜利股份,10.14,10.22,10.02,10.19,10.23,-0.09,-0.8798,2.9609,13737439,138674568.32,5064009947.1,4704509875.26
2009-07-08,'000407,胜利股份,10.23,10.28,9.88,10.05,10.23,0.0,0.0,3.305,15333523,154697898.24,5108956780.95,4746265880.07
2009-07-07,'000407,胜利股份,10.23,10.59,10.2,10.5,10.5,-0.27,-2.5714,3.3157,15383558,159056812.26,5108956780.95,4746265880.07
2009-07-06,'000407,胜利股份,10.5,10.65,10.2,10.56,10.5,0.0,0.0,3.3942,15747641,164106590.92,5243797282.5,4871533894.5
2009-07-03,'000407,胜利股份,10.5,10.75,9.91,10.0,10.12,0.38,3.7549,5.5024,25528729,266960777.56,5243797282.5,4871533894.5
2009-07-02,'000407,胜利股份,10.12,10.19,9.61,9.62,9.63,0.49,5.0883,7.1822,33322184,332901347.6,5054021761.8,4695230763.08
2009-07-01,'000407,胜利股份,9.63,9.78,9.0,9.16,9.15,0.48,5.2459,6.881,31924561,300727528.48,4809311221.95,4467892514.67
2009-06-30,'000407,胜利股份,9.15,9.5,9.15,9.48,9.37,-0.22,-2.3479,1.4214,6594526,61056899.38,4569594774.75,4245193822.35
2009-06-29,'000407,胜利股份,9.37,9.6,9.06,9.15,9.14,0.23,2.5164,3.2058,14873345,140477363.85,4679464813.05,4347264056.33
2009-06-26,'000407,胜利股份,9.14,9.35,9.14,9.34,9.22,-0.08,-0.8677,1.4057,6521655,60017668.33,4564600682.1,4240554266.26
2009-06-25,'000407,胜利股份,9.22,9.42,9.17,9.33,9.34,-0.12,-1.2848,1.3912,6454383,59820991.14,4604553423.3,4277670714.98
2009-06-24,'000407,胜利股份,9.34,9.38,9.15,9.31,9.3,0.04,0.4301,1.146,5317127,49294157.97,4664482535.1,4333345388.06
2009-06-23,'000407,胜利股份,9.3,9.48,9.08,9.4,9.45,-0.15,-1.5873,1.7302,8027424,74310457.1,4644506164.5,4314787163.7
2009-06-22,'000407,胜利股份,9.45,9.72,9.29,9.6,9.55,-0.1,-1.0471,1.6843,7814189,73829632.92,4719417554.25,4384380505.05
2009-06-19,'000407,胜利股份,9.55,9.85,9.49,9.49,9.27,0.28,3.0205,3.9334,18249137,176131771.07,4769358480.75,4430776065.95
2009-06-18,'000407,胜利股份,9.27,9.28,9.01,9.19,9.19,0.08,0.8705,2.3385,10849542,99386929.06,4629523886.55,4300868495.43
2009-06-17,'000407,胜利股份,9.19,9.32,8.7,9.11,9.08,0.11,1.2115,3.045,14127519,126994861.88,4589571145.35,4263752046.71
2009-06-16,'000407,胜利股份,9.08,9.56,9.03,9.56,9.63,-0.55,-5.7113,3.9799,18465152,170660483.56,4534636126.2,4212716929.72
2009-06-15,'000407,胜利股份,9.63,9.71,9.41,9.62,9.64,-0.01,-0.1037,1.4505,6729707,64168823.4,4809311221.95,4467892514.67
2009-06-12,'000407,胜利股份,9.64,9.79,9.33,9.47,9.53,0.11,1.1542,2.7075,12561650,119564657.42,4814305314.6,4472532070.76
2009-06-11,'000407,胜利股份,9.53,10.16,9.49,9.95,9.95,-0.42,-4.2211,3.6031,16716568,163580205.87,4759370295.45,4421496953.77
2009-06-10,'000407,胜利股份,9.95,10.18,9.5,9.5,9.42,0.53,5.6263,3.264,15143325,149885691.18,4969122186.75,4616358309.55
2009-06-09,'000407,胜利股份,9.42,9.78,9.2,9.65,9.52,-0.1,-1.0504,2.5862,11998730,112972207.99,4704435276.3,4370461836.78
2009-06-08,'000407,胜利股份,9.52,9.86,9.49,9.75,9.72,-0.2,-2.0576,4.1273,19148950,184852569.36,4754376202.8,4416857397.68
2009-06-05,'000407,胜利股份,9.72,10.04,9.3,9.36,9.37,0.35,3.7353,5.1726,23998556,232570159.73,4854258055.8,4509648519.48
2009-06-04,'000407,胜利股份,9.37,9.5,8.6,8.7,8.8,0.57,6.4773,6.4231,29800224,272722368.03,4679464813.05,4347264056.33
2009-06-03,'000407,胜利股份,8.8,8.98,8.71,8.86,8.78,0.02,0.2278,4.1878,19429329,171699992.67,4394801532.0,4082809359.2
2009-06-02,'000407,胜利股份,8.78,8.91,8.32,8.4,8.3,0.48,5.7831,4.1631,19314856,166551314.08,4384813346.7,4073530247.02
2009-06-01,'000407,胜利股份,8.3,8.55,8.22,8.29,8.18,0.12,1.467,3.1335,14538107,121796129.1,4145096899.5,3850831554.7
2009-05-27,'000407,胜利股份,8.18,8.58,8.14,8.58,8.48,-0.3,-3.5377,2.2631,10499671,87510350.12,4085167787.7,3795156881.62
2009-05-26,'000407,胜利股份,11.97,12.28,11.88,12.16,11.93,0.04,0.3353,3.48,11527356,138627809.04,4269949220.88,3965004146.25
2009-05-25,'000407,胜利股份,11.93,12.17,11.48,11.58,12.01,-0.08,-0.6661,3.5027,11602528,139259549.43,4255680384.72,3951754341.25
2009-05-22,'000407,胜利股份,12.01,12.14,11.01,11.48,11.53,0.48,4.1631,4.74,15701078,182574799.93,4284218057.04,3978253951.25
2009-05-21,'000407,胜利股份,11.53,12.24,11.45,11.98,11.95,-0.42,-3.5146,3.456,11447825,135399158.92,4112992023.12,3819256291.25
2009-05-20,'000407,胜利股份,11.95,12.36,11.85,12.34,12.36,-0.41,-3.3172,3.121,10338129,124554744.32,4262814802.8,3958379243.75
2009-05-19,'000407,胜利股份,12.36,12.55,12.06,12.35,12.33,0.03,0.2433,3.5539,11772278,143691458.36,4409070373.44,4094189745.0
2009-05-18,'000407,胜利股份,12.33,12.47,11.83,12.0,11.9,0.43,3.6134,5.8708,19446817,238593712.43,4398368746.32,4084252391.25
2009-05-15,'000407,胜利股份,11.9,11.96,11.65,11.66,11.6,0.3,2.5862,3.5381,11719667,138320044.23,4244978757.6,3941816987.5
2009-05-14,'000407,胜利股份,11.6,11.82,11.31,11.65,11.51,0.09,0.7819,3.7001,12256290,142353874.03,4137962486.4,3842443450.0
2009-05-13,'000407,胜利股份,11.51,11.6,11.1,11.18,11.1,0.41,3.6937,4.1883,13873547,158647316.1,4105857605.04,3812631388.75
2009-05-12,'000407,胜利股份,11.1,11.25,10.41,10.42,10.92,0.18,1.6484,3.668,12149969,131156226.33,3959602034.4,3676820887.5
2009-05-11,'000407,胜利股份,0.0,0.0,0.0,0.0,10.92,None,None,0.0,0,0.0,3895392271.68,3617196765.0
2009-05-08,'000407,胜利股份,10.92,11.2,10.62,10.72,10.76,0.16,1.487,3.9045,12933619,141678720.46,3895392271.68,3617196765.0
2009-05-07,'000407,胜利股份,10.76,11.22,10.62,11.0,10.96,-0.2,-1.8248,4.1929,13888937,150593660.91,3838316927.04,3564197545.0
2009-05-06,'000407,胜利股份,10.96,10.98,10.57,10.58,10.6,0.36,3.3962,4.7864,15854763,171987165.03,3909661107.84,3630446570.0
2009-05-05,'000407,胜利股份,10.6,10.73,10.38,10.52,10.58,0.02,0.189,3.3887,11224938,118353439.77,3781241582.4,3511198325.0
2009-05-04,'000407,胜利股份,10.58,10.69,10.22,10.3,10.2,0.38,3.7255,4.8221,15972845,167870290.68,3774107164.32,3504573422.5
2009-04-30,'000407,胜利股份,10.2,10.23,9.81,9.89,9.91,0.29,2.9263,4.4383,14701637,149171879.96,3638553220.8,3378700275.0
2009-04-29,'000407,胜利股份,9.91,9.98,9.61,9.85,9.81,0.1,1.0194,3.2988,10926984,107142081.12,3535104158.64,3282639188.75
2009-04-28,'000407,胜利股份,9.81,9.84,9.27,9.57,9.7,0.11,1.134,4.7083,15596110,147818786.3,3499432068.24,3249514676.25
2009-04-27,'000407,胜利股份,9.7,10.28,9.56,10.24,9.99,-0.29,-2.9029,4.535,15022037,150202799.1,3460192768.8,3213077712.5
2009-04-24,'000407,胜利股份,9.99,10.78,9.96,10.25,9.81,0.18,1.8349,8.5759,28407137,293837893.85,3563641830.96,3309138798.75
2009-04-23,'000407,胜利股份,9.81,9.9,9.51,9.6,9.65,0.16,1.658,2.4767,8204055,80034152.62,3499432068.24,3249514676.25
2009-04-22,'000407,胜利股份,9.65,10.29,9.58,9.99,9.9,-0.25,-2.5253,4.1711,13816543,137676292.14,3442356723.6,3196515456.25
2009-04-21,'000407,胜利股份,9.9,10.1,9.73,10.01,10.16,-0.26,-2.5591,2.8168,9330665,92615032.89,3531536949.6,3279326737.5
2009-04-20,'000407,胜利股份,10.16,10.19,9.75,9.75,9.75,0.41,4.2051,3.4357,11380534,114574346.56,3624284384.64,3365450470.0
2009-04-17,'000407,胜利股份,9.75,10.12,9.71,9.83,9.9,-0.15,-1.5152,2.7804,9209978,90959848.46,3478028814.0,3229639968.75
2009-04-16,'000407,胜利股份,9.9,10.19,9.8,10.15,10.1,-0.2,-1.9802,3.4782,11521243,114582953.03,3531536949.6,3279326737.5
2009-04-15,'000407,胜利股份,10.1,10.2,9.45,9.5,9.6,0.5,5.2083,6.0135,19919584,197961960.49,3602881130.4,3345575762.5
2009-04-14,'000407,胜利股份,9.6,9.6,9.23,9.3,9.28,0.32,3.4483,4.0432,13392844,126349797.62,3424520678.4,3179953200.0
2009-04-13,'000407,胜利股份,9.28,9.39,9.22,9.36,9.28,0.0,0.0,3.0019,9943620,92306665.54,3310369989.12,3073954760.0
2009-04-10,'000407,胜利股份,9.28,9.32,9.02,9.1,9.09,0.19,2.0902,3.3781,11189887,103021090.24,3310369989.12,3073954760.0
2009-04-09,'000407,胜利股份,9.09,9.15,8.78,8.78,8.83,0.26,2.9445,2.1092,6986511,63015528.18,3242593017.36,3011018186.25
2009-04-08,'000407,胜利股份,8.83,9.17,8.81,9.17,9.15,-0.32,-3.4973,2.0719,6863121,61824675.31,3149845582.32,2924894453.75
2009-04-07,'000407,胜利股份,9.15,9.2,8.96,8.96,8.98,0.17,1.8931,1.9548,6475159,59200271.38,3263996271.6,3030892893.75
2009-04-03,'000407,胜利股份,8.98,9.22,8.95,9.2,9.14,-0.16,-1.7505,2.8367,9396484,85267267.37,3203353717.92,2974581222.5
2009-04-02,'000407,胜利股份,9.14,9.32,9.11,9.3,9.27,-0.13,-1.4024,3.6815,12194828,112017104.21,3260429062.56,3027580442.5
2009-04-01,'000407,胜利股份,9.27,9.43,9.18,9.2,9.19,0.08,0.8705,3.3932,11239659,104263296.95,3306802780.08,3070642308.75
2009-03-31,'000407,胜利股份,9.19,9.21,8.93,9.11,9.3,-0.11,-1.1828,3.8834,12863442,116918147.7,3278265107.76,3044142698.75
2009-03-30,'000407,胜利股份,9.3,9.65,9.2,9.64,9.4,-0.1,-1.0638,5.7498,19047914,179923295.12,3317504407.2,3080911412.1
2009-03-27,'000407,胜利股份,9.4,9.53,9.21,9.48,9.38,0.02,0.2132,4.1208,13651402,127679095.62,3353176497.6,3114039491.8
2009-03-26,'000407,胜利股份,9.38,9.4,8.85,8.85,8.83,0.55,6.2288,5.4075,17914032,164527951.67,3346042079.52,3107413875.86
2009-03-25,'000407,胜利股份,8.83,9.23,8.82,8.84,8.89,-0.06,-0.6749,3.5079,11621122,105017735.25,3149845582.32,2925209437.51
2009-03-24,'000407,胜利股份,8.89,9.14,8.81,9.09,8.95,-0.06,-0.6704,3.3681,11157769,99571695.43,3171248836.56,2945086285.33
2009-03-23,'000407,胜利股份,8.95,9.16,8.75,8.85,8.73,0.22,2.52,5.2135,17271337,155580271.11,3192652090.8,2964963133.15
2009-03-20,'000407,胜利股份,8.73,8.78,8.46,8.7,8.54,0.19,2.2248,4.517,14964007,129526227.39,3114173491.92,2892081357.81
2009-03-19,'000407,胜利股份,8.54,8.58,8.26,8.27,8.28,0.26,3.1401,3.3979,11256725,95509699.92,3046396520.16,2829138006.38
2009-03-18,'000407,胜利股份,8.28,8.5,8.18,8.18,8.17,0.11,1.3464,4.3761,14497076,121733477.78,2953649085.12,2743004999.16
2009-03-17,'000407,胜利股份,8.17,8.25,7.8,7.85,7.81,0.36,4.6095,3.2146,10649267,86131240.29,2914409785.68,2706564111.49
2009-03-16,'000407,胜利股份,7.81,7.86,7.55,7.73,7.7,0.11,1.4286,1.3589,4501709,34830721.93,2785990260.24,2587303024.57
2009-03-13,'000407,胜利股份,7.7,7.9,7.69,7.82,7.79,-0.09,-1.1553,1.6645,5514246,43033982.62,2746750960.8,2550862136.9
2009-03-12,'000407,胜利股份,7.79,7.82,7.52,7.7,7.73,0.06,0.7762,1.5732,5211662,39952560.6,2778855842.16,2580677408.63
2009-03-11,'000407,胜利股份,7.73,8.05,7.68,8.0,7.82,-0.09,-1.1509,2.0758,6876564,54122356.29,2757452587.92,2560800560.81
2009-03-10,'000407,胜利股份,7.82,7.82,7.45,7.45,7.63,0.19,2.4902,1.7062,5652423,43384263.89,2789557469.28,2590615832.54
2009-03-09,'000407,胜利股份,7.63,8.14,7.61,7.94,7.97,-0.34,-4.266,2.9659,9825615,77269408.34,2721780497.52,2527672481.11
2009-03-06,'000407,胜利股份,7.97,8.09,7.86,7.93,8.14,-0.17,-2.0885,2.674,8858289,70498698.72,2843065604.88,2640307952.09
2009-03-05,'000407,胜利股份,8.14,8.37,7.95,8.35,8.22,-0.08,-0.9732,5.7342,18996368,155122717.49,2903708158.56,2696625687.58
2009-03-04,'000407,胜利股份,8.22,8.24,7.72,7.74,7.67,0.55,7.1708,5.9108,19581477,156555387.82,2932245830.88,2723128151.34
2009-03-03,'000407,胜利股份,7.67,7.68,7.25,7.4,7.65,0.02,0.2614,3.6992,12254790,91873897.49,2736049333.68,2540923712.99
2009-03-02,'000407,胜利股份,7.65,7.75,7.27,7.45,7.45,0.2,2.6846,3.8545,12769054,96775020.0,2728914915.6,2534298097.05
2009-02-27,'000407,胜利股份,7.45,7.92,7.24,7.72,8.04,-0.59,-7.3383,6.6987,22191396,164190392.94,2657570734.8,2468041937.65
2009-02-26,'000407,胜利股份,8.04,9.0,8.04,8.85,8.93,-0.89,-9.9664,5.6084,18579648,157599189.15,2868036068.16,2663497607.88
2009-02-25,'000407,胜利股份,8.93,9.18,8.56,9.11,8.94,-0.01,-0.1119,7.7728,25749818,226834839.9,3185517672.72,2958337517.21
2009-02-24,'000407,胜利股份,8.94,9.49,8.52,8.63,8.63,0.31,3.5921,13.412,44431364,407038394.84,3189084881.76,2961650325.18
2009-02-23,'000407,胜利股份,8.63,8.68,8.13,8.31,8.3,0.33,3.9759,6.6864,22150732,187678311.69,3078501401.52,2858953278.11
2009-02-20,'000407,胜利股份,8.3,8.35,8.06,8.16,8.08,0.22,2.7228,6.7455,22346525,183508941.03,2960783503.2,2749630615.1
2009-02-19,'000407,胜利股份,8.08,8.44,7.89,8.04,7.97,0.11,1.3802,8.5516,28329648,230702690.86,2882304904.32,2676748839.76
2009-02-18,'000407,胜利股份,7.97,8.34,7.36,7.43,7.58,0.39,5.1451,11.1703,37005186,297390707.13,2843065604.88,2640307952.09
2009-02-17,'000407,胜利股份,7.58,8.05,7.58,7.82,7.92,-0.34,-4.2929,4.8892,16196988,126570951.73,2703944452.32,2511108441.26
2009-02-16,'000407,胜利股份,7.92,8.02,7.73,8.0,7.79,0.13,1.6688,4.7476,15727759,124036043.24,2825229559.68,2623743912.24
2009-02-13,'000407,胜利股份,7.79,7.88,7.51,7.53,7.54,0.25,3.3156,4.3653,14461500,112089785.95,2778855842.16,2580677408.63
2009-02-12,'000407,胜利股份,7.54,7.71,7.25,7.65,7.6,-0.06,-0.7895,3.7684,12483954,93364482.14,2689675616.16,2497857209.38
2009-02-11,'000407,胜利股份,7.6,7.94,7.25,7.32,7.43,0.17,2.288,5.426,17975394,136593181.97,2711078870.4,2517734057.2
2009-02-10,'000407,胜利股份,7.43,7.49,7.13,7.25,7.27,0.16,2.2008,4.1389,13711404,99469899.35,2650436316.72,2461416321.71
2009-02-09,'000407,胜利股份,7.27,7.37,7.13,7.34,7.15,0.12,1.6783,4.7784,15829779,114391635.2,2593360972.08,2408411394.19
2009-02-06,'000407,胜利股份,7.15,7.22,7.0,7.03,6.83,0.32,4.6852,5.2657,17444166,124498114.7,2550554463.6,2368657698.55
2009-02-05,'000407,胜利股份,6.83,7.08,6.72,7.0,7.08,-0.25,-3.5311,4.4324,14683677,101694742.4,2436403774.32,2262647843.51
2009-02-04,'000407,胜利股份,7.08,7.16,6.71,6.85,6.82,0.26,3.8123,5.5912,18522595,127975921.21,2525584000.32,2345468042.76
2009-02-03,'000407,胜利股份,6.82,6.85,6.62,6.69,6.72,0.1,1.4881,3.6973,12248564,82997147.99,2432836565.28,2259335035.54
2009-02-02,'000407,胜利股份,6.72,6.8,6.55,6.75,6.68,0.04,0.5988,3.0119,9977798,66454385.9,2397164474.88,2226206955.84
2009-01-23,'000407,胜利股份,6.68,6.86,6.66,6.75,6.66,0.02,0.3003,3.7541,12436458,83944576.11,2382895638.72,2212955723.96
2009-01-22,'000407,胜利股份,6.66,6.73,6.51,6.7,6.64,0.02,0.3012,2.5547,8463169,55901441.63,2375761220.64,2206330108.02
2009-01-21,'000407,胜利股份,6.64,6.75,6.41,6.44,6.53,0.11,1.6845,3.4416,11401483,75593258.95,2368626802.56,2199704492.08
2009-01-20,'000407,胜利股份,6.53,6.62,6.37,6.55,6.5,0.03,0.4615,2.5701,8514110,55363170.65,2329387503.12,2163263604.41
2009-01-19,'000407,胜利股份,6.5,6.57,6.32,6.43,6.27,0.23,3.6683,4.3158,14297566,92238933.89,2318685876.0,2153325180.5
2009-01-16,'000407,胜利股份,6.27,6.57,6.25,6.31,6.21,0.06,0.9662,4.2201,13980304,89571435.23,2236640068.08,2077130597.19
2009-01-15,'000407,胜利股份,6.21,6.34,6.02,6.08,6.13,0.08,1.3051,3.048,10097431,62628092.86,2215236813.84,2057253749.37
2009-01-14,'000407,胜利股份,6.13,6.13,5.86,5.86,5.88,0.25,4.2517,1.5792,5231500,31631909.18,2186699141.52,2030751285.61
2009-01-13,'000407,胜利股份,5.88,6.12,5.85,6.02,6.11,-0.23,-3.7643,1.6146,5348995,31929251.21,2097518915.52,1947931086.36
2009-01-12,'000407,胜利股份,6.11,6.22,6.06,6.13,6.13,-0.02,-0.3263,2.1688,7184661,44283653.04,2179564723.44,2024125669.67
2009-01-09,'000407,胜利股份,6.13,6.13,5.89,5.89,5.87,0.26,4.4293,2.4301,8050408,48783042.5,2186699141.52,2030751285.61
2009-01-08,'000407,胜利股份,5.87,5.95,5.81,5.87,6.0,-0.13,-2.1667,1.345,4455879,26220924.89,2093951706.48,1944618278.39
2009-01-07,'000407,胜利股份,6.0,6.09,5.93,5.98,5.95,0.05,0.8403,2.1126,6998499,42026999.0,2140325424.0,1987684782.0
2009-01-06,'000407,胜利股份,5.95,5.96,5.7,5.75,5.74,0.21,3.6585,2.0203,6692802,39306199.88,2122489378.8,1971120742.15
2009-01-05,'000407,胜利股份,5.74,5.74,5.61,5.65,5.55,0.19,3.4234,0.9374,3105429,17643855.4,2047577988.96,1901551774.78
2008-12-31,'000407,胜利股份,5.55,5.73,5.53,5.69,5.69,-0.14,-2.4605,0.7561,2504935,14112906.63,1979801017.2,1838608423.35
2008-12-30,'000407,胜利股份,5.69,5.93,5.67,5.88,5.86,-0.17,-2.901,1.2937,4285678,24792956.06,2029741943.76,1884987734.93
2008-12-29,'000407,胜利股份,5.86,5.89,5.62,5.77,5.67,0.19,3.351,2.0631,6834602,39697574.47,2090384497.44,1941305470.42
2008-12-26,'000407,胜利股份,5.67,5.75,5.55,5.7,5.63,0.04,0.7105,1.0535,3489954,19761808.64,2022607525.68,1878362118.99
2008-12-25,'000407,胜利股份,5.63,5.78,5.53,5.71,5.68,-0.05,-0.8803,1.2215,4046514,22829341.92,2008338689.52,1865110887.11
2008-12-24,'000407,胜利股份,5.68,5.85,5.59,5.65,5.76,-0.08,-1.3889,1.5799,5233869,30021647.9,2026174734.72,1881674926.96
2008-12-23,'000407,胜利股份,5.76,6.36,5.75,6.36,6.3,-0.54,-8.5714,2.4306,8052178,48659672.21,2054712407.04,1908177390.72
2008-12-22,'000407,胜利股份,6.3,6.33,6.13,6.18,6.13,0.17,2.7732,2.9927,9914252,61837456.38,2247341695.2,2087069021.1
2008-12-19,'000407,胜利股份,6.13,6.32,6.06,6.09,6.06,0.07,1.1551,2.5653,8498322,52717069.66,2186699141.52,2030751285.61
2008-12-18,'000407,胜利股份,6.06,6.09,5.9,5.94,5.94,0.12,2.0202,1.6176,5358697,32166667.86,2161728678.24,2007561629.82
2008-12-17,'000407,胜利股份,5.94,6.16,5.92,5.98,5.98,-0.04,-0.6689,2.1761,7208900,43608242.84,2118922169.76,1967807934.18
2008-12-16,'000407,胜利股份,5.98,5.99,5.66,5.78,5.86,0.12,2.0478,1.5301,5068888,29485143.16,2133191005.92,1981059166.06
2008-12-15,'000407,胜利股份,5.86,5.94,5.67,5.88,5.79,0.07,1.209,1.6298,5399320,31434512.09,2090384497.44,1941305470.42
2008-12-12,'000407,胜利股份,5.79,6.1,5.58,6.05,6.12,-0.33,-5.3922,2.948,9766101,57245093.47,2065414034.16,1918115814.63
2008-12-11,'000407,胜利股份,6.12,6.48,6.1,6.34,6.45,-0.33,-5.1163,4.1018,13588519,85055693.08,2183131932.48,2027438477.64
2008-12-10,'000407,胜利股份,6.45,6.58,6.08,6.09,6.03,0.42,6.9652,6.229,20635347,132332103.61,2300849830.8,2136761140.65
2008-12-09,'000407,胜利股份,6.03,6.32,6.0,6.32,6.27,-0.24,-3.8278,3.2809,10868843,66467609.46,2151027051.12,1997623205.91
2008-12-08,'000407,胜利股份,6.27,6.36,6.1,6.18,6.02,0.25,4.1528,3.2127,10643034,66311118.53,2236640068.08,2077130597.19
2008-12-05,'000407,胜利股份,6.02,6.07,5.8,5.85,5.83,0.19,3.259,2.3947,7933236,46992183.71,2147459842.08,1994310397.94
2008-12-04,'000407,胜利股份,5.83,6.17,5.8,5.99,5.93,-0.1,-1.6863,5.0397,16695445,99541885.48,2079682870.32,1931367046.51
2008-12-03,'000407,胜利股份,5.93,5.95,5.67,5.68,5.63,0.3,5.3286,3.1968,10590404,61836026.6,2115354960.72,1964495126.21
2008-12-02,'000407,胜利股份,5.63,5.68,5.14,5.39,5.53,0.1,1.8083,2.1844,7236573,40097536.77,2008338689.52,1865110887.11
2008-12-01,'000407,胜利股份,5.53,5.55,5.2,5.36,5.35,0.18,3.3645,1.4901,4936322,26704143.52,1972666599.12,1831982807.41
2008-11-28,'000407,胜利股份,5.35,5.6,5.29,5.53,5.65,-0.3,-5.3097,1.9934,6603817,35734507.56,1908456836.4,1772352263.95
2008-11-27,'000407,胜利股份,5.65,6.18,5.64,6.12,5.7,-0.05,-0.8772,3.4197,11328692,66855593.33,2015473107.6,1871736503.05
2008-11-26,'000407,胜利股份,5.7,5.85,5.58,5.8,5.81,-0.11,-1.8933,1.9395,6425327,36729975.44,2033309152.8,1888300542.9
2008-11-25,'000407,胜利股份,5.81,5.88,5.6,5.69,5.59,0.22,3.9356,3.2373,10724462,61731236.07,2072548452.24,1924741430.57
2008-11-24,'000407,胜利股份,5.59,5.92,5.58,5.68,5.55,0.04,0.7207,5.356,17743464,102348841.91,1994069853.36,1851859655.23
2008-11-21,'000407,胜利股份,5.55,5.74,5.15,5.39,5.55,0.0,0.0,2.3392,7749265,42226618.55,1979801017.2,1838608423.35
2008-11-20,'000407,胜利股份,5.55,5.78,5.36,5.51,5.68,-0.13,-2.2887,2.3938,7930311,44139786.22,1979801017.2,1838608423.35
2008-11-19,'000407,胜利股份,5.68,5.71,5.25,5.28,5.31,0.37,6.968,2.3269,7708560,42168711.95,2026174734.72,1881674926.96
2008-11-18,'000407,胜利股份,5.31,5.94,5.31,5.84,5.9,-0.59,-10.0,3.1532,10445951,58072004.13,1894188000.24,1759101032.07
2008-11-17,'000407,胜利股份,5.9,5.98,5.4,5.52,5.52,0.38,6.8841,2.9656,9824457,55000962.1,2104653333.6,1954556702.3
2008-11-14,'000407,胜利股份,5.52,5.57,5.3,5.32,5.29,0.23,4.3478,2.6121,8653249,47032789.5,1969099390.08,1828669999.44
2008-11-13,'000407,胜利股份,5.29,5.37,4.98,5.01,5.07,0.22,4.3393,2.6587,8807847,46158155.93,1887053582.16,1752475416.13
2008-11-12,'000407,胜利股份,5.07,5.11,4.91,4.99,5.03,0.04,0.7952,1.0615,3516405,17656883.95,1808574983.28,1679593640.79
2008-11-11,'000407,胜利股份,5.03,5.19,5.01,5.18,5.15,-0.12,-2.3301,1.5718,5207225,26532200.45,1794306147.12,1666342408.91
2008-11-10,'000407,胜利股份,5.15,5.16,4.86,4.88,4.76,0.39,8.1933,1.5792,5231678,26312070.82,1837112655.6,1706096104.55
2008-11-07,'000407,胜利股份,4.76,4.84,4.58,4.6,4.63,0.13,2.8078,0.7065,2340433,11119922.26,1697991503.04,1576896593.72
2008-11-06,'000407,胜利股份,4.63,4.72,4.6,4.61,4.79,-0.16,-3.3403,0.5079,1682454,7819419.91,1651617785.52,1533830090.11
2008-11-05,'000407,胜利股份,4.79,4.82,4.65,4.7,4.63,0.16,3.4557,0.8604,2850351,13584288.85,1708693130.16,1586835017.63
2008-11-04,'000407,胜利股份,4.63,4.77,4.5,4.7,4.73,-0.1,-2.1142,0.6874,2277338,10528604.85,1651617785.52,1533830090.11
2008-11-03,'000407,胜利股份,4.73,4.99,4.72,4.85,4.91,-0.18,-3.666,0.5777,1913928,9297720.47,1687289875.92,1566958169.81
2008-10-31,'000407,胜利股份,4.91,5.09,4.89,5.07,5.05,-0.14,-2.7723,0.6023,1995165,9896206.92,1751499638.64,1626588713.27
2008-10-30,'000407,胜利股份,5.05,5.1,4.92,5.05,4.97,0.08,1.6097,0.7142,2365951,11912241.14,1801440565.2,1672968024.85
2008-10-29,'000407,胜利股份,4.97,5.28,4.93,5.24,5.12,-0.15,-2.9297,1.4772,4893732,25011610.1,1772902892.88,1646465561.09
2008-10-28,'000407,胜利股份,5.12,5.19,4.68,4.74,4.87,0.25,5.1335,1.2498,4140486,20646584.75,1826411028.48,1696157680.64
2008-10-27,'000407,胜利股份,4.87,5.19,4.85,5.19,5.27,-0.4,-7.5901,1.4083,4665326,23330306.26,1737230802.48,1613337481.39
2008-10-24,'000407,胜利股份,5.27,5.45,5.19,5.19,5.09,0.18,3.5363,2.6815,8883358,47344895.19,1879919164.08,1745849800.19
2008-10-23,'000407,胜利股份,5.09,5.09,4.74,4.89,4.96,0.13,2.621,1.0155,3364074,16569073.95,1815709401.36,1686219256.73
2008-10-22,'000407,胜利股份,4.96,5.28,4.93,5.18,5.26,-0.3,-5.7034,1.3485,4467180,22683634.87,1769335683.84,1643152753.12
2008-10-21,'000407,胜利股份,5.26,5.47,5.21,5.37,5.3,-0.04,-0.7547,1.2952,4290615,22829963.66,1876351955.04,1742536992.22
2008-10-20,'000407,胜利股份,5.3,5.34,5.06,5.16,5.16,0.14,2.7132,1.2472,4131578,21613332.25,1890620791.2,1755788224.1
2008-10-17,'000407,胜利股份,5.16,5.25,4.91,5.0,4.92,0.24,4.878,1.3833,4582641,23304426.45,1840679864.64,1709408912.52
2008-10-16,'000407,胜利股份,4.92,5.25,4.91,5.12,5.44,-0.52,-9.5588,1.9295,6392117,32057686.45,1755066847.68,1629901521.24
2008-10-15,'000407,胜利股份,5.44,5.8,5.39,5.8,5.82,-0.38,-6.5292,2.2987,7615244,42337604.17,1940561717.76,1802167535.68
2008-10-14,'000407,胜利股份,5.82,6.6,5.82,6.5,6.2,-0.38,-6.129,4.8918,16205652,101832032.44,2076115661.28,1928054238.54
2008-10-13,'000407,胜利股份,6.2,6.22,5.58,5.58,5.67,0.53,9.3474,2.483,8225790,48595314.24,2211669604.8,2053940941.4
2008-10-10,'000407,胜利股份,5.67,5.79,5.51,5.66,5.83,-0.16,-2.7444,1.248,4134513,23325966.36,2022607525.68,1878362118.99
2008-10-09,'000407,胜利股份,5.83,5.89,5.58,5.69,5.57,0.26,4.6679,1.459,4833495,27796053.74,2079682870.32,1931367046.51
2008-10-08,'000407,胜利股份,5.57,5.65,5.45,5.55,5.66,-0.09,-1.5901,0.9467,3136142,17399530.28,1986935435.28,1845234039.29
2008-10-07,'000407,胜利股份,5.66,5.77,5.41,5.53,5.77,-0.11,-1.9064,0.9056,3000207,16801601.75,2019040316.64,1875049311.02
2008-10-06,'000407,胜利股份,5.77,5.97,5.74,5.97,6.13,-0.36,-5.8728,1.2839,4253439,24795223.64,2058279616.08,1911490198.69
2008-09-26,'000407,胜利股份,6.13,6.38,6.01,6.2,6.18,-0.05,-0.8091,2.4858,8235044,50875148.65,2186699141.52,2030751285.61
2008-09-25,'000407,胜利股份,6.18,6.26,5.89,6.07,6.06,0.12,1.9802,2.481,8219158,50349555.78,2204535186.72,2047315325.46
2008-09-24,'000407,胜利股份,6.06,6.06,5.52,5.67,5.89,0.17,2.8862,1.8579,6154919,35437107.8,2161728678.24,2007561629.82
2008-09-23,'000407,胜利股份,5.89,6.2,5.85,6.0,5.78,0.11,1.9031,4.3145,14293272,85729307.55,2101086124.56,1951243894.33
2008-09-22,'000407,胜利股份,5.78,5.78,5.78,5.78,5.25,0.53,10.0952,0.3057,1012752,5853706.56,2061846825.12,1914803006.66
2008-09-19,'000407,胜利股份,5.25,5.25,5.25,5.25,4.77,0.48,10.0629,0.0363,120180,630945.0,1872784746.0,1739224184.25
2008-09-18,'000407,胜利股份,4.77,4.89,4.46,4.8,4.95,-0.18,-3.6364,0.9912,3283722,15393215.98,1701558712.08,1580209401.69
2008-09-17,'000407,胜利股份,4.95,5.22,4.71,5.12,5.12,-0.17,-3.3203,1.1509,3812667,18748212.32,1765768474.8,1639839945.15
2008-09-16,'000407,胜利股份,5.12,5.38,5.1,5.37,5.37,-0.25,-4.6555,0.7131,2362426,12349440.51,1826411028.48,1696157680.64
2008-09-12,'000407,胜利股份,5.37,5.46,5.3,5.35,5.33,0.04,0.7505,0.341,1129634,6068912.65,1915591254.48,1778977879.89
2008-09-11,'000407,胜利股份,5.33,5.8,5.3,5.75,5.73,-0.4,-6.9808,0.5719,1894575,10475522.99,1901322418.32,1765726648.01
2008-09-10,'000407,胜利股份,5.73,5.97,5.66,5.66,5.72,0.01,0.1748,0.4226,1400116,8118692.16,2044010779.92,1898238966.81
2008-09-09,'000407,胜利股份,5.72,5.9,5.65,5.78,5.72,0.0,0.0,0.3241,1073651,6157155.79,2040443570.88,1894926158.84
2008-09-08,'000407,胜利股份,5.72,6.15,5.67,6.06,6.01,-0.29,-4.8253,0.5313,1760132,10297914.31,2040443570.88,1894926158.84
2008-09-05,'000407,胜利股份,6.01,6.26,5.91,6.0,6.27,-0.26,-4.1467,0.6717,2225128,13486461.19,2143892633.04,1990997589.97
2008-09-04,'000407,胜利股份,6.27,6.38,6.18,6.28,6.27,0.0,0.0,0.3702,1226454,7690900.48,2236640068.08,2077130597.19
2008-09-03,'000407,胜利股份,6.27,6.32,6.02,6.1,6.1,0.17,2.7869,0.583,1931218,11922425.63,2236640068.08,2077130597.19
2008-09-02,'000407,胜利股份,6.1,6.19,6.02,6.06,6.06,0.04,0.6601,0.3672,1216618,7418208.97,2175997514.4,2020812861.7
2008-09-01,'000407,胜利股份,6.06,6.36,6.02,6.36,6.39,-0.33,-5.1643,0.5118,1695607,10468396.0,2161728678.24,2007561629.82
2008-08-29,'000407,胜利股份,6.39,6.5,6.23,6.27,6.27,0.12,1.9139,0.8567,2838073,18098390.49,2279446576.56,2116884292.83
2008-08-28,'000407,胜利股份,6.27,6.31,6.08,6.09,6.08,0.19,3.125,0.734,2431639,15056783.77,2236640068.08,2077130597.19
2008-08-27,'000407,胜利股份,6.08,6.25,5.9,6.09,6.09,-0.01,-0.1642,0.4653,1541514,9379824.31,2168863096.32,2014187245.76
2008-08-26,'000407,胜利股份,6.09,6.43,5.85,6.39,6.48,-0.39,-6.0185,0.8864,2936352,17814504.9,2172430305.36,2017500053.73
2008-08-25,'000407,胜利股份,6.48,6.66,6.4,6.63,6.56,-0.08,-1.2195,0.3907,1294219,8485889.78,2311551457.92,2146699564.56
2008-08-22,'000407,胜利股份,6.56,6.86,6.28,6.8,6.85,-0.29,-4.2336,0.7516,2489826,16277696.9,2340089130.24,2173202028.32
2008-08-21,'000407,胜利股份,6.85,7.15,6.8,6.95,7.1,-0.25,-3.5211,0.9404,3115248,21578688.48,2443538192.4,2269273459.45
2008-08-20,'000407,胜利股份,7.1,7.11,6.22,6.38,6.46,0.64,9.9071,1.4407,4772925,32827420.44,2532718418.4,2352093658.7
2008-08-19,'000407,胜利股份,6.46,6.51,6.05,6.25,6.27,0.19,3.0303,0.6833,2263506,14260800.12,2304417039.84,2140073948.62
2008-08-18,'000407,胜利股份,6.27,7.09,6.27,7.02,6.97,-0.7,-10.043,1.008,3339391,21706821.49,2236640068.08,2077130597.19
2008-08-15,'000407,胜利股份,6.97,7.17,6.82,7.0,7.1,-0.13,-1.831,0.7799,2583492,18104892.08,2486344700.88,2309027155.09
2008-08-14,'000407,胜利股份,7.1,7.21,6.6,6.88,6.89,0.21,3.0479,1.1451,3793486,26371216.88,2532718418.4,2352093658.7
2008-08-13,'000407,胜利股份,6.89,7.17,6.45,7.17,7.17,-0.28,-3.9052,1.875,6211372,41471801.63,2457807028.56,2282524691.33
2008-08-12,'000407,胜利股份,7.17,7.56,7.02,7.26,7.46,-0.29,-3.8874,0.7531,2494985,18184551.67,2557688881.68,2375283314.49
2008-08-11,'000407,胜利股份,7.46,8.35,7.46,8.31,8.29,-0.83,-10.0121,0.8208,2719101,21143580.59,2661137943.84,2471354745.62
2008-08-08,'000407,胜利股份,8.29,9.12,8.15,9.12,9.05,-0.76,-8.3978,0.7567,2506785,21529610.86,2957216294.16,2746317807.13
2008-08-07,'000407,胜利股份,9.05,9.09,8.8,8.92,8.85,0.2,2.2599,0.3188,1056006,9459948.43,3228324181.2,2998091212.85
2008-08-06,'000407,胜利股份,8.85,9.11,8.71,8.89,8.8,0.05,0.5682,0.4437,1470045,13097815.27,3156980000.4,2931835053.45
2008-08-05,'000407,胜利股份,8.8,9.25,8.75,9.2,9.05,-0.25,-2.7624,0.5678,1881153,16830233.59,3139143955.2,2915271013.6
2008-08-04,'000407,胜利股份,9.05,9.42,9.0,9.32,9.35,-0.3,-3.2086,0.4598,1523078,14046081.72,3228324181.2,2998091212.85
2008-08-01,'000407,胜利股份,9.35,9.45,9.05,9.19,9.13,0.22,2.4096,0.6925,2294015,21215401.28,3335340452.4,3097475451.95
2008-07-31,'000407,胜利股份,9.13,9.87,9.1,9.8,9.8,-0.67,-6.8367,1.2726,4215810,39508395.94,3256861853.52,3024593676.61
2008-07-30,'000407,胜利股份,9.8,10.18,9.7,10.07,9.9,-0.1,-1.0101,0.8634,2860262,28449351.17,3495864859.2,3246551810.6
2008-07-29,'000407,胜利股份,9.9,10.18,9.84,10.02,10.18,-0.28,-2.7505,0.98,3246538,32278501.09,3531536949.6,3279679890.3
2008-07-28,'000407,胜利股份,10.18,10.4,9.98,9.99,9.88,0.3,3.0364,1.1242,3724301,38078547.15,3631418802.72,3372438513.46
2008-07-25,'000407,胜利股份,9.88,10.16,9.77,10.16,10.21,-0.33,-3.2321,1.2886,4268892,42316868.78,3524402531.52,3273054274.36
2008-07-24,'000407,胜利股份,10.21,10.35,10.0,10.1,9.96,0.25,2.51,1.4508,4806204,48989319.87,3642120429.84,3382376937.37
2008-07-23,'000407,胜利股份,9.96,10.3,9.92,10.17,10.13,-0.17,-1.6782,1.2346,4090122,41137616.02,3552940203.84,3299556738.12
2008-07-22,'000407,胜利股份,10.13,10.35,10.05,10.2,10.29,-0.16,-1.5549,1.3905,4606386,46871887.63,3613582757.52,3355874473.61
2008-07-21,'000407,胜利股份,10.29,10.4,9.6,9.73,9.85,0.44,4.467,1.9991,6622676,67479293.55,3670658102.16,3408879401.13
2008-07-18,'000407,胜利股份,9.85,9.92,9.23,9.57,9.35,0.5,5.3476,1.3333,4417056,42350177.52,3513700904.4,3263115850.45
2008-07-17,'000407,胜利股份,9.35,9.64,9.2,9.4,9.18,0.17,1.8519,0.9777,3238850,30608202.71,3335340452.4,3097475451.95
2008-07-16,'000407,胜利股份,9.18,9.64,9.01,9.31,9.43,-0.25,-2.6511,1.0571,3501892,32552857.53,3274697898.72,3041157716.46
2008-07-15,'000407,胜利股份,9.43,9.79,9.2,9.6,9.55,-0.12,-1.2565,0.885,2931966,27736942.38,3363878124.72,3123977915.71
2008-07-14,'000407,胜利股份,9.55,9.57,8.85,9.0,9.03,0.52,5.7586,1.077,3567897,33171126.35,3406684633.2,3163731611.35
2008-07-11,'000407,胜利股份,9.03,9.4,8.81,9.15,9.46,-0.43,-4.5455,2.1189,6263320,57046766.33,3221189763.12,2669152253.46
2008-07-10,'000407,胜利股份,9.46,10.08,9.46,9.95,10.12,-0.66,-6.5217,2.1174,6258849,61594454.19,3374579751.84,2796254741.72
2008-07-09,'000407,胜利股份,10.12,10.19,9.7,9.7,9.74,0.38,3.9014,2.3352,6902640,68949001.58,3610015548.48,2991342281.84
2008-07-08,'000407,胜利股份,9.74,9.9,9.45,9.8,9.86,-0.12,-1.217,1.9202,5675717,54794400.63,3474461604.96,2879019152.68
2008-07-07,'000407,胜利股份,9.86,9.97,9.37,9.37,9.49,0.37,3.8988,1.7725,5239263,51399819.05,3517268113.44,2914489614.52
2008-07-04,'000407,胜利股份,9.49,9.85,9.31,9.68,9.47,0.02,0.2112,1.9789,5849378,56299826.38,3385281378.96,2805122357.18
2008-07-03,'000407,胜利股份,9.47,9.6,8.85,9.02,9.11,0.36,3.9517,1.5943,4712601,44024491.81,3378146960.88,2799210613.54
2008-07-02,'000407,胜利股份,9.11,9.29,8.82,9.02,8.95,0.16,1.7877,1.1256,3327130,30296367.14,3249727435.44,2692799228.02
2008-07-01,'000407,胜利股份,8.95,9.1,8.58,8.83,8.73,0.22,2.52,1.138,3363661,29736672.97,3192652090.8,2645505278.9
2008-06-30,'000407,胜利股份,8.73,9.09,8.3,8.7,8.82,-0.09,-1.0204,1.3864,4098126,35884265.51,3114173491.92,2580476098.86
2008-06-27,'000407,胜利股份,8.82,9.54,8.82,9.4,9.8,-0.98,-10.0,2.3496,6945156,62887634.89,3146278373.28,2607078945.24
2008-06-26,'000407,胜利股份,9.8,10.27,9.65,10.0,9.6,0.2,2.0833,2.8629,8462288,84422904.27,3495864859.2,2896754383.6
2008-06-25,'000407,胜利股份,0.0,0.0,0.0,0.0,9.6,None,None,0.0,0,0.0,3424520678.4,2837636947.2
2008-06-24,'000407,胜利股份,9.6,9.85,8.98,9.0,9.2,0.4,4.3478,2.1116,6241750,59209522.57,3424520678.4,2837636947.2
2008-06-23,'000407,胜利股份,9.2,9.2,8.56,8.78,8.8,0.4,4.5455,2.1487,6351175,56760224.15,3281832316.8,2719402074.4
2008-06-20,'000407,胜利股份,8.8,8.84,8.1,8.22,8.04,0.76,9.4527,2.8755,8499466,73830350.44,3139143955.2,2601167201.6
2008-06-19,'000407,胜利股份,8.04,9.22,8.0,8.5,8.64,-0.6,-6.9444,2.7111,8013601,69887432.08,2868036068.16,2376520943.28
2008-06-18,'000407,胜利股份,8.64,8.64,7.47,7.8,7.85,0.79,10.0637,2.6417,7808595,64714461.01,3082068610.56,2553873252.48
2008-06-17,'000407,胜利股份,7.85,8.58,7.72,8.41,8.58,-0.73,-8.5082,1.5422,4558656,37093264.07,2800259096.4,2320359378.7
2008-06-16,'000407,胜利股份,8.58,9.19,8.18,9.08,8.91,-0.33,-3.7037,1.5452,4567288,39193596.89,3060665356.32,2536138021.56
2008-06-13,'000407,胜利股份,8.91,9.84,8.9,9.78,9.69,-0.78,-8.0495,2.0186,5966861,54721858.24,3178383254.64,2633681791.62
2008-06-12,'000407,胜利股份,9.69,9.92,9.32,9.43,9.43,0.26,2.7572,1.7967,5310695,51145673.35,3456625559.76,2864239793.58
2008-06-11,'000407,胜利股份,9.43,10.0,9.23,9.7,10.17,-0.74,-7.2763,1.7739,5243357,49771682.96,3363878124.72,2787387126.26
2008-06-10,'000407,胜利股份,10.17,10.77,10.17,10.77,11.3,-1.13,-10.0,2.3719,7011146,72200533.88,3627851593.68,3006121640.94
2008-06-06,'000407,胜利股份,11.3,13.8,11.3,13.8,12.56,-1.26,-10.0318,4.6387,13711277,166947509.64,4030946215.2,3340135156.6
2008-06-05,'000407,胜利股份,0.0,0.0,0.0,0.0,12.56,None,None,0.0,0,0.0,4480414554.24,3712575005.92
2008-06-04,'000407,胜利股份,0.0,0.0,0.0,0.0,12.56,None,None,0.0,0,0.0,4480414554.24,3712575005.92
2008-06-03,'000407,胜利股份,0.0,0.0,0.0,0.0,12.56,None,None,0.0,0,0.0,4480414554.24,3712575005.92
2008-06-02,'000407,胜利股份,0.0,0.0,0.0,0.0,12.56,None,None,0.0,0,0.0,4480414554.24,3712575005.92
2008-05-30,'000407,胜利股份,12.56,13.56,12.08,13.25,13.22,-0.66,-4.9924,2.5904,7656749,98112305.53,4480414554.24,3712575005.92
2008-05-29,'000407,胜利股份,13.22,13.78,13.15,13.65,13.88,-0.66,-4.755,2.747,8119828,108958603.01,4715850350.88,3907662546.04
2008-05-28,'000407,胜利股份,13.88,13.96,13.11,13.48,13.33,0.55,4.126,4.7786,14124832,191162123.1,4951286147.52,4102750086.16
2008-05-27,'000407,胜利股份,13.33,13.38,12.66,12.67,12.67,0.66,5.2092,3.424,10121051,132281833.69,4755089650.32,3940177136.06
2008-05-26,'000407,胜利股份,12.67,13.37,12.51,12.6,12.63,0.04,0.3167,2.7243,8052696,104383017.73,4519653853.68,3745089595.94
2008-05-23,'000407,胜利股份,12.63,13.1,12.52,12.65,12.76,-0.13,-1.0188,2.3511,6949656,89174720.15,4505385017.52,3733266108.66
2008-05-22,'000407,胜利股份,12.76,13.11,11.82,11.82,12.12,0.64,5.2805,3.4916,10320664,130851303.51,4551758735.04,3771692442.32
2008-05-21,'000407,胜利股份,12.12,12.41,10.51,11.01,11.59,0.53,4.5729,3.9221,11593085,134838589.87,4323457356.48,3582516645.84
2008-05-20,'000407,胜利股份,11.59,12.88,11.59,12.76,12.88,-1.29,-10.0155,3.378,9984881,120806343.71,4134395277.36,3425855439.38
2008-05-19,'000407,胜利股份,12.88,13.15,11.98,11.98,11.98,0.9,7.5125,3.7543,11097333,140596920.46,4594565243.52,3807162904.16
2008-05-16,'000407,胜利股份,11.98,12.25,11.79,12.0,12.0,-0.02,-0.1667,1.9049,5630777,67379575.25,4273516429.92,3541134440.36
2008-05-15,'000407,胜利股份,12.0,12.44,11.68,11.83,11.84,0.16,1.3514,2.9546,8733507,105731747.41,4280650848.0,3547046184.0
2008-05-14,'000407,胜利股份,11.84,12.07,10.81,10.81,10.97,0.87,7.9307,3.7723,11150313,130763619.03,4223575503.36,3499752234.88
2008-05-13,'000407,胜利股份,10.97,11.35,10.62,10.63,11.01,-0.04,-0.3633,2.3569,6966798,76550411.46,3913228316.88,3242591386.54
2008-05-12,'000407,胜利股份,11.01,11.27,10.11,10.2,10.4,0.61,5.8654,1.7674,5224275,56394293.29,3927497153.04,3254414873.82
2008-05-09,'000407,胜利股份,10.4,10.66,10.08,10.2,10.05,0.35,3.4826,2.7577,8151451,84921162.12,3709897401.6,3074106692.8
2008-05-08,'000407,胜利股份,10.05,10.09,9.31,9.45,9.55,0.5,5.2356,1.5989,4726236,46212177.53,3585045085.2,2970651179.1
2008-05-07,'000407,胜利股份,9.55,10.17,9.49,10.1,10.14,-0.59,-5.8185,2.0498,6058929,59870389.09,3406684633.2,2822857588.1
2008-05-06,'000407,胜利股份,10.14,10.16,9.79,10.06,10.04,0.1,0.996,1.7936,5301604,53125360.72,3617149966.56,2997254025.48
2008-05-05,'000407,胜利股份,10.04,10.26,9.7,9.95,9.89,0.15,1.5167,2.4974,7381944,73625438.94,3581477876.16,2967695307.28
2008-04-30,'000407,胜利股份,9.89,9.97,9.25,9.25,9.3,0.59,6.3441,1.6834,4975827,48257510.91,3527969740.56,2923357229.98
2008-04-29,'000407,胜利股份,9.3,9.51,9.2,9.2,9.2,0.1,1.087,1.0999,3251253,30377934.54,3317504407.2,2748960792.6
2008-04-28,'000407,胜利股份,9.2,9.4,8.8,9.1,9.07,0.13,1.4333,1.5996,4728249,43617646.36,3281832316.8,2719402074.4
2008-04-25,'000407,胜利股份,9.07,9.54,8.98,9.2,8.86,0.21,2.3702,3.99,11793787,110034574.06,3235458599.28,2680975740.74
2008-04-24,'000407,胜利股份,8.86,8.86,8.53,8.86,8.05,0.81,10.0621,1.9073,5637657,49759224.03,3160547209.44,2618902432.52
2008-04-23,'000407,胜利股份,8.05,8.13,7.27,7.52,7.52,0.53,7.0479,2.2048,6517112,50434848.86,2871603277.2,2379476815.1
2008-04-22,'000407,胜利股份,7.52,7.54,6.95,7.25,7.35,0.17,2.3129,1.5127,4471323,32540483.37,2682541198.08,2222815608.64
2008-04-21,'000407,胜利股份,7.35,7.55,7.0,7.5,6.9,0.45,6.5217,2.071,6121554,44638199.81,2621898644.4,2172565787.7
2008-04-18,'000407,胜利股份,6.9,7.44,6.9,7.38,7.4,-0.5,-6.7568,1.2706,3755822,26617115.57,2461374237.6,2039551555.8
2008-04-17,'000407,胜利股份,7.4,8.34,7.3,8.05,8.11,-0.71,-8.7546,2.4349,7197352,54490919.3,2639734689.6,2187345146.8
2008-04-16,'000407,胜利股份,8.11,8.6,8.1,8.6,8.57,-0.46,-5.3676,0.6148,1817249,15058033.56,2893006531.44,2397212046.02
2008-04-15,'000407,胜利股份,8.57,8.6,8.05,8.15,8.35,0.22,2.6347,0.8195,2422263,20095413.29,3057098147.28,2533182149.74
2008-04-14,'000407,胜利股份,8.35,9.0,8.31,8.99,9.12,-0.77,-8.443,0.9275,2741676,23580630.66,2978619548.4,2468152969.7
2008-04-11,'000407,胜利股份,9.12,9.3,8.95,8.96,8.86,0.26,2.9345,0.7644,2259360,20670543.03,3253294644.48,2695755099.84
2008-04-10,'000407,胜利股份,8.86,8.92,8.4,8.5,8.7,0.16,1.8391,1.0381,3068483,26785403.05,3160547209.44,2618902432.52
2008-04-09,'000407,胜利股份,8.7,9.47,8.7,9.38,9.4,-0.7,-7.4468,1.1758,3475372,31873381.57,3103471864.8,2571608483.4
2008-04-08,'000407,胜利股份,9.4,9.58,9.0,9.35,9.28,0.12,1.2931,1.5494,4579872,42930472.32,3353176497.6,2778519510.8
2008-04-07,'000407,胜利股份,9.28,9.33,8.4,8.61,8.65,0.63,7.2832,1.4351,4241867,38660692.86,3310369989.12,2743049048.96
2008-04-03,'000407,胜利股份,8.65,8.88,7.81,8.28,8.39,0.26,3.0989,1.573,4649578,38322741.28,3085635819.6,2556829124.3
2008-04-02,'000407,胜利股份,8.39,9.6,8.37,9.5,9.3,-0.91,-9.7849,2.0576,6081903,53156464.16,2992888384.56,2479976456.98
2008-04-01,'000407,胜利股份,9.3,10.52,9.3,10.33,10.33,-1.03,-9.971,1.7444,5156174,49494692.19,3317504407.2,2748960792.6
2008-03-31,'000407,胜利股份,10.33,10.9,10.28,10.58,10.98,-0.65,-5.9199,1.1266,3330085,34924538.25,3684926938.32,3053415590.06
2008-03-28,'000407,胜利股份,10.98,11.15,10.18,10.55,11.31,-0.33,-2.9178,2.9209,8633765,92254698.34,3916795525.92,3245547258.36
2008-03-27,'000407,胜利股份,11.31,11.69,11.02,11.25,11.3,0.01,0.0885,1.8999,5616254,64023992.81,4034513424.24,3343393616.16
2008-03-26,'000407,胜利股份,11.3,11.76,11.26,11.56,11.53,-0.23,-1.9948,0.9307,2751220,31599233.03,4030946215.2,3340437476.8
2008-03-25,'000407,胜利股份,11.53,11.58,10.84,10.99,11.21,0.32,2.8546,1.1163,3299916,37250247.41,4112992023.12,3408428682.08
2008-03-24,'000407,胜利股份,11.21,11.98,11.15,11.8,11.64,-0.43,-3.6942,1.6457,4864826,56663037.43,3998841333.84,3313832222.56
2008-03-21,'000407,胜利股份,11.64,11.84,11.31,11.51,11.5,0.14,1.2174,1.8535,5479109,63575955.7,4152231322.56,3440946215.04
2008-03-20,'000407,胜利股份,11.5,11.8,10.2,10.45,10.76,0.74,6.8773,2.627,7765822,84808158.33,4102290396.0,3399560264.0
2008-03-19,'000407,胜利股份,10.76,11.08,10.2,10.69,10.26,0.5,4.8733,2.6752,7908282,84468691.81,3838316927.04,3180805951.36
2008-03-18,'000407,胜利股份,10.26,11.39,10.26,11.21,11.4,-1.14,-10.0,3.1904,9431269,99884813.8,3659956475.04,3032998983.36
2008-03-17,'000407,胜利股份,11.4,12.76,11.39,12.65,12.65,-1.25,-9.8814,2.6116,7720323,92035905.57,4066618305.6,3369998870.4
2008-03-14,'000407,胜利股份,12.65,12.9,12.36,12.5,12.8,-0.15,-1.1719,2.4893,7358617,92774342.09,4512519435.6,3739516290.4
2008-03-13,'000407,胜利股份,12.8,13.95,12.8,13.57,14.22,-1.42,-9.9859,7.9655,23547215,313861003.76,4566027571.2,3783858380.8
2008-03-12,'000407,胜利股份,14.22,15.06,14.14,14.42,13.69,0.53,3.8714,12.3951,36641719,541979815.0,5072571254.88,4203630169.92
2008-03-11,'000407,胜利股份,13.69,13.76,12.85,13.29,13.5,0.19,1.4074,2.4183,7148824,95441460.72,4883509175.76,4046954783.84
2008-03-10,'000407,胜利股份,13.5,14.48,13.46,14.23,14.1,-0.6,-4.2553,4.2141,12457535,175318613.52,4815732204.0,3990788136.0
2008-03-07,'000407,胜利股份,14.1,14.44,13.77,14.18,14.05,0.05,0.3559,4.3317,12805165,180486907.53,5029764746.4,4168156497.6
2008-03-06,'000407,胜利股份,14.05,14.1,13.5,13.55,13.44,0.61,4.5387,4.2947,12695857,176128243.9,5011928701.2,4153375800.8
2008-03-05,'000407,胜利股份,13.44,13.7,13.18,13.22,13.18,0.26,1.9727,4.025,11898559,160193503.9,4794328949.76,3973051299.84
2008-03-04,'000407,胜利股份,13.18,13.5,12.99,13.28,13.2,-0.02,-0.1515,3.0752,9090788,119948119.23,4701581514.72,3896191676.48
2008-03-03,'000407,胜利股份,13.2,13.27,12.45,12.7,12.82,0.38,2.9641,2.1472,6347551,82301998.12,4708715932.8,3902103955.2
2008-02-29,'000407,胜利股份,12.82,12.88,12.48,12.65,12.5,0.32,2.56,1.1804,3489363,44327415.5,4573161989.28,3789770659.52
2008-02-28,'000407,胜利股份,12.5,12.8,12.17,12.48,12.47,0.03,0.2406,1.1075,3273882,40778618.12,4459011300.0,3695174200.0
2008-02-27,'000407,胜利股份,12.47,12.59,12.15,12.34,12.33,0.14,1.1354,0.8134,2404458,29924876.0,4448309672.88,3686305781.92
2008-02-26,'000407,胜利股份,12.33,12.58,11.55,12.45,12.01,0.32,2.6644,1.4305,4228724,51345357.53,4398368746.32,3644919830.88
2008-02-25,'000407,胜利股份,12.01,12.99,12.0,12.78,12.8,-0.79,-6.1719,1.1697,3457856,42893478.86,4284218057.04,3550323371.36
2008-02-22,'000407,胜利股份,12.8,13.22,12.53,13.21,13.23,-0.43,-3.2502,1.9667,5813747,74725670.38,4566027571.2,3783858380.8
2008-02-21,'000407,胜利股份,13.23,13.59,12.68,12.77,12.59,0.64,5.0834,3.7738,11156015,147299385.7,4719417559.92,3910972373.28
2008-02-20,'000407,胜利股份,12.59,12.79,12.41,12.71,12.67,-0.08,-0.6314,1.5919,4705758,59134120.72,4491116181.36,3721779454.24
2008-02-19,'000407,胜利股份,12.67,12.98,12.1,12.25,12.25,0.42,3.4286,2.0326,6008628,75824318.77,4519653853.68,3745428569.12
2008-02-18,'000407,胜利股份,12.25,12.34,11.88,12.01,11.9,0.35,2.9412,1.603,4738660,57533346.93,4369831074.0,3621270716.0
2008-02-15,'000407,胜利股份,11.9,12.18,11.62,12.08,12.18,-0.28,-2.2989,0.8225,2431527,28793244.26,4244978757.6,3517805838.4
2008-02-14,'000407,胜利股份,12.18,12.3,12.0,12.0,11.88,0.3,2.5253,0.7841,2317882,28196029.41,4344860610.72,3600577740.48
2008-02-13,'000407,胜利股份,11.88,12.21,11.72,11.88,12.01,-0.13,-1.0824,0.6915,2044265,24537564.33,4237844339.52,3511893559.68
2008-02-05,'000407,胜利股份,12.01,12.3,11.7,12.0,12.01,0.0,0.0,1.2708,3756758,45167525.25,4284218057.04,3550323371.36
2008-02-04,'000407,胜利股份,12.01,12.17,11.3,11.5,11.12,0.89,8.0036,1.5111,4467044,52643083.13,4284218057.04,3550323371.36
2008-02-01,'000407,胜利股份,11.12,11.72,10.3,11.33,11.42,-0.3,-2.627,1.8822,5563982,60916741.06,3966736452.48,3287226968.32
2008-01-31,'000407,胜利股份,11.42,12.34,11.38,12.2,12.33,-0.91,-7.3804,1.9962,5901114,69746748.34,4073752723.68,3375911149.12
2008-01-30,'000407,胜利股份,12.33,12.69,12.0,12.5,12.38,-0.05,-0.4039,1.2906,3815234,47214068.52,4398368746.32,3644919830.88
2008-01-29,'000407,胜利股份,12.38,12.85,12.0,12.61,12.42,-0.04,-0.3221,1.3454,3977148,49202274.61,4416204791.52,3659700527.68
2008-01-28,'000407,胜利股份,12.42,13.87,12.42,13.87,13.8,-1.38,-10.0,2.664,7875111,100180402.75,4430473627.68,3671525085.12
2008-01-25,'000407,胜利股份,13.8,14.07,13.48,13.6,13.7,0.1,0.7299,2.3586,6972418,95955576.36,4922748475.2,4079472316.8
2008-01-24,'000407,胜利股份,13.7,14.1,13.42,13.8,13.81,-0.11,-0.7965,4.2516,12568207,172667358.32,4887076384.8,4049910923.2
2008-01-23,'000407,胜利股份,13.81,13.81,12.77,12.8,12.55,1.26,10.0398,5.3193,15724733,210747325.9,4926315684.24,4082428456.16
2008-01-22,'000407,胜利股份,12.55,13.34,12.35,13.13,13.72,-1.17,-8.5277,3.9324,11624860,146194060.91,4476847345.2,3709954896.8
2008-01-21,'000407,胜利股份,13.72,15.45,13.72,15.32,15.24,-1.52,-9.9738,2.6053,7701536,112415827.49,4894210802.88,4055823201.92
2008-01-18,'000407,胜利股份,15.24,15.4,14.7,15.31,15.25,-0.01,-0.0656,2.4502,7243121,109366937.37,5436426576.96,4505156384.64
2008-01-17,'000407,胜利股份,15.25,15.78,14.3,15.0,15.22,0.03,0.1971,4.5266,13381340,203356718.03,5439993786.0,4508112524.0
2008-01-16,'000407,胜利股份,15.22,15.55,14.67,14.95,15.12,0.1,0.6614,4.132,12214831,184999873.53,5429292158.88,4499244105.92
2008-01-15,'000407,胜利股份,15.12,15.4,14.8,15.2,15.16,-0.04,-0.2639,3.1409,9284798,140007326.93,5393620068.48,4469682712.32
2008-01-14,'000407,胜利股份,15.16,15.28,14.13,14.13,13.93,1.23,8.8299,6.2429,18454894,272129057.4,5407888904.64,4481507269.76
2008-01-11,'000407,胜利股份,13.93,14.14,13.45,13.88,13.83,0.1,0.7231,2.4025,7102235,97371691.57,4969122192.72,4117902128.48
2008-01-10,'000407,胜利股份,13.83,14.29,13.69,13.95,13.99,-0.16,-1.1437,2.6624,7870297,109932389.63,4933450102.32,4088340734.88
2008-01-09,'000407,胜利股份,13.99,13.99,13.4,13.52,13.72,0.27,1.9679,2.2443,6634605,90804009.36,4990525446.96,4135638964.64
2008-01-08,'000407,胜利股份,13.72,14.58,13.6,14.49,14.38,-0.66,-4.5897,2.9228,8640097,121209149.46,4894210802.88,4055823201.92
2008-01-07,'000407,胜利股份,14.38,14.56,13.8,14.09,14.1,0.28,1.9858,2.8683,8479094,120254258.71,5129646599.52,4250928399.68
2008-01-04,'000407,胜利股份,14.1,14.39,13.8,14.2,14.18,-0.08,-0.5642,2.1745,6428043,90308762.65,5029764746.4,4168156497.6
2008-01-03,'000407,胜利股份,14.18,14.47,13.68,13.78,13.82,0.36,2.6049,2.8654,8470378,120425202.21,5058302418.72,4191805612.48
2008-01-02,'000407,胜利股份,13.82,13.9,13.03,13.3,13.2,0.62,4.697,2.4093,7122095,96244370.35,4929882893.28,4085384595.52
2007-12-28,'000407,胜利股份,13.2,13.8,13.08,13.6,13.64,-0.44,-3.2258,3.1156,9210186,122727500.9,4708715932.8,3902103955.2
2007-12-27,'000407,胜利股份,13.64,13.99,13.52,13.75,13.7,-0.06,-0.438,2.2694,6708618,92040961.26,4865673130.56,4032174087.04
2007-12-26,'000407,胜利股份,13.7,14.2,13.45,13.63,13.61,0.09,0.6613,2.9534,8730603,121015295.62,4887076384.8,4049910923.2
2007-12-25,'000407,胜利股份,13.61,13.85,13.2,13.68,13.55,0.06,0.4428,4.4979,13296524,180141543.28,4854971503.44,4023305668.96
2007-12-24,'000407,胜利股份,13.55,13.58,12.6,12.7,12.53,1.02,8.1405,4.9232,14553636,191202085.3,4833568249.2,4005568832.8
2007-12-21,'000407,胜利股份,12.53,12.8,12.08,12.08,11.91,0.62,5.2057,4.5986,13594043,170083448.74,4469712927.12,3704042618.08
2007-12-20,'000407,胜利股份,11.91,11.93,11.6,11.74,11.63,0.28,2.4076,1.9157,5663146,66911919.7,4248545966.64,3520761977.76
2007-12-19,'000407,胜利股份,11.63,11.88,11.4,11.4,11.33,0.3,2.6478,1.4586,4311734,50265990.09,4148664113.52,3437990075.68
2007-12-18,'000407,胜利股份,11.33,11.78,11.3,11.58,11.66,-0.33,-2.8302,1.0168,3005671,34602519.03,4041647842.32,3349305894.88
2007-12-17,'000407,胜利股份,11.66,11.78,11.23,11.36,11.35,0.31,2.7313,1.7482,5167898,59352355.58,4159365740.64,3446858493.76
2007-12-14,'000407,胜利股份,11.35,11.4,11.05,11.16,11.24,0.11,0.9786,1.1018,3257152,36539669.19,4048782260.4,3355218173.6
2007-12-13,'000407,胜利股份,11.24,11.98,11.22,11.81,11.83,-0.59,-4.9873,1.8369,5430156,63167513.91,4009542960.96,3322700640.64
2007-12-12,'000407,胜利股份,11.83,12.09,11.38,11.55,11.45,0.38,3.3188,2.387,7056433,83223453.93,4220008294.32,3497112862.88
2007-12-11,'000407,胜利股份,11.45,11.7,11.32,11.65,11.56,-0.11,-0.9516,1.7534,5183394,59227876.18,4084454350.8,3384779567.2
2007-12-10,'000407,胜利股份,11.56,11.66,11.05,11.1,11.2,0.36,3.2143,2.3572,6968097,79862232.29,4123693650.24,3417297100.16
2007-12-07,'000407,胜利股份,11.2,11.39,11.08,11.18,11.05,0.15,1.3575,1.45,4286467,48127377.83,3995274124.8,3310876083.2
2007-12-06,'000407,胜利股份,11.05,11.12,10.84,11.0,10.95,0.1,0.9132,0.9044,2673492,29381569.45,3941765989.2,3266533992.8
2007-12-05,'000407,胜利股份,10.95,10.99,10.65,10.7,10.7,0.25,2.3364,0.8316,2458335,26725325.41,3906093898.8,3236972599.2
2007-12-04,'000407,胜利股份,10.7,10.96,10.69,10.71,10.7,0.0,0.0,0.6679,1974494,21302733.77,3816913672.8,3163069115.2
2007-12-03,'000407,胜利股份,10.7,10.89,10.57,10.81,10.77,-0.07,-0.65,0.6559,1939001,20843872.35,3816913672.8,3163069115.2
2007-11-30,'000407,胜利股份,10.77,11.18,10.77,11.16,11.15,-0.38,-3.4081,1.062,3139301,34276336.17,3841884136.08,3183762090.72
2007-11-29,'000407,胜利股份,11.15,11.2,10.61,11.01,10.98,0.17,1.5483,1.5161,4481932,49591183.29,3977438079.6,3296095386.4
2007-11-28,'000407,胜利股份,10.98,11.3,10.83,11.04,10.86,0.12,1.105,1.8425,5446638,60436150.94,3916795525.92,3245841017.28
2007-11-27,'000407,胜利股份,10.86,10.98,10.41,10.51,10.51,0.35,3.3302,1.546,4570256,49401049.31,3873989017.44,3210367344.96
2007-11-26,'000407,胜利股份,10.51,10.98,10.5,10.61,10.56,-0.05,-0.4735,1.4115,4172500,44730851.19,3749136701.04,3106902467.36
2007-11-23,'000407,胜利股份,10.56,10.58,10.18,10.43,10.46,0.1,0.956,1.0489,3100564,32143445.94,3766972746.24,3121683164.16
2007-11-22,'000407,胜利股份,10.46,10.76,10.2,10.75,10.89,-0.43,-3.9486,1.7064,5044228,52917260.34,3731300655.84,3092121770.56
2007-11-21,'000407,胜利股份,10.89,11.34,10.85,11.34,11.29,-0.4,-3.543,1.3854,4095397,45190301.95,3884690644.56,3219235763.04
2007-11-20,'000407,胜利股份,11.29,11.4,10.91,11.26,11.26,0.03,0.2664,1.6816,4970999,55609888.24,4027379006.16,3337481337.44
2007-11-19,'000407,胜利股份,11.26,11.47,10.83,10.85,10.78,0.48,4.4527,2.4262,7172156,80133541.15,4016677379.04,3328612919.36
2007-11-16,'000407,胜利股份,10.78,10.94,10.12,10.3,10.48,0.3,2.8626,1.9032,5626261,60454731.49,3845451345.12,3186718230.08
2007-11-15,'000407,胜利股份,10.48,10.65,10.31,10.39,10.47,0.01,0.0955,1.3116,3877390,40662251.01,3738435073.92,3098034049.28
2007-11-14,'000407,胜利股份,10.47,10.51,10.03,10.18,10.07,0.4,3.9722,1.4748,4359640,44984036.65,3734867864.88,3095077909.92
2007-11-13,'000407,胜利股份,10.07,10.47,9.91,10.2,10.31,-0.24,-2.3278,1.6507,4879607,49588530.03,3592179503.28,2976832335.52
2007-11-12,'000407,胜利股份,0.0,0.0,0.0,0.0,10.31,None,None,0.0,0,0.0,3677792520.24,3047779680.16
2007-11-09,'000407,胜利股份,10.31,10.47,10.05,10.22,10.2,0.11,1.0784,1.384,4091348,41995558.07,3677792520.24,3047779680.16
2007-11-08,'000407,胜利股份,10.2,11.06,10.18,10.88,11.02,-0.82,-7.441,1.8599,5498172,57945756.1,3638553220.8,3015262147.2
2007-11-07,'000407,胜利股份,11.02,11.55,10.85,11.33,11.35,-0.33,-2.9075,1.1265,3330091,36962440.09,3931064362.08,3257665574.72
2007-11-06,'000407,胜利股份,11.35,11.56,11.1,11.3,11.24,0.11,0.9786,1.0683,3157968,35925116.51,4048782260.4,3355218173.6
2007-11-05,'000407,胜利股份,11.24,11.7,10.8,10.81,11.31,-0.07,-0.6189,1.6247,4802908,54453729.89,4009542960.96,3322700640.64
2007-11-02,'000407,胜利股份,11.31,11.39,10.21,10.9,11.12,0.19,1.7086,3.106,9181667,98572023.17,4034513424.24,3343393616.16
2007-11-01,'000407,胜利股份,11.12,12.36,11.12,12.35,12.35,-1.23,-9.9595,3.243,9586760,111604526.41,3966736452.48,3287226968.32
2007-10-31,'000407,胜利股份,12.35,12.79,12.1,12.25,12.29,0.06,0.4882,3.3444,9886380,123251131.88,4405503164.4,3650832109.6
2007-10-30,'000407,胜利股份,12.29,12.4,11.21,11.5,11.5,0.79,6.8696,2.6916,7956644,92978633.75,4384099910.16,3633095273.44
2007-10-29,'000407,胜利股份,11.5,11.9,10.59,11.75,11.75,-0.25,-2.1277,2.702,7987350,88420441.39,4102290396.0,3399560264.0
2007-10-26,'000407,胜利股份,11.75,12.5,11.75,12.04,13.05,-1.3,-9.9617,3.8494,11379271,134654482.22,4191470622.0,3473463748.0
2007-10-25,'000407,胜利股份,13.05,14.18,13.05,14.0,14.5,-1.45,-10.0,3.6259,10718719,142299615.13,4655207797.2,3857761864.8
2007-10-24,'000407,胜利股份,14.5,15.62,14.45,15.6,15.62,-1.12,-7.1703,3.3624,9939838,149281519.71,5172453108.0,4286402072.0
2007-10-23,'000407,胜利股份,15.62,15.75,14.01,14.54,14.5,1.12,7.7241,5.7277,16931934,255137778.33,5571980520.48,4617489680.32
2007-10-22,'000407,胜利股份,14.5,15.1,14.09,14.37,14.05,0.45,3.2028,3.9099,11558210,169766261.1,5172453108.0,4286402072.0
2007-10-19,'000407,胜利股份,14.05,14.36,13.58,14.21,14.08,-0.03,-0.2131,2.6386,7799977,108143075.22,5011928701.2,4153375800.8
2007-10-18,'000407,胜利股份,14.08,15.15,14.01,15.15,15.1,-1.02,-6.755,3.1599,9341024,134369446.1,5022630328.32,4162244218.88
2007-10-17,'000407,胜利股份,15.1,15.95,15.0,15.2,15.35,-0.25,-1.6287,3.4672,10249548,158768876.81,5386485650.4,4463770433.6
2007-10-16,'000407,胜利股份,15.35,15.78,14.8,15.53,15.53,-0.18,-1.159,2.6151,7730637,118030878.51,5475665876.4,4537673917.6
2007-10-15,'000407,胜利股份,15.53,16.0,13.81,15.11,14.95,0.58,3.8796,5.3358,15773470,235927367.27,5539875639.12,4590884426.08
2007-10-12,'000407,胜利股份,14.95,16.33,14.55,16.15,16.17,-1.22,-7.5448,8.3987,24827692,371255889.65,5332977514.8,4419428343.2
2007-10-11,'000407,胜利股份,16.17,17.09,16.0,16.82,16.79,-0.62,-3.6927,4.311,12743979,208961579.37,5768177017.68,4780077345.12
2007-10-10,'000407,胜利股份,16.79,17.47,16.75,16.98,16.93,-0.14,-0.8269,4.3862,12966074,221268139.94,5989343978.16,4963357985.44
2007-10-09,'000407,胜利股份,16.93,17.35,16.76,17.05,17.15,-0.22,-1.2828,3.2388,9574217,162399750.17,6039284904.72,5004743936.48
2007-10-08,'000407,胜利股份,17.15,17.9,17.15,17.8,17.7,-0.55,-3.1073,6.1098,18061523,316666194.4,6117763503.6,5069779002.4
2007-09-28,'000407,胜利股份,17.7,17.78,16.5,16.85,16.37,1.33,8.1246,9.2174,27247917,464911065.35,6313960000.8,5232366667.2
2007-09-27,'000407,胜利股份,16.37,16.66,15.7,16.02,16.24,0.13,0.8005,4.0495,11971006,194634667.85,5839521198.48,4839200132.32
2007-09-26,'000407,胜利股份,16.24,16.74,15.95,16.4,16.48,-0.24,-1.4563,3.482,10293251,169558818.96,5793147480.96,4800770320.64
2007-09-25,'000407,胜利股份,16.48,17.27,16.25,16.95,16.95,-0.47,-2.7729,3.428,10133628,169158594.47,5878760497.92,4871717665.28
2007-09-24,'000407,胜利股份,16.95,17.18,16.05,16.3,16.3,0.65,3.9877,6.4556,19083753,319253466.6,6046419322.8,5010656215.2
2007-09-21,'000407,胜利股份,16.3,16.4,15.88,16.15,15.95,0.35,2.1944,4.0129,11862799,191609771.85,5814550735.2,4818507156.8
2007-09-20,'000407,胜利股份,15.95,16.38,15.85,15.95,15.92,0.03,0.1884,4.0172,11875475,190603703.49,5689698418.8,4715042279.2
2007-09-19,'000407,胜利股份,15.92,16.49,15.8,16.31,16.31,-0.39,-2.3912,3.1101,9193834,147017194.28,5678996791.68,4706173861.12
2007-09-18,'000407,胜利股份,16.31,16.57,15.7,16.53,16.57,-0.26,-1.5691,5.5154,16304248,262591850.6,5818117944.24,4821463296.16
2007-09-17,'000407,胜利股份,16.57,16.99,16.29,16.65,16.51,0.06,0.3634,6.717,19856319,330133585.03,5910865379.28,4898322919.52
2007-09-14,'000407,胜利股份,16.51,16.65,15.81,15.97,15.94,0.57,3.5759,8.265,24432610,398193426.46,5889462125.04,4880586083.36
2007-09-13,'000407,胜利股份,15.94,16.19,15.39,15.45,15.45,0.49,3.1715,5.5223,16324774,259609861.72,5686131209.76,4712086139.84
2007-09-12,'000407,胜利股份,15.45,15.59,14.9,15.11,15.15,0.3,1.9802,5.2431,15499295,237345863.66,5511337966.8,4567235311.2
2007-09-11,'000407,胜利股份,15.15,16.2,15.0,15.75,15.65,-0.5,-3.1949,5.5351,16362637,257961426.06,5404321695.6,4478551130.4
2007-09-10,'000407,胜利股份,15.65,15.86,14.81,15.0,15.15,0.5,3.3003,5.0918,15052055,232210145.2,5582682147.6,4626358098.4
2007-09-07,'000407,胜利股份,15.15,15.87,15.1,15.74,15.87,-0.72,-4.5369,6.7961,20090346,308733997.2,5404321695.6,4478551130.4
2007-09-06,'000407,胜利股份,15.87,16.3,15.35,15.39,15.13,0.74,4.8909,9.5226,28150109,447672525.48,5661160746.48,4691393164.32
2007-09-05,'000407,胜利股份,15.13,15.57,14.8,15.3,15.4,-0.27,-1.7532,5.8568,17313466,261449247.2,5397187277.52,4472638851.68
2007-09-04,'000407,胜利股份,15.4,16.01,15.29,15.6,15.57,-0.17,-1.0918,5.7215,16913472,265546286.45,5493501921.6,4552454614.4
2007-09-03,'000407,胜利股份,15.57,15.68,14.71,15.28,15.38,0.19,1.2354,8.3514,24688017,375337578.39,5554144475.28,4602708983.52
2007-08-31,'000407,胜利股份,15.38,18.54,15.17,18.54,16.85,-1.47,-8.724,13.1352,38829385,630407100.18,5486367503.52,4546542335.68
2007-08-30,'000407,胜利股份,0.0,0.0,0.0,0.0,16.85,None,None,0.0,0,0.0,6010747232.4,4981094821.6
2007-08-29,'000407,胜利股份,0.0,0.0,0.0,0.0,16.85,None,None,0.0,0,0.0,6010747232.4,4981094821.6
2007-08-28,'000407,胜利股份,16.85,17.05,15.06,15.64,15.5,1.35,8.7097,10.871,32136107,528053008.33,6010747232.4,4981094821.6
2007-08-27,'000407,胜利股份,15.5,15.55,14.47,14.7,14.6,0.9,6.1644,7.5466,22308911,334165536.32,5529174012.0,4582016008.0
2007-08-24,'000407,胜利股份,14.6,14.96,14.45,14.85,14.72,-0.12,-0.8152,6.723,19874214,291692504.12,5208125198.4,4315963465.6
2007-08-23,'000407,胜利股份,14.72,14.85,14.09,14.2,14.15,0.57,4.0283,5.4055,15979495,231846131.38,5250931706.88,4351437137.92
2007-08-22,'000407,胜利股份,14.15,14.38,13.25,13.33,13.59,0.56,4.1207,6.9791,20631137,288163388.5,5047600791.6,4182937194.4
2007-08-21,'000407,胜利股份,13.59,14.0,13.56,13.88,13.8,-0.21,-1.5217,5.3114,15701187,216408054.87,4847837085.36,4017393390.24
2007-08-20,'000407,胜利股份,13.8,14.2,13.5,13.6,13.3,0.5,3.7594,6.5532,19372117,268390327.75,4922748475.2,4079472316.8
2007-08-17,'000407,胜利股份,13.3,13.78,13.08,13.08,13.14,0.16,1.2177,5.2774,15600731,209132212.41,4744388023.2,3931665348.8
2007-08-16,'000407,胜利股份,13.14,13.7,12.6,12.7,12.95,0.19,1.4672,7.6799,22702813,301922339.21,4687312678.56,3884367119.04
2007-08-15,'000407,胜利股份,12.95,13.19,12.24,12.32,12.32,0.63,5.1136,9.3829,27737306,354241771.85,4619535706.8,3828200471.2
2007-08-14,'000407,胜利股份,12.32,12.48,12.05,12.2,12.08,0.24,1.9868,2.7657,8175826,100317130.69,4394801537.28,3641963691.52
2007-08-13,'000407,胜利股份,12.08,12.85,12.0,12.7,12.54,-0.46,-3.6683,4.3162,12759334,157268703.78,4309188520.32,3571016346.88
2007-08-10,'000407,胜利股份,12.54,12.58,11.8,12.2,12.16,0.38,3.125,4.5008,13305102,163458204.01,4473280136.16,3706998757.44
2007-08-09,'000407,胜利股份,12.16,12.29,12.0,12.0,12.06,0.1,0.8292,2.9796,8808249,106710374.04,4337726192.64,3594665461.76
2007-08-08,'000407,胜利股份,12.06,12.43,11.6,12.0,12.5,-0.44,-3.52,3.5965,10631724,128401288.73,4302054102.24,3565104068.16
2007-08-07,'000407,胜利股份,12.5,13.3,12.5,13.0,13.21,-0.71,-5.3747,5.9528,17597179,225060650.95,4459011300.0,3695174200.0
2007-08-06,'000407,胜利股份,13.21,13.56,12.0,12.45,12.35,0.86,6.9636,7.6265,22544991,285219107.24,4712283141.84,3905060094.56
2007-08-03,'000407,胜利股份,12.35,12.8,12.1,12.48,12.67,-0.32,-2.5257,4.899,14482084,179104735.82,4405503164.4,3650832109.6
2007-08-02,'000407,胜利股份,12.67,12.88,11.8,12.3,12.37,0.3,2.4252,6.2387,18442595,228694326.97,4519653853.68,3745428569.12
2007-08-01,'000407,胜利股份,12.37,13.65,12.37,13.62,13.74,-1.37,-9.9709,6.6923,19783511,256720353.87,4412637582.48,3656744388.32
2007-07-31,'000407,胜利股份,13.74,13.86,13.0,13.2,13.22,0.52,3.9334,4.9129,14523101,195080317.43,4901345220.96,4061735480.64
2007-07-30,'000407,胜利股份,13.22,13.49,12.8,12.98,13.24,-0.02,-0.1511,6.745,19939068,262894813.22,4715850350.88,3908016233.92
2007-07-27,'000407,胜利股份,13.24,13.24,11.75,11.8,12.04,1.2,9.9668,11.0811,32757367,425112873.33,4722984768.96,3913928512.64
2007-07-26,'000407,胜利股份,12.04,12.4,11.63,12.04,12.0,0.04,0.3333,3.9866,11784799,140683149.35,4294919684.16,3559191789.44
2007-07-25,'000407,胜利股份,12.0,12.19,11.51,11.65,11.42,0.58,5.0788,4.7205,13954578,165688089.74,4280650848.0,3547367232.0
2007-07-24,'000407,胜利股份,11.42,12.25,11.05,11.6,11.41,0.01,0.0876,7.8895,23322379,273038034.16,4073752723.68,3375911149.12
2007-07-23,'000407,胜利股份,11.41,11.41,10.81,10.98,10.37,1.04,10.0289,6.2782,18559278,209439755.83,4070185514.64,3372955009.76
2007-07-20,'000407,胜利股份,10.37,10.37,9.4,9.4,9.43,0.94,9.9682,4.5315,13395842,137396945.66,3699195774.48,3065516516.32
2007-07-19,'000407,胜利股份,9.43,9.9,9.36,9.52,9.62,-0.19,-1.9751,2.1406,6327803,60509612.17,3363878124.72,2787639416.48
2007-07-18,'000407,胜利股份,9.62,9.95,9.15,9.26,9.2,0.42,4.5652,3.8065,11252609,107930521.4,3431655096.48,2843806064.32
2007-07-17,'000407,胜利股份,9.2,9.78,9.0,9.6,9.6,-0.4,-4.1667,4.2844,12665221,117139526.67,3281832316.8,2719648211.2
2007-07-16,'000407,胜利股份,9.6,10.56,9.6,10.4,10.46,-0.86,-8.2218,2.2415,6626266,66146239.42,3424520678.4,2837893785.6
2007-07-13,'000407,胜利股份,10.46,10.75,10.19,10.58,10.6,-0.14,-1.3208,1.3949,4123598,43068458.07,3731300655.84,3092121770.56
2007-07-12,'000407,胜利股份,10.6,10.85,10.35,10.36,10.31,0.29,2.8128,1.1293,3338267,35223665.84,3781241582.4,3133507721.6
2007-07-11,'000407,胜利股份,10.31,10.58,10.11,10.26,10.28,0.03,0.2918,1.2429,3010968,31161307.91,3677792520.24,2497601459.04
2007-07-10,'000407,胜利股份,10.28,10.98,10.25,10.98,11.03,-0.75,-6.7996,2.6002,6299050,66170685.01,3667090893.12,2490333947.52
2007-07-09,'000407,胜利股份,11.03,11.32,10.98,10.98,10.88,0.15,1.3787,2.5822,6255400,69716383.21,3934631571.12,2672021735.52
2007-07-06,'000407,胜利股份,10.88,10.96,9.98,10.0,10.18,0.7,6.8762,2.878,6971970,73066307.36,3881123435.52,2635684177.92
2007-07-05,'000407,胜利股份,10.18,11.2,10.17,11.17,11.3,-1.12,-9.9115,2.2887,5544447,58850273.51,3631418802.72,2466108909.12
2007-07-04,'000407,胜利股份,11.3,12.0,10.8,11.1,11.18,0.12,1.0733,3.3301,8067064,92455629.84,4030946215.2,2737429339.2
2007-07-03,'000407,胜利股份,11.18,11.32,10.8,11.18,10.91,0.27,2.4748,2.3625,5723058,63332054.91,3988139706.72,2708359293.12
2007-07-02,'000407,胜利股份,10.91,10.91,10.3,10.52,10.4,0.51,4.9038,3.2455,7862126,83758287.86,3891825062.64,2642951689.44
2007-06-29,'000407,胜利股份,10.4,10.9,9.99,10.3,10.94,-0.54,-4.936,3.6664,8881958,92835207.79,3709897401.6,2519403993.6
2007-06-28,'000407,胜利股份,10.94,12.35,10.94,12.16,12.16,-1.22,-10.0329,5.5946,13553000,156733596.66,3902526689.76,2650219200.96
2007-06-27,'000407,胜利股份,12.16,12.16,11.0,11.2,11.05,1.11,10.0452,6.2217,15072039,177773541.29,4337726192.64,2945764669.44
2007-06-26,'000407,胜利股份,11.05,11.05,9.91,10.58,10.78,0.27,2.5046,4.1676,10096045,105077953.27,3941765989.2,2676866743.2
2007-06-25,'000407,胜利股份,10.78,12.29,10.78,12.0,11.98,-1.2,-10.0167,4.9356,11956470,133980463.93,3845451345.12,2611459139.52
2007-06-22,'000407,胜利股份,11.98,13.45,11.88,13.22,13.2,-1.22,-9.2424,4.254,10305360,129412980.4,4273516429.92,2902159600.32
2007-06-21,'000407,胜利股份,13.2,13.84,12.82,13.08,13.3,-0.1,-0.7519,4.4711,10831349,142717344.62,4708715932.8,3197705068.8
2007-06-20,'000407,胜利股份,13.3,14.66,13.13,14.65,14.45,-1.15,-7.9585,5.5045,13334775,186405469.38,4744388023.2,3221930107.2
2007-06-19,'000407,胜利股份,14.45,15.27,14.06,15.27,14.3,0.15,1.049,7.5504,18290833,267415197.99,5154617062.8,3500518048.8
2007-06-18,'000407,胜利股份,14.3,14.3,14.0,14.28,13.0,1.3,10.0,1.6454,3986053,56990495.34,5101108927.2,3464180491.2
2007-06-15,'000407,胜利股份,0.0,0.0,0.0,0.0,13.0,None,None,0.0,0,0.0,4637371752.0,3149254992.0
2007-06-14,'000407,胜利股份,13.0,13.75,12.81,13.2,13.41,-0.41,-3.0574,6.3719,15435955,205611820.48,4637371752.0,3149254992.0
2007-06-13,'000407,胜利股份,13.41,13.85,12.9,13.33,12.8,0.61,4.7656,8.8058,21332200,285463969.33,4783627322.64,3248577649.44
2007-06-12,'000407,胜利股份,12.8,13.25,11.06,12.48,12.29,0.51,4.1497,9.4895,22988242,278475302.88,4566027571.2,3100804915.2
2007-06-11,'000407,胜利股份,12.29,12.79,12.18,12.49,12.23,0.06,0.4906,4.9855,12077332,149727009.06,4384099910.16,2977257219.36
2007-06-08,'000407,胜利股份,12.23,12.98,12.17,12.5,12.17,0.06,0.493,7.8373,18985942,237736336.26,4362696655.92,2962722196.32
2007-06-07,'000407,胜利股份,12.17,12.17,10.7,10.99,11.06,1.11,10.0362,9.3474,22644214,264700904.44,4341293401.68,2948187173.28
2007-06-06,'000407,胜利股份,11.06,11.4,10.2,11.2,11.0,0.06,0.5455,6.7571,16369188,181373117.54,3945333198.24,2679289247.04
2007-06-05,'000407,胜利股份,11.0,11.24,10.58,10.58,11.76,-0.76,-6.4626,7.189,17415284,186768985.78,3923929944.0,2664754224.0
2007-06-04,'000407,胜利股份,11.76,12.85,11.76,12.82,13.07,-1.31,-10.023,1.2587,3049200,36779909.16,4195037831.04,2848864515.84
2007-06-01,'000407,胜利股份,13.07,14.98,13.07,14.38,14.52,-1.45,-9.9862,5.9641,14448008,198078934.05,4662342215.28,3166212518.88
2007-05-31,'000407,胜利股份,14.52,15.5,14.22,15.0,15.8,-1.28,-8.1013,10.743,26024857,378275145.34,5179587526.08,3517475575.68
2007-05-30,'000407,胜利股份,15.8,16.99,15.8,15.8,17.55,-1.75,-9.9715,9.5511,23137685,377291686.87,5636190283.2,3827556067.2
2007-05-29,'000407,胜利股份,17.55,17.55,16.16,16.2,15.95,1.6,10.0313,13.7184,33232804,561362596.36,6260451865.2,4251494239.2
2007-05-28,'000407,胜利股份,15.95,16.3,15.08,15.08,15.05,0.9,5.9801,10.5818,25634451,404247567.16,5689698418.8,3863893624.8
2007-05-25,'000407,胜利股份,15.05,15.38,14.78,14.99,15.1,-0.05,-0.3311,6.8701,16642917,249778578.23,5368649605.2,3645868279.2
2007-05-24,'000407,胜利股份,15.1,15.94,14.75,15.43,15.46,-0.36,-2.3286,6.5626,15897945,242080695.62,5386485650.4,3657980798.4
2007-05-23,'000407,胜利股份,15.46,15.65,15.3,15.5,15.5,-0.04,-0.2581,5.2731,12774159,197420350.28,5514905175.84,3745190936.64
2007-05-22,'000407,胜利股份,15.5,16.23,14.62,14.8,14.8,0.7,4.7297,8.5696,20759994,321429071.15,5529174012.0,3754880952.0
2007-05-21,'000407,胜利股份,14.8,15.18,14.03,14.15,14.81,-0.01,-0.0675,6.8818,16671174,245762533.29,5279469379.2,3585305683.2
2007-05-18,'000407,胜利股份,14.81,15.2,14.02,14.4,14.67,0.14,0.9543,8.1961,19855161,292267083.39,5283036588.24,3587728187.04
2007-05-17,'000407,胜利股份,14.67,14.9,14.04,14.9,14.2,0.47,3.3099,9.7309,23573199,339806829.37,5233095661.68,3553813133.28
2007-05-16,'000407,胜利股份,0.0,0.0,0.0,0.0,14.2,None,None,0.0,0,0.0,5065436836.8,3439955452.8
2007-05-15,'000407,胜利股份,14.2,14.95,14.18,14.95,15.3,-1.1,-7.1895,9.9971,24217922,352633713.35,5065436836.8,3439955452.8
2007-05-14,'000407,胜利股份,15.3,16.85,14.6,16.27,15.32,-0.02,-0.1305,16.6315,40289950,638606937.36,5457829831.2,3706430875.2
2007-05-11,'000407,胜利股份,15.32,15.32,15.32,15.32,13.93,1.39,9.9785,1.2251,2967922,45468565.04,5464964249.28,3711275882.88
2007-05-10,'000407,胜利股份,13.93,13.93,13.93,13.93,12.66,1.27,10.0316,0.1723,417415,5814590.95,4969122192.72,3374547849.12
2007-05-09,'000407,胜利股份,12.66,12.66,12.66,12.66,11.51,1.15,9.9913,0.3861,935405,11842227.3,4516086644.64,3066889861.44
2007-05-08,'000407,胜利股份,0.0,0.0,0.0,0.0,11.51,None,None,0.0,0,0.0,4105857605.04,2788301919.84
2007-04-30,'000407,胜利股份,0.0,0.0,0.0,0.0,11.51,None,None,0.0,0,0.0,4105857605.04,2788301919.84
2007-04-27,'000407,胜利股份,0.0,0.0,0.0,0.0,11.51,None,None,0.0,0,0.0,4105857605.04,2788301919.84
2007-04-26,'000407,胜利股份,0.0,0.0,0.0,0.0,11.51,None,None,0.0,0,0.0,4105857605.04,2788301919.84
2007-04-25,'000407,胜利股份,0.0,0.0,0.0,0.0,11.51,None,None,0.0,0,0.0,4105857605.04,2788301919.84
2007-04-24,'000407,胜利股份,0.0,0.0,0.0,0.0,11.51,None,None,0.0,0,0.0,4105857605.04,2788301919.84
2007-04-23,'000407,胜利股份,0.0,0.0,0.0,0.0,11.51,None,None,0.0,0,0.0,4105857605.04,2788301919.84
2007-04-20,'000407,胜利股份,0.0,0.0,0.0,0.0,11.51,None,None,0.0,0,0.0,4105857605.04,2788301919.84
2007-04-19,'000407,胜利股份,0.0,0.0,0.0,0.0,11.51,None,None,0.0,0,0.0,4105857605.04,2788301919.84
2007-04-18,'000407,胜利股份,11.51,11.51,10.45,10.58,10.46,1.05,10.0382,5.0349,12197019,134247547.89,4105857605.04,2788301919.84
2007-04-17,'000407,胜利股份,10.46,10.49,9.65,9.8,9.89,0.57,5.7634,9.2835,22489362,229524390.72,3731300655.84,2533939016.64
2007-04-16,'000407,胜利股份,9.89,10.0,9.26,9.3,9.25,0.64,6.9189,8.2894,20081013,192629117.3,3527969740.56,2395856297.76
2007-04-13,'000407,胜利股份,9.25,9.79,9.0,9.3,9.43,-0.18,-1.9088,7.3549,17817262,167149461.17,3299668362.0,2240816052.0
2007-04-12,'000407,胜利股份,9.43,9.68,9.13,9.68,9.35,0.08,0.8556,8.1832,19823921,186127044.9,3363878124.72,2284421121.12
2007-04-11,'000407,胜利股份,9.35,9.35,8.4,8.5,8.5,0.85,10.0,10.631,25753677,236307619.13,3335340452.4,2265041090.4
2007-04-10,'000407,胜利股份,8.5,8.57,7.79,7.8,7.79,0.71,9.1142,7.7107,18679170,153085194.29,3032127684.0,2059128264.0
2007-04-09,'000407,胜利股份,7.79,7.96,7.7,7.81,7.77,0.02,0.2574,4.3606,10563647,82775119.37,2778855842.16,1887130491.36
2007-04-06,'000407,胜利股份,7.77,7.9,7.41,7.49,7.56,0.21,2.7778,4.9283,11938830,91966291.5,2771721424.08,1882285483.68
2007-04-05,'000407,胜利股份,7.56,7.66,7.44,7.46,7.52,0.04,0.5319,4.0057,9703888,73248325.77,2696810034.24,1831412903.04
2007-04-04,'000407,胜利股份,7.52,7.74,7.4,7.55,7.55,-0.03,-0.3974,6.0556,14669616,111089518.39,2682541198.08,1821722887.68
2007-04-03,'000407,胜利股份,7.55,7.68,7.4,7.54,7.55,0.0,0.0,6.0549,14668090,110192027.28,2693242825.2,1828990399.2
2007-04-02,'000407,胜利股份,7.55,7.55,6.93,7.01,6.89,0.66,9.5791,8.1542,19753521,142810692.23,2693242825.2,1828990399.2
2007-03-30,'000407,胜利股份,6.89,6.9,6.5,6.5,6.57,0.32,4.8706,6.4631,15656893,106205785.77,2457807028.56,1669105145.76
2007-03-29,'000407,胜利股份,6.57,6.78,6.4,6.69,6.68,-0.11,-1.6467,5.8709,14222342,94017305.83,2343656339.28,1591585022.88
2007-03-28,'000407,胜利股份,6.68,6.98,6.38,6.87,6.87,-0.19,-2.7656,7.1571,17338107,117039855.44,2382895638.72,1618232565.12
2007-03-27,'000407,胜利股份,6.87,6.92,6.72,6.87,6.85,0.02,0.292,5.5405,13421941,91436450.71,2450672610.48,1664260138.08
2007-03-26,'000407,胜利股份,6.85,6.97,6.79,6.79,6.81,0.04,0.5874,5.5811,13520347,92537053.75,2443538192.4,1659415130.4
2007-03-23,'000407,胜利股份,6.81,6.86,6.55,6.6,6.68,0.13,1.9461,6.102,14782038,99080037.62,2429269356.24,1649725115.04
2007-03-22,'000407,胜利股份,6.68,6.83,6.45,6.53,6.53,0.15,2.2971,6.8827,16673379,111307283.57,2382895638.72,1618232565.12
2007-03-21,'000407,胜利股份,6.53,6.56,6.3,6.5,6.46,0.07,1.0836,5.1425,12457778,80345796.33,2329387503.12,1581895007.52
2007-03-20,'000407,胜利股份,6.46,6.53,6.1,6.15,6.1,0.36,5.9016,10.343,25055913,160315487.94,2304417039.84,1564937480.64
2007-03-19,'000407,胜利股份,6.1,6.15,5.61,5.7,5.86,0.24,4.0956,6.4956,15735557,93788916.45,2175997514.4,1477727342.4
2007-03-16,'000407,胜利股份,5.86,6.27,5.8,6.26,6.09,-0.23,-3.7767,8.5046,20602455,124578423.44,2090384497.44,1419587250.24
2007-03-15,'000407,胜利股份,6.09,6.16,5.85,5.9,5.88,0.21,3.5714,6.978,16904143,101314743.27,2172430305.36,1475304838.56
2007-03-14,'000407,胜利股份,5.88,5.97,5.6,5.8,5.86,0.02,0.3413,5.0669,12274470,70824072.05,2097518915.52,1424432257.92
2007-03-13,'000407,胜利股份,5.86,6.08,5.83,5.87,5.87,-0.01,-0.1704,5.6344,13649459,81105371.48,2090384497.44,1419587250.24
2007-03-12,'000407,胜利股份,5.87,5.9,5.49,5.59,5.6,0.27,4.8214,6.3189,15307443,88416810.03,2093951706.48,1422009754.08
2007-03-09,'000407,胜利股份,5.6,5.75,5.51,5.74,5.74,-0.14,-2.439,3.9983,9685993,54380301.65,1997637062.4,1356602150.4
2007-03-08,'000407,胜利股份,5.74,5.88,5.53,5.56,5.58,0.16,2.8674,5.3793,13031257,74780489.99,2047577988.96,1390517204.16
2007-03-07,'000407,胜利股份,5.58,5.67,5.4,5.5,5.51,0.07,1.2704,4.6095,11166437,62280610.07,1990502644.32,1351757142.72
2007-03-06,'000407,胜利股份,5.51,5.58,5.2,5.39,5.4,0.11,2.037,4.159,10075309,54558918.98,1965532181.04,1334799615.84
2007-03-05,'000407,胜利股份,5.4,5.61,5.21,5.59,5.54,-0.14,-2.5271,6.1081,14796960,80440909.66,1926292881.6,1308152073.6
2007-03-02,'000407,胜利股份,5.54,5.59,5.19,5.19,5.25,0.29,5.5238,7.9067,19153909,104644977.87,1976233808.16,1342067127.36
2007-03-01,'000407,胜利股份,5.25,5.35,5.02,5.34,5.35,-0.1,-1.8692,5.413,13113078,67350678.21,1872784746.0,1271814516.0
2007-02-28,'000407,胜利股份,5.35,5.41,4.92,5.0,5.13,0.22,4.2885,6.0651,14692810,75975329.97,1908456836.4,1296039554.4
2007-02-27,'000407,胜利股份,5.13,5.85,5.13,5.7,5.7,-0.57,-10.0,6.8666,16634252,90924540.72,1829978237.52,1242744469.92
2007-02-26,'000407,胜利股份,5.7,5.75,5.33,5.4,5.38,0.32,5.948,4.671,11315489,63161843.41,2033309152.8,1380827188.8
2007-02-16,'000407,胜利股份,5.38,5.53,5.32,5.46,5.39,-0.01,-0.1855,4.2569,10312403,56064219.66,1919158463.52,1303307065.92
2007-02-15,'000407,胜利股份,5.39,5.5,5.12,5.15,5.13,0.26,5.0682,6.5516,15871378,84657281.27,1922725672.56,1305729569.76
2007-02-14,'000407,胜利股份,5.13,5.18,4.99,5.14,5.09,0.04,0.7859,4.2822,10373660,52938510.67,1829978237.52,1242744469.92
2007-02-13,'000407,胜利股份,5.09,5.11,4.9,5.0,4.92,0.17,3.4553,5.0319,12189710,61189183.44,1815709401.36,1233054454.56
2007-02-12,'000407,胜利股份,4.92,5.0,4.86,4.86,4.84,0.08,1.6529,3.4693,8404490,41416290.95,1755066847.68,1191871889.28
2007-02-09,'000407,胜利股份,4.84,4.92,4.7,4.85,4.86,-0.02,-0.4115,3.0831,7468833,35980799.97,1726529175.36,1172491858.56
2007-02-08,'000407,胜利股份,4.86,5.08,4.84,4.91,4.87,-0.01,-0.2053,4.7375,11476516,56881519.04,1733663593.44,1177336866.24
2007-02-07,'000407,胜利股份,4.87,4.92,4.75,4.87,4.84,0.03,0.6198,4.9034,11878519,57636105.22,1737230802.48,1179759370.08
2007-02-06,'000407,胜利股份,4.84,4.84,4.61,4.61,4.59,0.25,5.4466,3.7277,9030421,42954792.58,1726529175.36,1172491858.56
2007-02-05,'000407,胜利股份,4.59,4.7,4.47,4.52,4.52,0.07,1.5487,2.1048,5099000,23382230.98,1637348949.36,1111929262.56
2007-02-02,'000407,胜利股份,4.52,4.88,4.51,4.88,4.83,-0.31,-6.4182,4.8382,11720541,54893144.7,1612378486.08,1094971735.68
2007-02-01,'000407,胜利股份,4.83,4.96,4.44,4.44,4.56,0.27,5.9211,11.4517,27741687,132212845.93,1722961966.32,1170069354.72
2007-01-31,'000407,胜利股份,4.56,4.69,4.4,4.48,4.51,0.05,1.1086,6.5977,15982986,72953784.93,1626647322.24,1104661751.04
2007-01-30,'000407,胜利股份,4.51,4.69,4.48,4.68,4.64,-0.13,-2.8017,3.3576,8133902,37036599.86,1608811277.04,1092549231.84
2007-01-29,'000407,胜利股份,4.64,4.68,4.51,4.55,4.51,0.13,2.8825,3.6465,8833725,40681623.12,1655184994.56,1124041781.76
2007-01-26,'000407,胜利股份,4.51,4.72,4.25,4.61,4.61,-0.1,-2.1692,5.0175,12154831,54623392.81,1608811277.04,1092549231.84
2007-01-25,'000407,胜利股份,4.61,5.02,4.6,5.02,5.05,-0.44,-8.7129,5.9453,14402630,69101065.56,1644483367.44,1116774270.24
2007-01-24,'000407,胜利股份,5.05,5.14,4.71,4.78,4.76,0.29,6.0924,8.3441,20213504,99695519.79,1801440565.2,1223364439.2
2007-01-23,'000407,胜利股份,4.76,4.95,4.61,4.9,4.9,-0.14,-2.8571,6.1209,14827811,70823465.27,1697991503.04,1153111827.84
2007-01-22,'000407,胜利股份,4.9,4.99,4.6,4.69,4.64,0.26,5.6034,8.238,19956687,94664494.77,1747932429.6,1187026881.6
2007-01-19,'000407,胜利股份,4.64,4.74,4.48,4.59,4.61,0.03,0.6508,6.7676,16394609,75344895.42,1655184994.56,1124041781.76
2007-01-18,'000407,胜利股份,4.61,4.68,4.31,4.68,4.69,-0.08,-1.7058,7.2031,17449609,78470763.71,1644483367.44,1116774270.24
2007-01-17,'000407,胜利股份,4.69,4.73,4.26,4.38,4.35,0.34,7.8161,15.0664,36498361,165867841.46,1673021039.76,1136154300.96
2007-01-16,'000407,胜利股份,4.35,4.36,4.05,4.16,4.12,0.23,5.5825,8.4361,20436475,85997565.79,1551735932.4,1053789170.4
2007-01-15,'000407,胜利股份,4.12,4.14,3.78,3.78,3.83,0.29,7.5718,5.5108,13349842,53938044.28,1469690124.48,998071582.08
2007-01-12,'000407,胜利股份,3.83,4.09,3.81,3.96,3.95,-0.12,-3.038,4.9695,12038735,47826095.35,1366241062.32,927818970.72
2007-01-11,'000407,胜利股份,3.95,4.12,3.92,3.96,3.94,0.01,0.2538,6.5544,15877983,63835775.68,1409047570.8,956889016.8
2007-01-10,'000407,胜利股份,3.94,3.98,3.77,3.88,3.88,0.06,1.5464,5.7946,14037548,54468489.02,1405480361.76,954466512.96
2007-01-09,'000407,胜利股份,3.88,3.95,3.76,3.85,3.82,0.06,1.5707,4.3763,10601630,41146418.68,1384077107.52,939931489.92
2007-01-08,'000407,胜利股份,3.82,3.85,3.61,3.64,3.64,0.18,4.9451,2.797,6775785,25378451.86,1362673853.28,925396466.88
2007-01-05,'000407,胜利股份,3.64,3.69,3.56,3.6,3.62,0.02,0.5525,2.0408,4943724,17867817.83,1298464090.56,881791397.76
2007-01-04,'000407,胜利股份,3.62,3.74,3.58,3.71,3.71,-0.09,-2.4259,2.5415,6156699,22344949.94,1291329672.48,876946390.08
2006-12-29,'000407,胜利股份,3.71,3.75,3.66,3.66,3.65,0.06,1.6438,1.7468,4231632,15633164.66,1323434553.84,898748924.64
2006-12-28,'000407,胜利股份,3.65,3.84,3.64,3.81,3.81,-0.16,-4.1995,2.9446,7133304,26374501.78,1302031299.6,884213901.6
2006-12-27,'000407,胜利股份,3.81,3.92,3.77,3.89,3.93,-0.12,-3.0534,3.113,7541245,28736609.56,1359106644.24,922973963.04
2006-12-26,'000407,胜利股份,3.93,3.95,3.79,3.85,3.83,0.1,2.611,7.9101,19162319,74773715.78,1401913152.72,952044009.12
2006-12-25,'000407,胜利股份,3.83,3.85,3.68,3.72,3.69,0.14,3.794,4.9494,11990043,45462033.56,1366241062.32,927818970.72
2006-12-22,'000407,胜利股份,3.69,3.72,3.63,3.65,3.68,0.01,0.2717,1.3574,3288345,12112968.72,1316300135.76,893903916.96
2006-12-21,'000407,胜利股份,3.68,3.8,3.66,3.76,3.76,-0.08,-2.1277,2.4004,5814934,21695740.9,1312732926.72,891481413.12
2006-12-20,'000407,胜利股份,3.76,3.79,3.6,3.72,3.74,0.02,0.5348,1.9416,4703644,17460845.24,1341270599.04,910861443.84
2006-12-19,'000407,胜利股份,3.74,3.84,3.67,3.83,3.83,-0.09,-2.3499,2.6127,6329367,23618326.7,1334136180.96,906016436.16
2006-12-18,'000407,胜利股份,3.83,3.89,3.71,3.71,3.67,0.16,4.3597,6.6246,16048212,61068345.95,1366241062.32,927818970.72
2006-12-15,'000407,胜利股份,3.67,3.69,3.49,3.5,3.52,0.15,4.2614,3.1686,7676010,27748977.27,1309165717.68,889058909.28
2006-12-14,'000407,胜利股份,3.52,3.59,3.5,3.55,3.56,-0.04,-1.1236,1.2134,2939522,10390149.86,1255657582.08,852721351.68
2006-12-13,'000407,胜利股份,3.56,3.57,3.39,3.43,3.43,0.13,3.7901,1.5959,3865971,13419145.78,1269926418.24,862411367.04
2006-12-12,'000407,胜利股份,3.43,3.49,3.37,3.44,3.46,-0.03,-0.8671,1.2361,2994354,10224860.28,1223552700.72,830918817.12
2006-12-11,'000407,胜利股份,3.46,3.48,3.36,3.36,3.37,0.09,2.6706,1.4129,3422698,11677278.83,1234254327.84,838186328.64
2006-12-08,'000407,胜利股份,3.37,3.52,3.37,3.49,3.56,-0.19,-5.3371,2.8265,6847324,23437100.68,1202149446.48,816383794.08
2006-12-07,'000407,胜利股份,3.56,3.67,3.56,3.64,3.62,-0.06,-1.6575,2.5397,6152386,22172249.75,1269926418.24,862411367.04
2006-12-06,'000407,胜利股份,3.62,3.83,3.56,3.81,3.8,-0.18,-4.7368,3.5802,8672949,31733591.75,1291329672.48,876946390.08
2006-12-05,'000407,胜利股份,3.8,3.9,3.75,3.88,3.87,-0.07,-1.8088,2.4713,5986738,22820281.98,1355539435.2,920551459.2
2006-12-04,'000407,胜利股份,3.87,3.91,3.73,3.84,3.85,0.02,0.5195,3.5644,8634660,32826400.09,1380509898.48,937508986.08
2006-12-01,'000407,胜利股份,3.85,3.92,3.75,3.78,3.73,0.12,3.2172,9.2239,22344838,85936410.39,1373375480.4,932663978.4
2006-11-30,'000407,胜利股份,3.73,3.81,3.56,3.64,3.61,0.12,3.3241,4.0528,9818039,36299177.52,1330568971.92,903593932.32
2006-11-29,'000407,胜利股份,3.61,3.62,3.48,3.56,3.6,0.01,0.2778,1.8049,4372408,15477031.92,1287762463.44,874523886.24
2006-11-28,'000407,胜利股份,3.6,3.65,3.56,3.63,3.63,-0.03,-0.8264,0.6254,1515088,5456227.22,1284195254.4,872101382.4
2006-11-27,'000407,胜利股份,3.63,3.64,3.57,3.6,3.6,0.03,0.8333,0.9537,2310328,8319342.87,1294896881.52,879368893.92
2006-11-24,'000407,胜利股份,3.6,3.65,3.47,3.48,3.5,0.1,2.8571,1.2285,2976086,10597549.62,1284195254.4,872101382.4
2006-11-23,'000407,胜利股份,3.5,3.59,3.47,3.57,3.55,-0.05,-1.4085,0.9142,2214727,7805819.93,1248523164.0,847876344.0
2006-11-22,'000407,胜利股份,3.55,3.66,3.4,3.43,3.47,0.08,2.3055,2.1078,5106187,18130905.43,1266359209.2,859988863.2
2006-11-21,'000407,胜利股份,3.47,3.47,3.23,3.31,3.31,0.16,4.8338,1.6107,3901907,12974234.05,1237821536.88,840608832.48
2006-11-20,'000407,胜利股份,3.31,3.43,3.27,3.36,3.33,-0.02,-0.6006,0.9341,2262744,7533253.95,1180746192.24,801848771.04
2006-11-17,'000407,胜利股份,3.33,3.4,3.25,3.4,3.38,-0.05,-1.4793,1.299,3146775,10411988.58,1187880610.32,806693778.72
2006-11-16,'000407,胜利股份,3.38,3.5,3.36,3.5,3.48,-0.1,-2.8736,1.3499,3270134,11147549.64,1205716655.52,818806297.92
2006-11-15,'000407,胜利股份,3.48,3.5,3.41,3.44,3.44,0.04,1.1628,0.9138,2213671,7651534.14,1241388745.92,843031336.32
2006-11-14,'000407,胜利股份,3.44,3.48,3.37,3.48,3.47,-0.03,-0.8646,0.6352,1538869,5268948.21,1227119909.76,833341320.96
2006-11-13,'000407,胜利股份,3.47,3.62,3.33,3.6,3.62,-0.15,-4.1436,1.3206,3199227,11094728.53,1237821536.88,840608832.48
2006-11-10,'000407,胜利股份,3.62,3.7,3.56,3.59,3.59,0.03,0.8357,1.2719,3081236,11137367.76,1291329672.48,876946390.08
2006-11-09,'000407,胜利股份,3.59,3.63,3.55,3.61,3.58,0.01,0.2793,0.7962,1928761,6908719.53,1280628045.36,869678878.56
2006-11-08,'000407,胜利股份,3.58,3.68,3.54,3.54,3.54,0.04,1.1299,1.2196,2954515,10680247.23,1277060836.32,867256374.72
2006-11-07,'000407,胜利股份,3.54,3.69,3.51,3.69,3.69,-0.15,-4.065,2.3948,5801430,20633006.53,1262792000.16,857566359.36
2006-11-06,'000407,胜利股份,3.69,3.73,3.66,3.73,3.74,-0.05,-1.3369,1.2698,3076062,11321780.2,1316300135.76,893903916.96
2006-11-03,'000407,胜利股份,3.74,3.76,3.64,3.7,3.73,0.01,0.2681,1.59,3851796,14219411.56,1334136180.96,906016436.16
2006-11-02,'000407,胜利股份,3.73,3.8,3.56,3.6,3.61,0.12,3.3241,3.1323,7587953,28076210.52,1330568971.92,903593932.32
2006-11-01,'000407,胜利股份,3.61,3.69,3.57,3.66,3.65,-0.04,-1.0959,1.7089,4139796,14963198.27,1287762463.44,874523886.24
2006-10-31,'000407,胜利股份,3.65,3.69,3.62,3.63,3.63,0.02,0.551,1.4247,3451267,12594886.51,1302031299.6,884213901.6
2006-10-30,'000407,胜利股份,3.63,3.87,3.55,3.85,3.85,-0.22,-5.7143,3.2882,7965716,29215031.37,1294896881.52,879368893.92
2006-10-27,'000407,胜利股份,3.85,3.9,3.83,3.85,3.86,-0.01,-0.2591,1.4791,3583022,13805276.0,1373375480.4,932663978.4
2006-10-26,'000407,胜利股份,3.86,4.13,3.82,4.0,4.01,-0.15,-3.7406,2.5598,6201109,24311574.78,1376942689.44,935086482.24
2006-10-25,'000407,胜利股份,4.01,4.17,3.97,4.15,4.15,-0.14,-3.3735,3.5145,8513897,34517364.77,1430450825.04,971424039.84
2006-10-24,'000407,胜利股份,4.15,4.17,4.0,4.03,4.01,0.14,3.4913,4.0343,9773170,40279582.98,1480391751.6,1005339093.6
2006-10-23,'000407,胜利股份,4.01,4.14,3.97,4.02,4.05,-0.04,-0.9877,3.5784,8668759,35090087.5,1430450825.04,971424039.84
2006-10-20,'000407,胜利股份,4.05,4.08,3.95,4.0,4.0,0.05,1.25,2.8595,6927239,27941862.96,1444719661.2,981114055.2
2006-10-19,'000407,胜利股份,4.0,4.05,3.85,3.85,3.87,0.13,3.3592,2.9337,7106848,28309714.39,1426883616.0,969001536.0
2006-10-18,'000407,胜利股份,3.87,3.88,3.82,3.84,3.84,0.03,0.7813,1.0462,2534405,9761453.95,1380509898.48,937508986.08
2006-10-17,'000407,胜利股份,3.84,3.86,3.8,3.84,3.86,-0.02,-0.5181,1.2988,3146386,12041180.41,1369808271.36,930241474.56
2006-10-16,'000407,胜利股份,3.86,3.92,3.83,3.86,3.89,-0.03,-0.7712,1.3218,3202164,12388438.72,1376942689.44,935086482.24
2006-10-13,'000407,胜利股份,3.89,3.92,3.86,3.88,3.89,0.0,0.0,1.0337,2504097,9731678.09,1387644316.56,942353993.76
2006-10-12,'000407,胜利股份,3.89,4.0,3.87,3.99,4.01,-0.12,-2.9925,1.5495,3753732,14673327.84,1387644316.56,942353993.76
2006-10-11,'000407,胜利股份,4.01,4.1,3.95,4.05,4.09,-0.08,-1.956,1.5865,3843397,15426694.81,1430450825.04,971424039.84
2006-10-10,'000407,胜利股份,4.09,4.13,3.92,3.96,3.97,0.12,3.0227,4.3738,10595554,43171465.73,1458988497.36,990804070.56
2006-10-09,'000407,胜利股份,3.97,3.99,3.9,3.99,3.94,0.03,0.7614,1.7602,4263971,16825696.86,1416181988.88,961734024.48
2006-09-29,'000407,G 胜  利,3.94,3.97,3.83,3.87,3.86,0.08,2.0725,1.9962,4835724,18968369.88,1405480361.76,954466512.96
2006-09-28,'000407,G 胜  利,3.86,3.9,3.81,3.83,3.82,0.04,1.0471,1.2561,3042894,11752550.97,1376942689.44,935086482.24
2006-09-27,'000407,G 胜  利,3.82,3.87,3.78,3.87,3.86,-0.04,-1.0363,1.5006,3635294,13882525.54,1362673853.28,925396466.88
2006-09-26,'000407,G 胜  利,3.86,3.92,3.81,3.83,3.84,0.02,0.5208,1.0579,2562669,9923728.5,1376942689.44,935086482.24
2006-09-25,'000407,G 胜  利,3.84,3.89,3.79,3.83,3.87,-0.03,-0.7752,1.6258,3938471,15077214.66,1369808271.36,930241474.56
2006-09-22,'000407,G 胜  利,3.87,4.0,3.86,3.97,3.97,-0.1,-2.5189,1.6707,4047353,15800253.75,1380509898.48,937508986.08
2006-09-21,'000407,G 胜  利,3.97,4.02,3.94,3.96,3.98,-0.01,-0.2513,1.2177,2949804,11702728.69,1416181988.88,961734024.48
2006-09-20,'000407,G 胜  利,3.98,4.05,3.92,3.99,3.99,-0.01,-0.2506,1.2866,3116716,12417270.76,1419749197.92,964156528.32
2006-09-19,'000407,G 胜  利,3.99,4.11,3.98,4.06,4.05,-0.06,-1.4815,2.17,5256950,21208991.13,1423316406.96,966579032.16
2006-09-18,'000407,G 胜  利,4.05,4.05,3.85,3.95,3.95,0.1,2.5316,3.0079,7286643,28758386.5,1444719661.2,981114055.2
2006-09-15,'000407,G 胜  利,3.95,4.02,3.91,3.91,3.93,0.02,0.5089,1.5927,3858302,15271727.94,1409047570.8,956889016.8
2006-09-14,'000407,G 胜  利,3.93,3.97,3.87,3.95,3.96,-0.03,-0.7576,1.8834,4562523,17857024.13,1401913152.72,952044009.12
2006-09-13,'000407,G 胜  利,3.96,4.13,3.96,4.08,4.11,-0.15,-3.6496,2.6293,6369376,25634610.76,1412614779.84,959311520.64
2006-09-12,'000407,G 胜  利,4.11,4.24,4.09,4.13,4.13,-0.02,-0.4843,4.5434,11006400,45912876.52,1466122915.44,995649078.24
2006-09-11,'000407,G 胜  利,4.13,4.14,3.93,4.03,4.05,0.08,1.9753,2.9829,7225995,29172596.03,1473257333.52,1000494085.92
2006-09-08,'000407,G 胜  利,4.05,4.14,4.04,4.1,4.12,-0.07,-1.699,1.4995,3632468,14827996.09,1444719661.2,981114055.2
2006-09-07,'000407,G 胜  利,4.12,4.16,4.0,4.08,4.08,0.04,0.9804,2.6962,6531519,26637499.62,1469690124.48,998071582.08
2006-09-06,'000407,G 胜  利,4.08,4.22,4.0,4.13,4.15,-0.07,-1.6867,4.6309,11218329,45975947.15,1455421288.32,988381566.72
2006-09-05,'000407,G 胜  利,4.15,4.28,4.13,4.23,4.23,-0.08,-1.8913,3.8543,9337071,39166038.47,1480391751.6,1005339093.6
2006-09-04,'000407,G 胜  利,4.23,4.26,4.1,4.18,4.18,0.05,1.1962,6.4777,15692267,65650189.83,1508929423.92,1024719124.32
2006-09-01,'000407,G 胜  利,4.18,4.27,3.97,4.05,4.05,0.13,3.2099,8.6973,21069124,86799659.56,1491093378.72,1012606605.12
2006-08-31,'000407,G 胜  利,4.05,4.12,3.75,3.79,3.81,0.24,6.2992,7.9358,19224469,76609422.87,1444719661.2,981114055.2
2006-08-30,'000407,G 胜  利,3.81,3.84,3.7,3.8,3.83,-0.02,-0.5222,1.9418,4704066,17779252.2,1359106644.24,922973963.04
2006-08-29,'000407,G 胜  利,3.83,3.94,3.78,3.83,3.82,0.01,0.2618,3.3327,8073410,31055223.69,1366241062.32,927818970.72
2006-08-28,'000407,G 胜  利,3.82,3.88,3.69,3.73,3.72,0.1,2.6882,3.5118,8507407,32390051.5,1362673853.28,925396466.88
2006-08-25,'000407,G 胜  利,3.72,3.76,3.56,3.65,3.65,0.07,1.9178,2.7529,6668983,24337351.78,1327001762.88,901171428.48
2006-08-24,'000407,G 胜  利,3.65,3.68,3.58,3.68,3.69,-0.04,-1.084,1.123,2720362,9876190.75,1302031299.6,884213901.6
2006-08-23,'000407,G 胜  利,3.69,3.73,3.58,3.65,3.65,0.04,1.0959,1.5243,3692662,13516306.45,1316300135.76,893903916.96
2006-08-22,'000407,G 胜  利,3.65,3.74,3.6,3.7,3.71,-0.06,-1.6173,2.1626,5238999,19153219.67,1302031299.6,884213901.6
2006-08-21,'000407,G 胜  利,3.71,3.73,3.44,3.56,3.7,0.01,0.2703,1.9604,4749160,17153959.81,1323434553.84,898748924.64
2006-08-18,'000407,G 胜  利,3.7,3.91,3.65,3.88,3.89,-0.19,-4.8843,2.5928,6280973,23718254.18,1319867344.8,896326420.8
2006-08-17,'000407,G 胜  利,3.89,3.95,3.81,3.86,3.9,-0.01,-0.2564,2.4648,5971023,23186224.49,1387644316.56,942353993.76
2006-08-16,'000407,G 胜  利,3.9,3.95,3.83,3.87,3.89,0.01,0.2571,2.5184,6100753,23756626.33,1391211525.6,944776497.6
2006-08-15,'000407,G 胜  利,3.89,3.9,3.65,3.65,3.71,0.18,4.8518,2.8606,6929922,26340920.76,1387644316.56,942353993.76
2006-08-14,'000407,G 胜  利,3.71,3.9,3.61,3.87,3.85,-0.14,-3.6364,2.5409,6155224,23023905.62,1323434553.84,898748924.64
2006-08-11,'000407,G 胜  利,3.85,3.99,3.81,3.88,3.92,-0.07,-1.7857,2.2833,5531404,21482377.63,1373375480.4,932663978.4
2006-08-10,'000407,G 胜  利,3.92,4.03,3.83,3.86,3.89,0.03,0.7712,3.5589,8621407,33944754.15,1398345943.68,949621505.28
2006-08-09,'000407,G 胜  利,3.89,3.94,3.8,3.93,3.91,-0.02,-0.5115,2.9753,7207656,27949054.48,1387644316.56,942353993.76
2006-08-08,'000407,G 胜  利,3.91,3.97,3.68,3.74,3.68,0.23,6.25,4.3563,10553086,40597271.93,1394778734.64,947199001.44
2006-08-07,'000407,G 胜  利,3.68,3.79,3.41,3.46,3.49,0.19,5.4441,4.0424,9792778,35657414.82,1312732926.72,891481413.12
2006-08-04,'000407,G 胜  利,3.49,3.6,3.4,3.47,3.45,0.04,1.1594,2.7543,6672242,23360349.1,1244955954.96,845453840.16
2006-08-03,'000407,G 胜  利,3.45,3.51,3.36,3.38,3.38,0.07,2.071,1.4821,3590404,12370054.23,1230687118.8,835763824.8
2006-08-02,'000407,G 胜  利,3.38,3.55,3.33,3.5,3.49,-0.11,-3.1519,2.0781,5034303,17102130.9,1205716655.52,818806297.92
2006-08-01,'000407,G 胜  利,3.49,3.63,3.46,3.49,3.52,-0.03,-0.8523,1.9895,4819549,16976264.22,1244955954.96,845453840.16
2006-07-31,'000407,G 胜  利,3.52,3.86,3.51,3.84,3.83,-0.31,-8.094,3.0398,7363819,26818375.71,1255657582.08,852721351.68
2006-07-28,'000407,G 胜  利,3.83,3.97,3.78,3.95,3.96,-0.13,-3.2828,2.9183,7069705,27405861.53,1366241062.32,927818970.72
2006-07-27,'000407,G 胜  利,3.96,4.04,3.7,3.72,3.76,0.2,5.3191,5.5192,13370317,51928269.79,1412614779.84,959311520.64
2006-07-26,'000407,G 胜  利,3.76,3.9,3.72,3.85,3.88,-0.12,-3.0928,4.1306,10006328,37926112.55,1341270599.04,910861443.84
2006-07-25,'000407,G 胜  利,3.88,4.04,3.8,3.9,3.99,-0.11,-2.7569,4.3543,10548320,41329800.16,1384077107.52,939931489.92
2006-07-24,'000407,G 胜  利,3.99,4.09,3.75,3.82,3.9,0.09,2.3077,12.4475,30154153,119247421.71,1423316406.96,966579032.16
2006-07-21,'000407,G 胜  利,3.9,3.9,3.58,3.6,3.63,0.27,7.438,6.8109,16499442,61727429.13,1391211525.6,944776497.6
2006-07-20,'000407,G 胜  利,3.63,3.7,3.54,3.67,3.69,-0.06,-1.626,4.7628,11537902,41863343.21,1294896881.52,879368893.92
2006-07-19,'000407,G 胜  利,3.69,3.7,3.44,3.7,3.65,0.04,1.0959,5.7407,13906869,49668325.07,1316300135.76,893903916.96
2006-07-18,'000407,G 胜  利,3.65,3.7,3.38,3.39,3.38,0.27,7.9882,9.6893,23472402,82874789.45,1302031299.6,884213901.6
2006-07-17,'000407,G 胜  利,3.38,3.38,2.99,3.08,3.07,0.31,10.0977,5.5661,13483870,42947016.28,1205716655.52,818806297.92
2006-07-14,'000407,G 胜  利,3.07,3.12,2.95,2.99,3.02,0.05,1.6556,3.937,9537316,28981495.11,1095133175.28,743708678.88
2006-07-13,'000407,G 胜  利,3.02,3.27,2.95,3.18,3.18,-0.16,-5.0314,5.4318,13158661,40983520.96,1077297130.08,731596159.68
2006-07-12,'000407,G 胜  利,3.18,3.34,3.1,3.13,3.1,0.08,2.5806,7.1497,17320291,55268205.14,1134372474.72,770356221.12
2006-07-11,'000407,G 胜  利,3.1,3.2,2.81,2.81,3.36,-0.26,-7.7381,17.1299,41497355,125462326.5,1105834802.4,750976190.4
2006-07-10,'000407,胜利股份,0.0,0.0,0.0,0.0,3.36,None,None,0.0,0,0.0,966021870.24,581400923.04
2006-07-07,'000407,胜利股份,0.0,0.0,0.0,0.0,3.36,None,None,0.0,0,0.0,966021870.24,581400923.04
2006-07-06,'000407,胜利股份,0.0,0.0,0.0,0.0,3.36,None,None,0.0,0,0.0,966021870.24,581400923.04
2006-07-05,'000407,胜利股份,0.0,0.0,0.0,0.0,3.36,None,None,0.0,0,0.0,966021870.24,581400923.04
2006-07-04,'000407,胜利股份,0.0,0.0,0.0,0.0,3.36,None,None,0.0,0,0.0,966021870.24,581400923.04
2006-07-03,'000407,胜利股份,0.0,0.0,0.0,0.0,3.36,None,None,0.0,0,0.0,966021870.24,581400923.04
2006-06-30,'000407,胜利股份,0.0,0.0,0.0,0.0,3.36,None,None,0.0,0,0.0,966021870.24,581400923.04
2006-06-29,'000407,胜利股份,0.0,0.0,0.0,0.0,3.36,None,None,0.0,0,0.0,966021870.24,581400923.04
2006-06-28,'000407,胜利股份,0.0,0.0,0.0,0.0,3.36,None,None,0.0,0,0.0,966021870.24,581400923.04
2006-06-27,'000407,胜利股份,0.0,0.0,0.0,0.0,3.36,None,None,0.0,0,0.0,966021870.24,581400923.04
2006-06-26,'000407,胜利股份,0.0,0.0,0.0,0.0,3.36,None,None,0.0,0,0.0,966021870.24,581400923.04
2006-06-23,'000407,胜利股份,0.0,0.0,0.0,0.0,3.36,None,None,0.0,0,0.0,966021870.24,581400923.04
2006-06-22,'000407,胜利股份,0.0,0.0,0.0,0.0,3.36,None,None,0.0,0,0.0,966021870.24,581400923.04
2006-06-21,'000407,胜利股份,0.0,0.0,0.0,0.0,3.36,None,None,0.0,0,0.0,966021870.24,581400923.04
2006-06-20,'000407,胜利股份,3.36,3.38,3.32,3.36,3.35,0.01,0.2985,2.8745,4973958,16661810.54,966021870.24,581400923.04
2006-06-19,'000407,胜利股份,3.35,3.41,3.29,3.31,3.32,0.03,0.9036,2.3515,4068936,13660200.42,963146805.15,579670563.15
2006-06-16,'000407,胜利股份,3.32,3.34,3.26,3.29,3.29,0.03,0.9119,1.8739,3242480,10703947.75,954521609.88,574479483.48
2006-06-15,'000407,胜利股份,3.29,3.32,3.24,3.29,3.29,0.0,0.0,1.1535,1996041,6535018.25,945896414.61,569288403.81
2006-06-14,'000407,胜利股份,3.29,3.29,3.22,3.27,3.27,0.02,0.6116,1.0514,1819324,5921786.01,945896414.61,569288403.81
2006-06-13,'000407,胜利股份,3.27,3.32,3.2,3.25,3.25,0.02,0.6154,1.5975,2764174,9026720.45,940146284.43,565827684.03
2006-06-12,'000407,胜利股份,3.25,3.36,3.15,3.16,3.23,0.02,0.6192,2.0844,3606834,11744910.18,934396154.25,562366964.25
2006-06-09,'000407,胜利股份,3.23,3.54,3.21,3.52,3.52,-0.29,-8.2386,3.8579,6675521,22483360.17,928646024.07,558906244.47
2006-06-08,'000407,胜利股份,3.52,3.52,3.29,3.52,3.2,0.32,10.0,8.8635,15336978,53146056.86,1012022911.68,609086681.28
2006-06-07,'000407,胜利股份,0.0,0.0,0.0,0.0,3.2,None,None,0.0,0,0.0,920020828.8,553715164.8
2006-06-06,'000407,胜利股份,0.0,0.0,0.0,0.0,3.2,None,None,0.0,0,0.0,920020828.8,553715164.8
2006-06-05,'000407,胜利股份,0.0,0.0,0.0,0.0,3.2,None,None,0.0,0,0.0,920020828.8,553715164.8
2006-06-02,'000407,胜利股份,0.0,0.0,0.0,0.0,3.2,None,None,0.0,0,0.0,920020828.8,553715164.8
2006-06-01,'000407,胜利股份,0.0,0.0,0.0,0.0,3.2,None,None,0.0,0,0.0,920020828.8,553715164.8
2006-05-31,'000407,胜利股份,0.0,0.0,0.0,0.0,3.2,None,None,0.0,0,0.0,920020828.8,553715164.8
2006-05-30,'000407,胜利股份,0.0,0.0,0.0,0.0,3.2,None,None,0.0,0,0.0,920020828.8,553715164.8
2006-05-29,'000407,胜利股份,0.0,0.0,0.0,0.0,3.2,None,None,0.0,0,0.0,920020828.8,553715164.8
2006-05-26,'000407,胜利股份,0.0,0.0,0.0,0.0,3.2,None,None,0.0,0,0.0,920020828.8,553715164.8
2006-05-25,'000407,胜利股份,0.0,0.0,0.0,0.0,3.2,None,None,0.0,0,0.0,920020828.8,553715164.8
2006-05-24,'000407,胜利股份,0.0,0.0,0.0,0.0,3.2,None,None,0.0,0,0.0,920020828.8,553715164.8
2006-05-23,'000407,胜利股份,0.0,0.0,0.0,0.0,3.2,None,None,0.0,0,0.0,920020828.8,553715164.8
2006-05-22,'000407,胜利股份,0.0,0.0,0.0,0.0,3.2,None,None,0.0,0,0.0,920020828.8,553715164.8
2006-05-19,'000407,胜利股份,3.2,3.25,3.15,3.22,3.2,0.0,0.0,2.804,4851995,15498057.07,920020828.8,553715164.8
2006-05-18,'000407,胜利股份,3.2,3.25,3.12,3.16,3.14,0.06,1.9108,3.1761,5495823,17491231.61,920020828.8,553715164.8
2006-05-17,'000407,胜利股份,3.14,3.18,3.05,3.1,3.1,0.04,1.2903,3.3094,5726409,17892306.87,902770438.26,543333005.46
2006-05-16,'000407,胜利股份,3.1,3.24,2.92,3.0,2.99,0.11,3.6789,5.9321,10264750,31893884.87,891270177.9,536411565.9
2006-05-15,'000407,胜利股份,2.99,2.99,2.85,2.85,2.72,0.27,9.9265,5.216,9025549,26625911.76,859644461.91,517377607.11
2006-05-12,'000407,胜利股份,0.0,0.0,0.0,0.0,2.72,None,None,0.0,0,0.0,782017704.48,470657890.08
2006-05-11,'000407,胜利股份,2.72,2.86,2.72,2.81,2.8,-0.08,-2.8571,3.2725,5662685,15896400.93,782017704.48,470657890.08
2006-05-10,'000407,胜利股份,2.8,2.83,2.73,2.77,2.77,0.03,1.083,2.1547,3728358,10425620.13,805018225.2,484500769.2
2006-05-09,'000407,胜利股份,2.77,2.79,2.71,2.72,2.72,0.05,1.8382,2.141,3704741,10202033.62,796393029.93,479309689.53
2006-05-08,'000407,胜利股份,2.72,2.74,2.64,2.66,2.67,0.05,1.8727,1.439,2490066,6713066.37,782017704.48,470657890.08
2006-04-28,'000407,胜利股份,2.67,2.7,2.59,2.65,2.64,0.03,1.1364,2.8358,4906959,12983882.65,767642379.03,462006090.63
2006-04-27,'000407,胜利股份,2.64,2.7,2.6,2.63,2.63,0.01,0.3802,1.2263,2122013,5650450.56,759017183.76,456815010.96
2006-04-26,'000407,胜利股份,2.63,2.64,2.53,2.56,2.53,0.1,3.9526,1.1894,2058126,5333861.2,756142118.67,455084651.07
2006-04-25,'000407,胜利股份,2.53,2.54,2.45,2.52,2.56,-0.03,-1.1719,1.2559,2173243,5423284.7,727391467.77,437781052.17
2006-04-24,'000407,胜利股份,2.56,2.67,2.55,2.65,2.65,-0.09,-3.3962,1.1119,1924032,4983371.5,736016663.04,442972131.84
2006-04-21,'000407,胜利股份,2.65,2.68,2.6,2.63,2.63,0.02,0.7605,0.9383,1623654,4298895.58,761892248.85,458545370.85
2006-04-20,'000407,胜利股份,2.63,2.71,2.6,2.69,2.69,-0.06,-2.2305,1.2872,2227368,5876211.27,756142118.67,455084651.07
2006-04-19,'000407,胜利股份,2.69,2.75,2.68,2.7,2.72,-0.03,-1.1029,1.172,2028060,5486865.64,773392509.21,465466810.41
2006-04-18,'000407,胜利股份,2.72,2.77,2.72,2.77,2.77,-0.05,-1.8051,0.9847,1703829,4664615.68,782017704.48,470657890.08
2006-04-17,'000407,胜利股份,2.77,2.78,2.7,2.75,2.76,0.01,0.3623,1.1412,1974620,5435129.67,796393029.93,479309689.53
2006-04-14,'000407,胜利股份,2.76,2.8,2.67,2.7,2.73,0.03,1.0989,1.1501,1990162,5443906.12,793517964.84,477579329.64
2006-04-13,'000407,胜利股份,2.73,2.83,2.69,2.82,2.84,-0.11,-3.8732,1.9337,3346064,9232225.68,784892769.57,472388249.97
2006-04-12,'000407,胜利股份,2.84,2.86,2.71,2.73,2.74,0.1,3.6496,2.958,5118443,14236994.15,816518485.56,491422208.76
2006-04-11,'000407,胜利股份,2.74,2.78,2.7,2.76,2.75,-0.01,-0.3636,1.6005,2769432,7568864.65,787767834.66,474118609.86
2006-04-10,'000407,胜利股份,2.75,2.77,2.68,2.7,2.7,0.05,1.8519,2.1813,3774491,10326757.23,790642899.75,475848969.75
2006-04-07,'000407,胜利股份,2.7,2.7,2.63,2.64,2.64,0.06,2.2727,1.842,3187324,8499312.23,776267574.3,467197170.3
2006-04-06,'000407,胜利股份,2.64,2.67,2.61,2.62,2.62,0.02,0.7634,1.4478,2505240,6628750.88,759017183.76,456815010.96
2006-04-05,'000407,胜利股份,2.62,2.63,2.58,2.6,2.6,0.02,0.7692,1.0485,1814330,4719521.96,753267053.58,453354291.18
2006-04-04,'000407,胜利股份,2.6,2.6,2.55,2.59,2.59,0.01,0.3861,1.0245,1772679,4568281.31,747516923.4,449893571.4
2006-04-03,'000407,胜利股份,2.59,2.59,2.54,2.56,2.56,0.03,1.1719,0.8837,1529146,3912888.96,744641858.31,448163211.51
2006-03-31,'000407,胜利股份,2.56,2.6,2.54,2.59,2.6,-0.04,-1.5385,0.7008,1212696,3100605.5,736016663.04,442972131.84
2006-03-30,'000407,胜利股份,2.6,2.65,2.58,2.65,2.65,-0.05,-1.8868,0.597,1033047,2695921.05,747516923.4,449893571.4
2006-03-29,'000407,胜利股份,2.65,2.66,2.61,2.62,2.62,0.03,1.145,0.887,1534894,4042646.48,761892248.85,458545370.85
2006-03-28,'000407,胜利股份,2.62,2.64,2.59,2.6,2.61,0.01,0.3831,0.7002,1211522,3176963.26,753267053.58,453354291.18
2006-03-27,'000407,胜利股份,2.61,2.63,2.56,2.63,2.61,0.0,0.0,0.4743,820696,2122065.8,750391988.49,451623931.29
2006-03-24,'000407,胜利股份,2.61,2.65,2.59,2.62,2.63,-0.02,-0.7605,0.3696,639550,1672423.2,750391988.49,451623931.29
2006-03-23,'000407,胜利股份,2.63,2.63,2.58,2.6,2.6,0.03,1.1538,0.4617,798847,2085506.54,756142118.67,455084651.07
2006-03-22,'000407,胜利股份,2.6,2.61,2.56,2.56,2.58,0.02,0.7752,0.3459,598529,1553792.06,747516923.4,449893571.4
2006-03-21,'000407,胜利股份,2.58,2.61,2.56,2.6,2.6,-0.02,-0.7692,0.403,697417,1804259.69,741766793.22,446432851.62
2006-03-20,'000407,胜利股份,2.6,2.6,2.52,2.58,2.54,0.06,2.3622,0.361,624661,1596751.51,747516923.4,449893571.4
2006-03-17,'000407,胜利股份,2.54,2.6,2.54,2.57,2.58,-0.04,-1.5504,0.412,712891,1832375.07,730266532.86,439511412.06
2006-03-16,'000407,胜利股份,2.58,2.6,2.56,2.59,2.6,-0.02,-0.7692,0.3617,625902,1614293.4,741766793.22,446432851.62
2006-03-15,'000407,胜利股份,2.6,2.6,2.56,2.58,2.58,0.02,0.7752,0.4193,725591,1880548.39,747516923.4,449893571.4
2006-03-14,'000407,胜利股份,2.58,2.59,2.55,2.57,2.57,0.01,0.3891,0.3342,578280,1484852.0,741766793.22,446432851.62
2006-03-13,'000407,胜利股份,2.57,2.58,2.54,2.57,2.54,0.03,1.1811,0.3703,640740,1642954.3,738891728.13,444702491.73
2006-03-10,'000407,胜利股份,2.54,2.59,2.54,2.56,2.57,-0.03,-1.1673,0.3468,600059,1534997.86,730266532.86,439511412.06
2006-03-09,'000407,胜利股份,2.57,2.61,2.56,2.57,2.57,0.0,0.0,0.3489,603700,1562682.0,738891728.13,444702491.73
2006-03-08,'000407,胜利股份,2.57,2.6,2.55,2.6,2.6,-0.03,-1.1538,0.5299,916902,2359598.09,738891728.13,444702491.73
2006-03-07,'000407,胜利股份,2.6,2.69,2.59,2.65,2.65,-0.05,-1.8868,0.7273,1258437,3332672.03,747516923.4,449893571.4
2006-03-06,'000407,胜利股份,2.65,2.68,2.63,2.66,2.66,-0.01,-0.3759,0.4349,752447,2000241.18,761892248.85,458545370.85
2006-03-03,'000407,胜利股份,2.66,2.68,2.61,2.64,2.65,0.01,0.3774,0.8478,1467061,3884985.06,764767313.94,460275730.74
2006-03-02,'000407,胜利股份,2.65,2.71,2.65,2.71,2.71,-0.06,-2.214,0.9791,1694141,4545546.09,761892248.85,458545370.85
2006-03-01,'000407,胜利股份,2.71,2.72,2.68,2.68,2.71,0.0,0.0,0.6166,1066916,2880169.64,779142639.39,468927530.19
2006-02-28,'000407,胜利股份,2.71,2.72,2.65,2.7,2.71,0.0,0.0,0.6475,1120351,2999086.35,779142639.39,468927530.19
2006-02-27,'000407,胜利股份,2.71,2.76,2.7,2.74,2.74,-0.03,-1.0949,0.531,918810,2503872.98,779142639.39,468927530.19
2006-02-24,'000407,胜利股份,2.74,2.76,2.7,2.75,2.75,-0.01,-0.3636,0.7812,1351799,3697833.47,787767834.66,474118609.86
2006-02-23,'000407,胜利股份,2.75,2.75,2.68,2.73,2.73,0.02,0.7326,0.8626,1492603,4061738.63,790642899.75,475848969.75
2006-02-22,'000407,胜利股份,2.73,2.75,2.68,2.69,2.71,0.02,0.738,0.9181,1588675,4314931.51,784892769.57,472388249.97
2006-02-21,'000407,胜利股份,2.71,2.71,2.61,2.68,2.67,0.04,1.4981,0.9176,1587841,4218860.69,779142639.39,468927530.19
2006-02-20,'000407,胜利股份,2.67,2.71,2.66,2.7,2.7,-0.03,-1.1111,0.5445,942250,2531649.42,767642379.03,462006090.63
2006-02-17,'000407,胜利股份,2.7,2.74,2.65,2.67,2.67,0.03,1.1236,1.4136,2446065,6599358.51,776267574.3,467197170.3
2006-02-16,'000407,胜利股份,2.67,2.75,2.66,2.75,2.74,-0.07,-2.5547,1.1342,1962500,5267301.82,767642379.03,462006090.63
2006-02-15,'000407,胜利股份,2.74,2.76,2.72,2.75,2.75,-0.01,-0.3636,0.6929,1198929,3281044.67,787767834.66,474118609.86
2006-02-14,'000407,胜利股份,2.75,2.75,2.71,2.74,2.73,0.02,0.7326,0.7459,1290635,3533020.8,790642899.75,475848969.75
2006-02-13,'000407,胜利股份,2.73,2.74,2.68,2.73,2.74,-0.01,-0.365,0.8088,1399590,3783846.86,784892769.57,472388249.97
2006-02-10,'000407,胜利股份,2.74,2.74,2.7,2.7,2.7,0.04,1.4815,0.8648,1496390,4066452.61,787767834.66,474118609.86
2006-02-09,'000407,胜利股份,2.7,2.78,2.7,2.77,2.78,-0.08,-2.8777,1.0133,1753419,4787186.93,776267574.3,467197170.3
2006-02-08,'000407,胜利股份,2.78,2.81,2.72,2.75,2.78,0.0,0.0,1.0774,1864240,5154339.8,799268095.02,481040049.42
2006-02-07,'000407,胜利股份,2.78,2.79,2.68,2.7,2.7,0.08,2.963,1.943,3362137,9187933.02,799268095.02,481040049.42
2006-02-06,'000407,胜利股份,2.7,2.71,2.64,2.64,2.64,0.06,2.2727,1.0117,1750647,4705128.98,776267574.3,467197170.3
2006-01-25,'000407,胜利股份,2.64,2.71,2.63,2.7,2.7,-0.06,-2.2222,0.988,1709589,4534070.27,759017183.76,456815010.96
2006-01-24,'000407,胜利股份,2.7,2.76,2.69,2.75,2.74,-0.04,-1.4599,0.8914,1542500,4190240.3,776267574.3,467197170.3
2006-01-23,'000407,胜利股份,2.74,2.75,2.68,2.68,2.68,0.06,2.2388,1.9129,3310085,9028406.49,787767834.66,474118609.86
2006-01-20,'000407,胜利股份,2.68,2.7,2.66,2.68,2.69,-0.01,-0.3717,0.9677,1674513,4481453.02,770517444.12,463736450.52
2006-01-19,'000407,胜利股份,2.69,2.7,2.63,2.68,2.68,0.01,0.3731,1.0659,1844315,4921147.45,773392509.21,465466810.41
2006-01-18,'000407,胜利股份,2.68,2.69,2.62,2.62,2.64,0.04,1.5152,1.021,1766619,4712524.72,770517444.12,463736450.52
2006-01-17,'000407,胜利股份,2.64,2.65,2.6,2.6,2.62,0.02,0.7634,0.5374,929885,2450237.52,759017183.76,456815010.96
2006-01-16,'000407,胜利股份,2.62,2.68,2.62,2.68,2.67,-0.05,-1.8727,1.0093,1746430,4634736.52,753267053.58,453354291.18
2006-01-13,'000407,胜利股份,2.67,2.72,2.64,2.71,2.71,-0.04,-1.476,1.7953,3106433,8313885.93,767642379.03,462006090.63
2006-01-12,'000407,胜利股份,2.71,2.72,2.6,2.68,2.7,0.01,0.3704,2.0956,3626138,9643754.64,779142639.39,468927530.19
2006-01-11,'000407,胜利股份,2.7,2.74,2.65,2.65,2.63,0.07,2.6616,7.1681,12403464,33401749.68,776267574.3,467197170.3
2006-01-10,'000407,胜利股份,2.63,2.64,2.59,2.64,2.64,-0.01,-0.3788,1.0726,1856021,4836875.17,756142118.67,455084651.07
2006-01-09,'000407,胜利股份,2.64,2.64,2.56,2.59,2.59,0.05,1.9305,1.7306,2994640,7802180.73,759017183.76,456815010.96
2006-01-06,'000407,胜利股份,2.59,2.62,2.49,2.52,2.52,0.07,2.7778,2.4045,4160570,10668708.11,744641858.31,448163211.51
2006-01-05,'000407,胜利股份,2.52,2.54,2.44,2.46,2.45,0.07,2.8571,2.0606,3565631,8864156.59,724516402.68,436050692.28
2006-01-04,'000407,胜利股份,2.45,2.46,2.42,2.42,2.43,0.02,0.823,0.9166,1586040,3877262.02,704390947.05,423938173.05
2005-12-30,'000407,胜利股份,2.43,2.47,2.41,2.47,2.46,-0.03,-1.2195,0.7944,1374553,3348115.26,698640816.87,420477453.27
2005-12-29,'000407,胜利股份,2.46,2.47,2.43,2.44,2.44,0.02,0.8197,0.8849,1531223,3758234.24,707266012.14,425668532.94
2005-12-28,'000407,胜利股份,2.44,2.44,2.41,2.43,2.42,0.02,0.8264,0.4182,723680,1758906.0,701515881.96,422207813.16
2005-12-27,'000407,胜利股份,2.42,2.45,2.41,2.44,2.45,-0.03,-1.2245,0.6737,1165707,2822398.87,695765751.78,418747093.38
2005-12-26,'000407,胜利股份,2.45,2.45,2.42,2.43,2.43,0.02,0.823,0.8911,1541912,3752138.23,704390947.05,423938173.05
2005-12-23,'000407,胜利股份,2.43,2.44,2.4,2.4,2.4,0.03,1.25,0.5742,993550,2409091.2,698640816.87,420477453.27
2005-12-22,'000407,胜利股份,2.4,2.4,2.35,2.38,2.39,0.01,0.4184,0.7347,1271220,3025081.0,690015621.6,415286373.6
2005-12-21,'000407,胜利股份,2.39,2.43,2.38,2.41,2.42,-0.03,-1.2397,0.8877,1535960,3684059.95,687140556.51,413556013.71
2005-12-20,'000407,胜利股份,2.42,2.44,2.4,2.43,2.45,-0.03,-1.2245,0.9383,1623579,3917174.91,695765751.78,418747093.38
2005-12-19,'000407,胜利股份,2.45,2.45,2.42,2.44,2.45,0.0,0.0,0.7931,1372330,3333270.15,704390947.05,423938173.05
2005-12-16,'000407,胜利股份,2.45,2.45,2.42,2.43,2.45,0.0,0.0,0.6991,1209770,2941077.92,704390947.05,423938173.05
2005-12-15,'000407,胜利股份,2.45,2.49,2.43,2.46,2.46,-0.01,-0.4065,0.9453,1635705,4029311.11,704390947.05,423938173.05
2005-12-14,'000407,胜利股份,2.46,2.47,2.41,2.45,2.45,0.01,0.4082,1.0041,1737506,4224565.99,707266012.14,425668532.94
2005-12-13,'000407,胜利股份,2.45,2.46,2.4,2.45,2.46,-0.01,-0.4065,0.7526,1302218,3151301.32,704390947.05,423938173.05
2005-12-12,'000407,胜利股份,2.46,2.47,2.43,2.45,2.45,0.01,0.4082,0.6338,1096689,2689187.91,707266012.14,425668532.94
2005-12-09,'000407,胜利股份,2.45,2.46,2.39,2.4,2.43,0.02,0.823,1.0278,1778468,4315760.97,704390947.05,423938173.05
2005-12-08,'000407,胜利股份,2.43,2.46,2.4,2.44,2.44,-0.01,-0.4098,0.6693,1158170,2803378.74,698640816.87,420477453.27
2005-12-07,'000407,胜利股份,2.44,2.44,2.39,2.42,2.43,0.01,0.4115,0.7054,1220642,2957784.24,701515881.96,422207813.16
2005-12-06,'000407,胜利股份,2.43,2.44,2.36,2.4,2.41,0.02,0.8299,0.7941,1374002,3311727.8,698640816.87,420477453.27
2005-12-05,'000407,胜利股份,2.41,2.53,2.4,2.53,2.55,-0.14,-5.4902,0.7674,1327870,3272958.29,692890686.69,417016733.49
2005-12-02,'000407,胜利股份,2.55,2.6,2.54,2.58,2.59,-0.04,-1.5444,0.6066,1049602,2688639.88,733141597.95,441241771.95
2005-12-01,'000407,胜利股份,2.59,2.63,2.58,2.62,2.62,-0.03,-1.145,0.6171,1067727,2773439.53,744641858.31,448163211.51
2005-11-30,'000407,胜利股份,2.62,2.64,2.59,2.63,2.66,-0.04,-1.5038,0.7007,1212379,3161183.79,753267053.58,453354291.18
2005-11-29,'000407,胜利股份,2.66,2.68,2.62,2.66,2.68,-0.02,-0.7463,0.8967,1551694,4095487.3,764767313.94,460275730.74
2005-11-28,'000407,胜利股份,2.68,2.73,2.66,2.71,2.71,-0.03,-1.107,0.5836,1009880,2721762.57,770517444.12,463736450.52
2005-11-25,'000407,胜利股份,2.71,2.74,2.69,2.69,2.69,0.02,0.7435,0.633,1095380,2977585.8,779142639.39,468927530.19
2005-11-24,'000407,胜利股份,2.69,2.73,2.68,2.7,2.7,-0.01,-0.3704,0.5242,906972,2447420.22,773392509.21,465466810.41
2005-11-23,'000407,胜利股份,2.7,2.72,2.64,2.65,2.65,0.05,1.8868,0.7856,1359447,3631615.12,776267574.3,467197170.3
2005-11-22,'000407,胜利股份,2.65,2.76,2.65,2.76,2.76,-0.11,-3.9855,0.8539,1477540,4001739.93,761892248.85,458545370.85
2005-11-21,'000407,胜利股份,2.76,2.77,2.71,2.75,2.74,0.02,0.7299,1.0842,1876081,5142190.4,793517964.84,477579329.64
2005-11-18,'000407,胜利股份,2.74,2.75,2.66,2.66,2.66,0.08,3.0075,1.7636,3051721,8275860.84,787767834.66,474118609.86
2005-11-17,'000407,胜利股份,2.66,2.73,2.64,2.72,2.72,-0.06,-2.2059,0.7415,1283021,3440769.85,764767313.94,460275730.74
2005-11-16,'000407,胜利股份,2.72,2.74,2.61,2.74,2.75,-0.03,-1.0909,1.565,2708052,7216747.0,782017704.48,470657890.08
2005-11-15,'000407,胜利股份,2.75,2.9,2.74,2.75,2.75,0.0,0.0,4.095,7085862,20071024.33,790642899.75,475848969.75
2005-11-14,'000407,胜利股份,2.75,2.76,2.67,2.71,2.71,0.04,1.476,1.208,2090307,5702303.94,790642899.75,475848969.75
2005-11-11,'000407,胜利股份,2.71,2.74,2.57,2.58,2.61,0.1,3.8314,1.0837,1875161,4975566.9,779142639.39,468927530.19
2005-11-10,'000407,胜利股份,2.61,2.73,2.61,2.7,2.7,-0.09,-3.3333,0.9722,1682252,4489564.88,750391988.49,451623931.29
2005-11-09,'000407,胜利股份,2.7,2.77,2.7,2.77,2.78,-0.08,-2.8777,1.0535,1822900,4992092.4,776267574.3,467197170.3
2005-11-08,'000407,胜利股份,2.78,2.84,2.74,2.82,2.79,-0.01,-0.3584,1.5501,2682173,7481813.56,799268095.02,481040049.42
2005-11-07,'000407,胜利股份,2.79,2.82,2.72,2.76,2.77,0.02,0.722,1.6877,2920297,8119821.95,802143160.11,482770409.31
2005-11-04,'000407,胜利股份,2.77,2.79,2.68,2.72,2.74,0.03,1.0949,1.5996,2767878,7584522.23,796393029.93,479309689.53
2005-11-03,'000407,胜利股份,2.74,2.76,2.65,2.66,2.65,0.09,3.3962,2.8919,5004099,13617683.52,787767834.66,474118609.86
2005-11-02,'000407,胜利股份,2.65,2.67,2.59,2.59,2.61,0.04,1.5326,1.2169,2105645,5551335.89,761892248.85,458545370.85
2005-11-01,'000407,胜利股份,2.61,2.64,2.52,2.59,2.64,-0.03,-1.1364,0.7052,1220213,3148387.75,750391988.49,451623931.29
2005-10-31,'000407,胜利股份,2.64,2.68,2.56,2.62,2.65,-0.01,-0.3774,0.9847,1703892,4464473.6,759017183.76,456815010.96
2005-10-28,'000407,胜利股份,2.65,2.78,2.61,2.78,2.75,-0.1,-3.6364,1.399,2420761,6497741.99,761892248.85,458545370.85
2005-10-27,'000407,胜利股份,2.75,2.75,2.63,2.7,2.67,0.08,2.9963,1.7925,3101685,8345756.07,790642899.75,475848969.75
2005-10-26,'000407,胜利股份,2.67,2.84,2.65,2.82,2.81,-0.14,-4.9822,1.4689,2541730,6999619.14,767642379.03,462006090.63
2005-10-25,'000407,胜利股份,2.81,2.82,2.72,2.79,2.79,0.02,0.7168,1.6493,2853952,7918099.11,807893290.29,486231129.09
2005-10-24,'000407,胜利股份,2.79,2.85,2.77,2.77,2.75,0.04,1.4545,2.4644,4264372,11960457.71,802143160.11,482770409.31
2005-10-21,'000407,胜利股份,2.75,2.78,2.64,2.7,2.64,0.11,4.1667,2.7756,4802718,13168874.29,790642899.75,475848969.75
2005-10-20,'000407,胜利股份,2.64,2.65,2.57,2.65,2.64,0.0,0.0,0.7882,1363799,3557799.6,759017183.76,456815010.96
2005-10-19,'000407,胜利股份,2.64,2.71,2.61,2.61,2.59,0.05,1.9305,1.4192,2455650,6543201.56,759017183.76,456815010.96
2005-10-18,'000407,胜利股份,2.59,2.6,2.52,2.58,2.59,0.0,0.0,0.8247,1426999,3657139.06,744641858.31,448163211.51
2005-10-17,'000407,胜利股份,2.59,2.66,2.49,2.66,2.66,-0.07,-2.6316,0.9105,1575429,4027281.29,744641858.31,448163211.51
2005-10-14,'000407,胜利股份,2.66,2.73,2.63,2.69,2.65,0.01,0.3774,3.4406,5953513,16009352.05,764767313.94,460275730.74
2005-10-13,'000407,胜利股份,2.65,2.69,2.62,2.67,2.67,-0.02,-0.7491,1.0476,1812702,4823512.14,761892248.85,458545370.85
2005-10-12,'000407,胜利股份,2.67,2.69,2.58,2.62,2.61,0.06,2.2989,1.2675,2193176,5816413.2,767642379.03,462006090.63
2005-10-11,'000407,胜利股份,2.61,2.62,2.51,2.55,2.5,0.11,4.4,0.7683,1329400,3412993.47,750391988.49,451623931.29
2005-10-10,'000407,胜利股份,2.5,2.53,2.43,2.5,2.52,-0.02,-0.7937,0.4604,796732,1979731.88,718766272.5,432589972.5
2005-09-30,'000407,胜利股份,2.52,2.54,2.5,2.5,2.52,0.0,0.0,0.3138,543011,1368441.71,724516402.68,436050692.28
2005-09-29,'000407,胜利股份,2.52,2.53,2.46,2.47,2.47,0.05,2.0243,0.4403,761888,1910419.44,724516402.68,436050692.28
2005-09-28,'000407,胜利股份,2.47,2.49,2.43,2.43,2.43,0.04,1.6461,0.5248,908150,2231727.4,710141077.23,427398892.83
2005-09-27,'000407,胜利股份,2.43,2.58,2.43,2.58,2.58,-0.15,-5.814,0.6999,1211106,3041149.2,698640816.87,420477453.27
2005-09-26,'000407,胜利股份,2.58,2.6,2.52,2.58,2.58,0.0,0.0,0.5614,971460,2480189.2,741766793.22,446432851.62
2005-09-23,'000407,胜利股份,2.58,2.66,2.58,2.6,2.63,-0.05,-1.9011,0.69,1194013,3124125.78,741766793.22,446432851.62
2005-09-22,'000407,胜利股份,2.63,2.82,2.58,2.76,2.81,-0.18,-6.4057,1.2986,2247112,6025627.71,756142118.67,455084651.07
2005-09-21,'000407,胜利股份,2.81,2.92,2.74,2.84,2.84,-0.03,-1.0563,2.3079,3993499,11339778.57,807893290.29,486231129.09
2005-09-20,'000407,胜利股份,2.84,2.89,2.82,2.87,2.88,-0.04,-1.3889,1.0844,1876344,5337435.46,816518485.56,491422208.76
2005-09-19,'000407,胜利股份,2.88,2.89,2.8,2.84,2.83,0.05,1.7668,1.2548,2171197,6193861.43,828018745.92,498343648.32
2005-09-16,'000407,胜利股份,2.83,2.84,2.78,2.83,2.83,0.0,0.0,0.7887,1364712,3830165.34,813643420.47,489691848.87
2005-09-15,'000407,胜利股份,2.83,2.86,2.78,2.85,2.85,-0.02,-0.7018,1.0155,1757164,4958952.74,813643420.47,489691848.87
2005-09-14,'000407,胜利股份,2.85,2.87,2.8,2.85,2.84,0.01,0.3521,1.5941,2758367,7793242.12,819393550.65,493152568.65
2005-09-13,'000407,胜利股份,2.84,2.85,2.75,2.78,2.78,0.06,2.1583,1.3916,2408046,6750565.08,816518485.56,491422208.76
2005-09-12,'000407,胜利股份,2.78,2.88,2.76,2.82,2.83,-0.05,-1.7668,1.5234,2636057,7373596.65,799268095.02,481040049.42
2005-09-09,'000407,胜利股份,2.83,2.96,2.74,2.79,2.8,0.03,1.0714,6.4051,11083053,31920585.72,813643420.47,489691848.87
2005-09-08,'000407,胜利股份,2.8,2.81,2.65,2.67,2.66,0.14,5.2632,3.9829,6891813,18950604.82,805018225.2,484500769.2
2005-09-07,'000407,胜利股份,2.66,2.67,2.58,2.6,2.62,0.04,1.5267,0.941,1628195,4280952.18,764767313.94,460275730.74
2005-09-06,'000407,胜利股份,2.62,2.74,2.62,2.69,2.7,-0.08,-2.963,1.434,2481360,6652903.88,753267053.58,453354291.18
2005-09-05,'000407,胜利股份,2.7,2.74,2.65,2.65,2.65,0.05,1.8868,1.2986,2247094,6055170.24,776267574.3,467197170.3
2005-09-02,'000407,胜利股份,2.65,2.7,2.64,2.69,2.71,-0.06,-2.214,1.4111,2441711,6506052.92,761892248.85,458545370.85
2005-09-01,'000407,胜利股份,2.71,2.71,2.63,2.68,2.68,0.03,1.1194,1.6292,2819075,7552252.32,779142639.39,468927530.19
2005-08-31,'000407,胜利股份,2.68,2.68,2.54,2.56,2.57,0.11,4.2802,1.7055,2951149,7789598.35,770517444.12,463736450.52
2005-08-30,'000407,胜利股份,2.57,2.64,2.55,2.64,2.65,-0.08,-3.0189,0.8563,1481757,3829771.45,738891728.13,444702491.73
2005-08-29,'000407,胜利股份,2.65,2.67,2.54,2.57,2.55,0.1,3.9216,1.9484,3371504,8793132.17,761892248.85,458545370.85
2005-08-26,'000407,胜利股份,2.55,2.58,2.5,2.51,2.5,0.05,2.0,0.9796,1695085,4322436.3,733141597.95,441241771.95
2005-08-25,'000407,胜利股份,2.5,2.52,2.45,2.47,2.47,0.03,1.2146,0.5243,907193,2246601.41,718766272.5,432589972.5
2005-08-24,'000407,胜利股份,2.47,2.49,2.43,2.43,2.45,0.02,0.8163,0.4583,793064,1955062.2,710141077.23,427398892.83
2005-08-23,'000407,胜利股份,2.45,2.58,2.43,2.58,2.55,-0.1,-3.9216,0.6264,1083911,2683730.2,704390947.05,423938173.05
2005-08-22,'000407,胜利股份,2.55,2.55,2.47,2.49,2.49,0.06,2.4096,0.5731,991636,2496205.37,733141597.95,441241771.95
2005-08-19,'000407,胜利股份,2.49,2.56,2.41,2.5,2.51,-0.02,-0.7968,0.8449,1461914,3634814.9,715891207.41,430859612.61
2005-08-18,'000407,胜利股份,2.51,2.68,2.5,2.59,2.6,-0.09,-3.4615,1.8043,3122005,8186098.65,721641337.59,434320332.39
2005-08-17,'000407,胜利股份,2.6,2.61,2.5,2.5,2.52,0.08,3.1746,1.3376,2314548,5954460.71,747516923.4,449893571.4
2005-08-16,'000407,胜利股份,2.52,2.57,2.49,2.54,2.54,-0.02,-0.7874,0.8392,1452094,3679400.83,724516402.68,436050692.28
2005-08-15,'000407,胜利股份,2.54,2.55,2.43,2.45,2.47,0.07,2.834,0.7716,1335159,3358207.87,730266532.86,439511412.06
2005-08-12,'000407,胜利股份,2.47,2.6,2.46,2.55,2.55,-0.08,-3.1373,1.2095,2092840,5311519.76,710141077.23,427398892.83
2005-08-11,'000407,胜利股份,2.55,2.58,2.51,2.54,2.57,-0.02,-0.7782,0.9403,1627013,4146191.78,733141597.95,441241771.95
2005-08-10,'000407,胜利股份,2.57,2.63,2.47,2.53,2.53,0.04,1.581,1.6411,2839725,7288227.16,738891728.13,444702491.73
2005-08-09,'000407,胜利股份,2.53,2.54,2.46,2.51,2.51,0.02,0.7968,1.0009,1731854,4315530.74,727391467.77,437781052.17
2005-08-08,'000407,胜利股份,2.51,2.52,2.43,2.43,2.43,0.08,3.2922,1.1772,2037019,5034996.27,721641337.59,434320332.39
2005-08-05,'000407,胜利股份,2.43,2.43,2.36,2.37,2.37,0.06,2.5316,0.897,1552129,3733386.8,698640816.87,420477453.27
2005-08-04,'000407,胜利股份,2.37,2.44,2.35,2.4,2.43,-0.06,-2.4691,0.5967,1032582,2451064.51,681390426.33,410095293.93
2005-08-03,'000407,胜利股份,2.43,2.49,2.4,2.4,2.42,0.01,0.4132,1.3126,2271353,5571209.22,698640816.87,420477453.27
2005-08-02,'000407,胜利股份,2.42,2.44,2.36,2.43,2.42,0.0,0.0,1.0017,1733230,4173108.33,695765751.78,418747093.38
2005-08-01,'000407,胜利股份,2.42,2.45,2.36,2.36,2.36,0.06,2.5424,0.7636,1321279,3176022.78,695765751.78,418747093.38
2005-07-29,'000407,胜利股份,2.36,2.38,2.34,2.36,2.38,-0.02,-0.8403,0.3288,568935,1341289.66,678515361.24,408364934.04
2005-07-28,'000407,胜利股份,2.38,2.39,2.32,2.35,2.36,0.02,0.8475,0.7793,1348552,3174950.59,684265491.42,411825653.82
2005-07-27,'000407,胜利股份,2.36,2.36,2.3,2.32,2.32,0.04,1.7241,0.5777,999590,2326705.58,678515361.24,408364934.04
2005-07-26,'000407,胜利股份,2.32,2.34,2.27,2.27,2.29,0.03,1.31,0.813,1406784,3257235.79,667015100.88,401443494.48
2005-07-25,'000407,胜利股份,2.29,2.34,2.23,2.25,2.28,0.01,0.4386,0.3364,582043,1335630.11,658389905.61,396252414.81
2005-07-22,'000407,胜利股份,2.28,2.3,2.22,2.24,2.21,0.07,3.1674,0.5177,895833,2035395.96,655514840.52,394522054.92
2005-07-21,'000407,胜利股份,2.21,2.26,2.2,2.24,2.26,-0.05,-2.2124,0.1788,309430,685441.74,635389384.89,382409535.69
2005-07-20,'000407,胜利股份,2.26,2.26,2.2,2.22,2.21,0.05,2.2624,0.3107,537538,1203643.96,649764710.34,391061335.14
2005-07-19,'000407,胜利股份,2.21,2.25,2.16,2.19,2.19,0.02,0.9132,0.2161,373865,827432.37,635389384.89,382409535.69
2005-07-18,'000407,胜利股份,2.19,2.23,2.13,2.21,2.22,-0.03,-1.3514,0.3133,542065,1182035.8,629639254.71,378948815.91
2005-07-15,'000407,胜利股份,2.22,2.3,2.18,2.28,2.3,-0.08,-3.4783,0.3203,554220,1239553.0,638264449.98,384139895.58
2005-07-14,'000407,胜利股份,2.3,2.33,2.25,2.29,2.3,0.0,0.0,0.2512,434661,994903.69,661264970.7,397982774.7
2005-07-13,'000407,胜利股份,2.3,2.34,2.28,2.33,2.36,-0.06,-2.5424,0.3687,637979,1467938.7,661264970.7,397982774.7
2005-07-12,'000407,胜利股份,2.36,2.37,2.23,2.27,2.28,0.08,3.5088,0.7939,1373655,3189360.37,678515361.24,408364934.04
2005-07-11,'000407,胜利股份,2.28,2.37,2.25,2.25,2.26,0.02,0.885,0.5574,964480,2237688.0,655514840.52,394522054.92
2005-07-08,'000407,胜利股份,2.26,2.39,2.24,2.39,2.41,-0.15,-6.2241,0.7126,1233121,2825777.24,649764710.34,391061335.14
2005-07-07,'000407,胜利股份,2.41,2.43,2.34,2.36,2.39,0.02,0.8368,0.8323,1440179,3442567.06,692890686.69,417016733.49
2005-07-06,'000407,胜利股份,2.39,2.45,2.28,2.36,2.34,0.05,2.1368,1.6966,2935740,6949517.26,687140556.51,413556013.71
2005-07-05,'000407,胜利股份,2.34,2.34,2.24,2.24,2.13,0.21,9.8592,0.6072,1050731,2450229.34,672765231.06,404904214.26
2005-07-04,'000407,胜利股份,2.13,2.17,2.06,2.17,2.19,-0.06,-2.7397,0.3933,680563,1430492.7,612388864.17,368566656.57
2005-07-01,'000407,胜利股份,2.19,2.3,2.18,2.26,2.29,-0.1,-4.3668,0.3266,565070,1260937.3,629639254.71,378948815.91
2005-06-30,'000407,胜利股份,2.29,2.39,2.29,2.38,2.34,-0.05,-2.1368,0.1733,299939,693726.51,658389905.61,396252414.81
2005-06-29,'000407,胜利股份,2.34,2.38,2.33,2.33,2.36,-0.02,-0.8475,0.2242,387890,910693.7,672765231.06,404904214.26
2005-06-28,'000407,胜利股份,2.36,2.45,2.36,2.45,2.44,-0.08,-3.2787,0.2861,495060,1179453.09,678515361.24,408364934.04
2005-06-27,'000407,胜利股份,2.44,2.46,2.4,2.42,2.39,0.05,2.0921,0.5234,905636,2211586.27,701515881.96,422207813.16
2005-06-24,'000407,胜利股份,2.39,2.4,2.33,2.4,2.4,-0.01,-0.4167,0.203,351320,831271.0,687140556.51,413556013.71
2005-06-23,'000407,胜利股份,2.4,2.42,2.37,2.37,2.38,0.02,0.8403,0.203,351289,843158.62,690015621.6,415286373.6
2005-06-22,'000407,胜利股份,2.38,2.41,2.36,2.38,2.41,-0.03,-1.2448,0.2101,363634,869216.32,684265491.42,411825653.82
2005-06-21,'000407,胜利股份,2.41,2.45,2.37,2.44,2.45,-0.04,-1.6327,0.3239,560385,1348795.09,692890686.69,417016733.49
2005-06-20,'000407,胜利股份,2.45,2.46,2.27,2.4,2.41,0.04,1.6598,0.532,920530,2207009.15,704390947.05,423938173.05
2005-06-17,'000407,胜利股份,2.41,2.46,2.38,2.46,2.44,-0.03,-1.2295,0.2997,518634,1253522.12,692890686.69,417016733.49
2005-06-16,'000407,胜利股份,2.44,2.46,2.38,2.42,2.45,-0.01,-0.4082,0.3758,650309,1571124.86,701515881.96,422207813.16
2005-06-15,'000407,胜利股份,2.45,2.6,2.44,2.59,2.61,-0.16,-6.1303,0.4812,832660,2080384.0,704390947.05,423938173.05
2005-06-14,'000407,胜利股份,2.61,2.66,2.6,2.64,2.63,-0.02,-0.7605,0.474,820251,2159661.11,750391988.49,451623931.29
2005-06-13,'000407,胜利股份,2.63,2.69,2.58,2.61,2.69,-0.06,-2.2305,0.6367,1101714,2903202.02,756142118.67,455084651.07
2005-06-10,'000407,胜利股份,2.69,2.74,2.63,2.7,2.74,-0.05,-1.8248,1.0565,1828066,4864251.29,773392509.21,465466810.41
2005-06-09,'000407,胜利股份,2.74,2.8,2.61,2.7,2.71,0.03,1.107,2.4568,4251216,11603953.76,787767834.66,474118609.86
2005-06-08,'000407,胜利股份,2.71,2.71,2.48,2.49,2.46,0.25,10.1626,4.0199,6955796,18378864.56,779142639.39,468927530.19
2005-06-07,'000407,胜利股份,2.46,2.47,2.39,2.43,2.41,0.05,2.0747,1.078,1865388,4529965.29,707266012.14,425668532.94
2005-06-06,'000407,胜利股份,2.41,2.42,2.3,2.39,2.37,0.04,1.6878,0.3524,609731,1454637.34,692890686.69,417016733.49
2005-06-03,'000407,胜利股份,2.37,2.45,2.36,2.45,2.4,-0.03,-1.25,0.1778,307740,739677.2,681390426.33,410095293.93
2005-06-02,'000407,胜利股份,2.4,2.41,2.34,2.38,2.34,0.06,2.5641,0.2044,353717,841896.76,690015621.6,415286373.6
2005-06-01,'000407,胜利股份,2.34,2.42,2.3,2.42,2.4,-0.06,-2.5,0.1656,286547,675791.69,672765231.06,404904214.26
2005-05-31,'000407,胜利股份,2.4,2.45,2.37,2.45,2.42,-0.02,-0.8264,0.2795,483600,1168278.0,690015621.6,415286373.6
2005-05-30,'000407,胜利股份,2.42,2.45,2.37,2.42,2.43,-0.01,-0.4115,0.3148,544692,1319892.76,695765751.78,418747093.38
2005-05-27,'000407,胜利股份,2.43,2.44,2.34,2.38,2.37,0.06,2.5316,0.2602,450173,1076754.72,698640816.87,420477453.27
2005-05-26,'000407,胜利股份,2.37,2.41,2.34,2.4,2.4,-0.03,-1.25,0.4063,702981,1677953.97,681390426.33,410095293.93
2005-05-25,'000407,胜利股份,2.4,2.42,2.3,2.35,2.35,0.05,2.1277,0.6925,1198321,2855704.24,690015621.6,415286373.6
2005-05-24,'000407,胜利股份,2.35,2.35,2.23,2.23,2.24,0.11,4.9107,0.3558,615701,1416191.43,675640296.15,406634574.15
2005-05-23,'000407,胜利股份,2.24,2.31,2.23,2.31,2.33,-0.09,-3.8627,0.097,167900,378229.69,644014580.16,387600615.36
2005-05-20,'000407,胜利股份,2.33,2.37,2.31,2.35,2.38,-0.05,-2.1008,0.1118,193470,453944.69,669890165.97,403173854.37
2005-05-19,'000407,胜利股份,2.38,2.39,2.31,2.38,2.38,0.0,0.0,0.1431,247680,583673.95,684265491.42,411825653.82
2005-05-18,'000407,胜利股份,2.38,2.38,2.32,2.36,2.36,0.02,0.8475,0.249,430900,1016308.2,684265491.42,411825653.82
2005-05-17,'000407,胜利股份,2.36,2.37,2.29,2.3,2.32,0.04,1.7241,0.2768,478981,1123313.69,678515361.24,408364934.04
2005-05-16,'000407,胜利股份,2.32,2.33,2.24,2.28,2.28,0.04,1.7544,0.2248,389051,889624.39,667015100.88,401443494.48
2005-05-13,'000407,胜利股份,2.28,2.3,2.19,2.19,2.24,0.04,1.7857,0.1685,291483,659668.98,655514840.52,394522054.92
2005-05-12,'000407,胜利股份,2.24,2.26,2.18,2.26,2.27,-0.03,-1.3216,0.2278,394116,874432.0,644014580.16,387600615.36
2005-05-11,'000407,胜利股份,2.27,2.33,2.24,2.3,2.32,-0.05,-2.1552,0.2298,397570,911020.2,652639775.43,392791695.03
2005-05-10,'000407,胜利股份,2.32,2.4,2.16,2.4,2.4,-0.08,-3.3333,0.2682,464061,1059385.64,667015100.88,401443494.48
2005-05-09,'000407,胜利股份,2.4,2.56,2.4,2.56,2.54,-0.14,-5.5118,0.1654,286153,705243.33,690015621.6,415286373.6
2005-04-29,'000407,胜利股份,2.54,2.6,2.52,2.6,2.5,0.04,1.6,0.3695,639383,1622610.28,730266532.86,439511412.06
2005-04-28,'000407,胜利股份,0.0,0.0,0.0,0.0,2.5,None,None,0.0,0,0.0,718766272.5,432589972.5
2005-04-27,'000407,胜利股份,2.5,2.6,2.5,2.55,2.56,-0.06,-2.3438,0.5636,975300,2504302.11,718766272.5,432589972.5
2005-04-26,'000407,胜利股份,2.56,2.57,2.45,2.45,2.45,0.11,4.4898,0.3713,642451,1609663.47,736016663.04,442972131.84
2005-04-25,'000407,胜利股份,2.45,2.54,2.4,2.48,2.52,-0.07,-2.7778,0.2761,477794,1173562.92,704390947.05,423938173.05
2005-04-22,'000407,胜利股份,2.52,2.58,2.5,2.56,2.56,-0.04,-1.5625,0.2234,386580,976662.75,724516402.68,436050692.28
2005-04-21,'000407,胜利股份,2.56,2.68,2.52,2.62,2.62,-0.06,-2.2901,0.242,418663,1089669.4,736016663.04,442972131.84
2005-04-20,'000407,胜利股份,2.62,2.78,2.62,2.78,2.79,-0.17,-6.0932,0.2865,495771,1321764.32,753267053.58,453354291.18
2005-04-19,'000407,胜利股份,2.79,2.8,2.72,2.72,2.72,0.07,2.5735,0.135,233669,642601.97,802143160.11,482770409.31
2005-04-18,'000407,胜利股份,2.72,2.78,2.7,2.75,2.78,-0.06,-2.1583,0.1364,235960,645324.01,782017704.48,470657890.08
2005-04-15,'000407,胜利股份,2.78,2.87,2.76,2.85,2.88,-0.1,-3.4722,0.2545,440358,1236713.94,799268095.02,481040049.42
2005-04-14,'000407,胜利股份,2.88,3.0,2.85,2.98,2.98,-0.1,-3.3557,0.3066,530520,1537475.0,828018745.92,498343648.32
2005-04-13,'000407,胜利股份,2.98,3.04,2.93,2.97,2.95,0.03,1.0169,0.3831,662844,1978732.85,856769396.82,515647247.22
2005-04-12,'000407,胜利股份,2.95,3.02,2.92,2.99,3.04,-0.09,-2.9605,0.4869,842443,2487691.01,848144201.55,510456167.55
2005-04-11,'000407,胜利股份,3.04,3.2,2.65,2.93,2.93,0.11,3.7543,1.0919,1889457,5659238.75,874019787.36,526029406.56
2005-04-08,'000407,胜利股份,2.93,2.95,2.84,2.85,2.88,0.05,1.7361,0.3521,609276,1759113.9,842394071.37,506995447.77
2005-04-07,'000407,胜利股份,2.88,2.95,2.83,2.85,2.83,0.05,1.7668,0.4307,745239,2153948.55,828018745.92,498343648.32
2005-04-06,'000407,胜利股份,2.83,2.86,2.75,2.75,2.75,0.08,2.9091,0.3189,551731,1544949.13,813643420.47,489691848.87
2005-04-05,'000407,胜利股份,2.75,2.84,2.74,2.8,2.82,-0.07,-2.4823,0.2496,431931,1207679.11,790642899.75,475848969.75
2005-04-04,'000407,胜利股份,2.82,2.97,2.7,2.75,2.77,0.05,1.8051,0.4897,847304,2420146.89,810768355.38,487961488.98
2005-04-01,'000407,胜利股份,2.77,2.83,2.64,2.69,2.71,0.06,2.214,0.4103,710038,1941056.8,796393029.93,479309689.53
2005-03-31,'000407,胜利股份,2.71,2.71,2.61,2.7,2.72,-0.01,-0.3676,0.3162,547223,1449732.82,779142639.39,468927530.19
2005-03-30,'000407,胜利股份,2.72,2.9,2.71,2.9,2.9,-0.18,-6.2069,0.2664,461000,1288458.24,782017704.48,470657890.08
2005-03-29,'000407,胜利股份,2.9,2.92,2.86,2.87,2.87,0.03,1.0453,0.084,145369,422001.41,833768876.1,501804368.1
2005-03-28,'000407,胜利股份,2.87,2.91,2.85,2.91,2.93,-0.06,-2.0478,0.1514,262034,751884.64,825143680.83,496613288.43
2005-03-25,'000407,胜利股份,2.93,2.97,2.91,2.93,2.93,0.0,0.0,0.187,323621,949979.31,842394071.37,506995447.77
2005-03-24,'000407,胜利股份,2.93,2.93,2.85,2.87,2.91,0.02,0.6873,0.2443,422674,1218942.84,842394071.37,506995447.77
2005-03-23,'000407,胜利股份,2.91,2.99,2.87,2.9,2.89,0.02,0.692,0.2406,416369,1211926.68,836643941.19,503534727.99
2005-03-22,'000407,胜利股份,2.89,3.0,2.86,3.0,3.0,-0.11,-3.6667,0.1972,341194,989909.92,830893811.01,500074008.21
2005-03-21,'000407,胜利股份,3.0,3.03,2.95,3.02,3.0,0.0,0.0,0.1262,218376,652278.04,862519527.0,519107967.0
2005-03-18,'000407,胜利股份,3.0,3.13,2.98,3.09,3.07,-0.07,-2.2801,0.1697,293640,887804.4,862519527.0,519107967.0
2005-03-17,'000407,胜利股份,3.07,3.12,3.05,3.06,3.06,0.01,0.3268,0.142,245702,756290.04,882644982.63,531220486.23
2005-03-16,'000407,胜利股份,3.06,3.18,3.03,3.15,3.17,-0.11,-3.47,0.3647,631129,1943891.25,879769917.54,529490126.34
2005-03-15,'000407,胜利股份,3.17,3.29,3.15,3.24,3.29,-0.12,-3.6474,0.2396,414586,1331832.49,911395633.53,548524085.13
2005-03-14,'000407,胜利股份,3.29,3.31,3.21,3.31,3.3,-0.01,-0.303,0.3623,626865,2045708.85,945896414.61,569288403.81
2005-03-11,'000407,胜利股份,3.3,3.32,3.2,3.2,3.22,0.08,2.4845,0.8604,1488741,4902209.54,948771479.7,571018763.7
2005-03-10,'000407,胜利股份,3.22,3.33,3.2,3.31,3.28,-0.06,-1.8293,0.7918,1370145,4497162.26,925770958.98,557175884.58
2005-03-09,'000407,胜利股份,3.28,3.3,3.21,3.24,3.26,0.02,0.6135,0.5552,960697,3134287.04,943021349.52,567558043.92
2005-03-08,'000407,胜利股份,3.26,3.27,3.15,3.15,3.15,0.11,3.4921,0.2888,499764,1609953.53,937271219.34,564097324.14
2005-03-07,'000407,胜利股份,3.15,3.18,3.13,3.15,3.15,0.0,0.0,0.1355,234400,739746.8,905645503.35,545063365.35
2005-03-04,'000407,胜利股份,3.15,3.2,3.14,3.19,3.21,-0.06,-1.8692,0.1367,236470,747620.8,905645503.35,545063365.35
2005-03-03,'000407,胜利股份,3.21,3.21,3.14,3.18,3.2,0.01,0.3125,0.1761,304743,967806.71,922895893.89,555445524.69
2005-03-02,'000407,胜利股份,3.2,3.34,3.2,3.26,3.25,-0.05,-1.5385,0.2362,408690,1327772.0,920020828.8,553715164.8
2005-03-01,'000407,胜利股份,3.25,3.25,3.19,3.23,3.25,0.0,0.0,0.2094,362289,1165638.71,934396154.25,562366964.25
2005-02-28,'000407,胜利股份,3.25,3.28,3.23,3.25,3.25,0.0,0.0,0.2171,375597,1222242.38,934396154.25,562366964.25
2005-02-25,'000407,胜利股份,3.25,3.32,3.23,3.23,3.31,-0.06,-1.8127,0.568,982900,3220518.24,934396154.25,562366964.25
2005-02-24,'000407,胜利股份,3.31,3.35,3.16,3.16,3.2,0.11,3.4375,0.8624,1492225,4873791.8,951646544.79,572749123.59
2005-02-23,'000407,胜利股份,3.2,3.24,3.15,3.16,3.17,0.03,0.9464,0.3807,658816,2105444.91,920020828.8,553715164.8
2005-02-22,'000407,胜利股份,3.17,3.2,3.08,3.1,3.09,0.08,2.589,0.4425,765612,2411431.87,911395633.53,548524085.13
2005-02-21,'000407,胜利股份,3.09,3.1,3.02,3.02,3.04,0.05,1.6447,0.1435,248229,762186.27,888395112.81,534681206.01
2005-02-18,'000407,胜利股份,3.04,3.07,3.02,3.06,3.06,-0.02,-0.6536,0.0797,137945,419631.16,874019787.36,526029406.56
2005-02-17,'000407,胜利股份,3.06,3.07,3.01,3.03,3.04,0.02,0.6579,0.104,179912,546079.97,879769917.54,529490126.34
2005-02-16,'000407,胜利股份,3.04,3.08,3.02,3.02,3.0,0.04,1.3333,0.1366,236386,720242.72,874019787.36,526029406.56
2005-02-04,'000407,胜利股份,3.0,3.01,2.92,2.93,2.92,0.08,2.7397,0.154,266414,794190.48,862519527.0,519107967.0
2005-02-03,'000407,胜利股份,2.92,3.05,2.92,3.05,3.01,-0.09,-2.99,0.3059,529365,1581804.4,839519006.28,505265087.88
2005-02-02,'000407,胜利股份,3.01,3.02,2.85,2.88,2.85,0.16,5.614,0.316,546849,1622202.95,865394592.09,520838326.89
2005-02-01,'000407,胜利股份,2.85,2.95,2.82,2.9,2.9,-0.05,-1.7241,0.1524,263620,759837.01,819393550.65,493152568.65
2005-01-31,'000407,胜利股份,2.9,3.05,2.89,3.05,3.05,-0.15,-4.918,0.1684,291364,860883.56,833768876.1,501804368.1
2005-01-28,'000407,胜利股份,3.05,3.13,3.03,3.13,3.08,-0.03,-0.974,0.0936,161934,496041.44,876894852.45,527759766.45
2005-01-27,'000407,胜利股份,3.08,3.13,3.08,3.11,3.14,-0.06,-1.9108,0.0922,159520,494590.8,885520047.72,532950846.12
2005-01-26,'000407,胜利股份,3.14,3.18,3.13,3.18,3.16,-0.02,-0.6329,0.081,140200,442446.0,902770438.26,543333005.46
2005-01-25,'000407,胜利股份,3.16,3.19,3.1,3.18,3.23,-0.07,-2.1672,0.1352,233991,738530.33,908520568.44,546793725.24
2005-01-24,'000407,胜利股份,3.23,3.23,3.15,3.19,3.13,0.1,3.1949,0.3925,679199,2164191.62,928646024.07,558906244.47
2005-01-21,'000407,胜利股份,3.13,3.15,3.03,3.05,3.05,0.08,2.623,0.199,344343,1068789.36,899895373.17,541602645.57
2005-01-20,'000407,胜利股份,3.05,3.09,3.02,3.09,3.09,-0.04,-1.2945,0.1201,207758,633983.92,876894852.45,527759766.45
2005-01-19,'000407,胜利股份,3.09,3.13,3.04,3.1,3.1,-0.01,-0.3226,0.1055,182605,563363.83,888395112.81,534681206.01
2005-01-18,'000407,胜利股份,3.1,3.11,3.02,3.02,3.04,0.06,1.9737,0.1534,265354,810328.47,891270177.9,536411565.9
2005-01-17,'000407,胜利股份,3.04,3.08,3.0,3.08,3.12,-0.08,-2.5641,0.1252,216722,657913.46,874019787.36,526029406.56
2005-01-14,'000407,胜利股份,3.12,3.23,3.11,3.2,3.2,-0.08,-2.5,0.0892,154400,489287.2,897020308.08,539872285.68
2005-01-13,'000407,胜利股份,3.2,3.2,3.16,3.17,3.18,0.02,0.6289,0.0846,146310,465603.6,920020828.8,553715164.8
2005-01-12,'000407,胜利股份,3.18,3.19,3.12,3.15,3.17,0.01,0.3155,0.1286,222578,700691.34,914270698.62,550254445.02
2005-01-11,'000407,胜利股份,3.17,3.2,3.14,3.2,3.18,-0.01,-0.3145,0.1107,191601,605094.35,911395633.53,548524085.13
2005-01-10,'000407,胜利股份,3.18,3.19,3.1,3.17,3.13,0.05,1.5974,0.1431,247546,779489.1,914270698.62,550254445.02
2005-01-07,'000407,胜利股份,3.13,3.18,3.1,3.12,3.12,0.01,0.3205,0.0954,165000,519027.0,899895373.17,541602645.57
2005-01-06,'000407,胜利股份,3.12,3.18,3.1,3.18,3.16,-0.04,-1.2658,0.0842,145680,456423.2,897020308.08,539872285.68
2005-01-05,'000407,胜利股份,3.16,3.18,3.08,3.12,3.1,0.06,1.9355,0.118,204170,641491.12,908520568.44,546793725.24
2005-01-04,'000407,胜利股份,3.1,3.13,3.06,3.1,3.14,-0.04,-1.2739,0.0815,141001,435559.27,891270177.9,536411565.9
2004-12-31,'000407,胜利股份,3.14,3.24,3.13,3.21,3.2,-0.06,-1.875,0.1295,224050,708405.32,902770438.26,543333005.46
2004-12-30,'000407,胜利股份,3.2,3.29,3.19,3.25,3.31,-0.11,-3.3233,0.2011,347912,1126621.88,920020828.8,553715164.8
2004-12-29,'000407,胜利股份,3.31,3.34,3.27,3.34,3.32,-0.01,-0.3012,0.09,155772,515686.6,951646544.79,572749123.59
2004-12-28,'000407,胜利股份,3.32,3.38,3.27,3.31,3.29,0.03,0.9119,0.1268,219420,724832.02,954521609.88,574479483.48
2004-12-27,'000407,胜利股份,3.29,3.37,3.29,3.34,3.37,-0.08,-2.3739,0.1445,250060,832564.0,945896414.61,569288403.81
2004-12-24,'000407,胜利股份,3.37,3.4,3.33,3.35,3.35,0.02,0.597,0.0676,116926,393182.5,968896935.33,583131282.93
2004-12-23,'000407,胜利股份,3.35,3.47,3.35,3.46,3.46,-0.11,-3.1792,0.079,136780,465486.8,963146805.15,579670563.15
2004-12-22,'000407,胜利股份,3.46,3.46,3.36,3.36,3.36,0.1,2.9762,0.2186,378198,1296372.62,994772521.14,598704521.94
2004-12-21,'000407,胜利股份,3.36,3.36,3.31,3.32,3.31,0.05,1.5106,0.1026,177585,592111.21,966021870.24,581400923.04
2004-12-20,'000407,胜利股份,3.31,3.34,3.28,3.34,3.33,-0.02,-0.6006,0.1732,299660,992823.8,951646544.79,572749123.59
2004-12-17,'000407,胜利股份,3.33,3.4,3.28,3.38,3.4,-0.07,-2.0588,0.2503,433099,1452381.9,957396674.97,576209843.37
2004-12-16,'000407,胜利股份,3.4,3.45,3.39,3.41,3.43,-0.03,-0.8746,0.0785,135880,464820.8,977522130.6,588322362.6
2004-12-15,'000407,胜利股份,3.43,3.47,3.38,3.4,3.43,0.0,0.0,0.2105,364197,1241901.44,986147325.87,593513442.27
2004-12-14,'000407,胜利股份,3.43,3.48,3.4,3.45,3.45,-0.02,-0.5797,0.1,173060,596202.2,986147325.87,593513442.27
2004-12-13,'000407,胜利股份,3.45,3.53,3.39,3.52,3.53,-0.08,-2.2663,0.2298,397716,1371157.04,991897456.05,596974162.05
2004-12-10,'000407,胜利股份,3.53,3.64,3.51,3.64,3.63,-0.1,-2.7548,0.1767,305795,1090201.23,1014897976.77,610817041.17
2004-12-09,'000407,胜利股份,3.63,3.67,3.58,3.6,3.6,0.03,0.8333,0.2238,387218,1404041.6,1043648627.67,628120640.07
2004-12-08,'000407,胜利股份,3.6,3.65,3.57,3.65,3.58,0.02,0.5587,0.1964,339831,1223368.09,1035023432.4,622929560.4
2004-12-07,'000407,胜利股份,3.58,3.7,3.55,3.67,3.7,-0.12,-3.2432,0.2963,512750,1856813.4,1029273302.22,619468840.62
2004-12-06,'000407,胜利股份,3.7,3.74,3.68,3.72,3.72,-0.02,-0.5376,0.2397,414820,1536466.8,1063774083.3,640233159.3
2004-12-03,'000407,胜利股份,3.72,3.78,3.7,3.72,3.72,0.0,0.0,0.438,757929,2824497.49,1069524213.48,643693879.08
2004-12-02,'000407,胜利股份,3.72,3.72,3.61,3.67,3.67,0.05,1.3624,0.5314,919567,3396640.87,1069524213.48,643693879.08
2004-12-01,'000407,胜利股份,3.67,3.72,3.66,3.72,3.69,-0.02,-0.542,0.3386,585980,2161329.55,1055148888.03,635042079.63
2004-11-30,'000407,胜利股份,3.69,3.7,3.56,3.58,3.58,0.11,3.0726,0.2688,465124,1687064.08,1060899018.21,638502799.41
2004-11-29,'000407,胜利股份,3.58,3.68,3.57,3.68,3.69,-0.11,-2.981,0.1501,259800,941603.58,1029273302.22,619468840.62
2004-11-26,'000407,胜利股份,3.69,3.72,3.66,3.66,3.63,0.06,1.6529,0.2445,422998,1561512.59,1060899018.21,638502799.41
2004-11-25,'000407,胜利股份,3.63,3.65,3.6,3.64,3.65,-0.02,-0.5479,0.2688,465146,1682124.82,1043648627.67,628120640.07
2004-11-24,'000407,胜利股份,3.65,3.72,3.65,3.68,3.71,-0.06,-1.6172,0.351,607334,2231456.8,1049398757.85,631581359.85
2004-11-23,'000407,胜利股份,3.71,3.76,3.68,3.74,3.73,-0.02,-0.5362,0.4011,693999,2570907.9,1066649148.39,641963519.19
2004-11-22,'000407,胜利股份,3.73,3.78,3.7,3.76,3.76,-0.03,-0.7979,0.4081,706136,2640995.77,1072399278.57,645424238.97
2004-11-19,'000407,胜利股份,3.76,3.76,3.66,3.7,3.68,0.08,2.1739,0.9147,1582776,5912429.29,1081024473.84,650615318.64
2004-11-18,'000407,胜利股份,3.68,3.7,3.63,3.7,3.7,-0.02,-0.5405,0.3585,620282,2277738.63,1058023953.12,636772439.52
2004-11-17,'000407,胜利股份,3.7,3.75,3.66,3.71,3.65,0.05,1.3699,0.8533,1476480,5479714.92,1063774083.3,640233159.3
2004-11-16,'000407,胜利股份,3.65,3.66,3.62,3.65,3.64,0.01,0.2747,0.203,351211,1275883.26,1049398757.85,631581359.85
2004-11-15,'000407,胜利股份,3.64,3.67,3.58,3.62,3.62,0.02,0.5525,0.2105,364320,1323216.2,1046523692.76,629850999.96
2004-11-12,'000407,胜利股份,3.62,3.65,3.58,3.6,3.6,0.02,0.5556,0.3006,520103,1875957.28,1040773562.58,626390280.18
2004-11-11,'000407,胜利股份,3.6,3.66,3.58,3.6,3.6,0.0,0.0,0.5729,991327,3585306.74,1035023432.4,622929560.4
2004-11-10,'000407,胜利股份,3.6,3.61,3.48,3.49,3.49,0.11,3.1519,0.3067,530743,1897841.66,1035023432.4,622929560.4
2004-11-09,'000407,胜利股份,3.49,3.55,3.46,3.5,3.48,0.01,0.2874,0.1121,193974,678982.2,1003397716.41,603895601.61
2004-11-08,'000407,胜利股份,3.48,3.5,3.4,3.49,3.49,-0.01,-0.2865,0.1446,250200,865292.4,1000522651.32,602165241.72
2004-11-05,'000407,胜利股份,3.49,3.58,3.47,3.58,3.56,-0.07,-1.9663,0.2703,467680,1643603.6,1003397716.41,603895601.61
2004-11-04,'000407,胜利股份,3.56,3.66,3.54,3.61,3.61,-0.05,-1.385,1.0204,1765619,6369525.69,1023523172.04,616008120.84
2004-11-03,'000407,胜利股份,3.61,3.63,3.47,3.52,3.5,0.11,3.1429,0.478,827109,2939679.29,1037898497.49,624659920.29
2004-11-02,'000407,胜利股份,3.5,3.52,3.45,3.51,3.51,-0.01,-0.2849,0.1895,327825,1142728.25,1006272781.5,605625961.5
2004-11-01,'000407,胜利股份,3.51,3.53,3.45,3.49,3.5,0.01,0.2857,0.1877,324761,1131854.03,1009147846.59,607356321.39
2004-10-29,'000407,胜利股份,3.5,3.52,3.36,3.4,3.5,0.0,0.0,0.4343,751444,2577879.63,1006272781.5,605625961.5
2004-10-28,'000407,胜利股份,3.5,3.57,3.4,3.52,3.55,-0.05,-1.4085,0.4802,830950,2923741.7,1006272781.5,605625961.5
2004-10-27,'000407,胜利股份,3.55,3.55,3.34,3.48,3.49,0.06,1.7192,0.5996,1037504,3567712.99,1020648106.95,614277760.95
2004-10-26,'000407,胜利股份,3.49,3.49,3.38,3.4,3.4,0.09,2.6471,0.3746,648276,2215551.38,1003397716.41,603895601.61
2004-10-25,'000407,胜利股份,3.4,3.6,3.38,3.6,3.55,-0.15,-4.2254,0.4401,761551,2651679.74,977522130.6,588322362.6
2004-10-22,'000407,胜利股份,3.55,3.7,3.49,3.7,3.7,-0.15,-4.0541,0.5904,1021643,3614597.54,1020648106.95,614277760.95
2004-10-21,'000407,胜利股份,3.7,3.8,3.65,3.65,3.64,0.06,1.6484,0.4763,824152,3080493.33,1063774083.3,640233159.3
2004-10-20,'000407,胜利股份,3.64,3.69,3.6,3.69,3.7,-0.06,-1.6216,0.1742,301390,1094061.08,1046523692.76,629850999.96
2004-10-19,'000407,胜利股份,3.7,3.8,3.69,3.72,3.75,-0.05,-1.3333,0.2206,381780,1429016.16,1063774083.3,640233159.3
2004-10-18,'000407,胜利股份,3.75,3.86,3.68,3.76,3.73,0.02,0.5362,0.1517,262432,981660.3,1078149408.75,648884958.75
2004-10-15,'000407,胜利股份,3.73,3.82,3.68,3.79,3.77,-0.04,-1.061,0.2252,389707,1454261.51,1072399278.57,645424238.97
2004-10-14,'000407,胜利股份,3.77,4.02,3.71,4.02,4.01,-0.24,-5.985,0.2923,505700,1968248.0,1083899538.93,652345678.53
2004-10-13,'000407,胜利股份,4.01,4.06,3.96,3.98,3.97,0.04,1.0076,0.2404,415962,1661038.4,1152901101.09,693874315.89
2004-10-12,'000407,胜利股份,3.97,4.08,3.95,4.07,4.07,-0.1,-2.457,0.3396,587619,2357806.64,1141400840.73,686952876.33
2004-10-11,'000407,胜利股份,4.07,4.3,3.9,3.9,3.99,0.08,2.005,0.8412,1455652,6026181.74,1170151491.63,704256475.23
2004-10-08,'000407,胜利股份,3.99,4.02,3.88,3.9,3.94,0.05,1.269,0.3194,552672,2184062.32,1147150970.91,690413596.11
2004-09-30,'000407,胜利股份,3.94,4.03,3.92,4.0,4.03,-0.09,-2.2333,0.3713,642426,2552634.18,1132775645.46,681761796.66
2004-09-29,'000407,胜利股份,4.03,4.18,4.02,4.15,4.15,-0.12,-2.8916,0.3764,651348,2652002.16,1158651231.27,697335035.67
2004-09-28,'000407,胜利股份,4.15,4.16,4.07,4.1,4.16,-0.01,-0.2404,0.6948,1202340,4948874.34,1193152012.35,718099354.35
2004-09-27,'000407,胜利股份,4.16,4.33,4.12,4.19,4.11,0.05,1.2165,2.3648,4092002,17330540.76,1196027077.44,719829714.24
2004-09-24,'000407,胜利股份,4.11,4.19,4.04,4.11,4.08,0.03,0.7353,1.7435,3016902,12446296.43,1181651751.99,711177914.79
2004-09-23,'000407,胜利股份,4.08,4.1,3.95,3.99,3.99,0.09,2.2556,0.3936,681005,2736149.1,1173026556.72,705986835.12
2004-09-22,'000407,胜利股份,3.99,4.11,3.98,4.07,4.08,-0.09,-2.2059,0.8113,1403784,5654529.42,1147150970.91,690413596.11
2004-09-21,'000407,胜利股份,4.08,4.2,4.03,4.2,4.2,-0.12,-2.8571,0.9294,1608167,6598547.82,1173026556.72,705986835.12
2004-09-20,'000407,胜利股份,4.2,4.2,4.0,4.07,4.07,0.13,3.1941,1.5974,2764001,11295824.06,1207527337.8,726751153.8
2004-09-17,'000407,胜利股份,4.07,4.08,3.9,3.92,3.92,0.15,3.8265,1.068,1847942,7382225.31,1170151491.63,704256475.23
2004-09-16,'000407,胜利股份,3.92,3.95,3.85,3.88,3.92,0.0,0.0,0.852,1474275,5759603.58,1127025515.28,678301076.88
2004-09-15,'000407,胜利股份,3.92,3.97,3.7,3.7,3.7,0.22,5.9459,1.2903,2232766,8681992.93,1127025515.28,678301076.88
2004-09-14,'000407,胜利股份,3.7,3.71,3.6,3.65,3.55,0.15,4.2254,0.2741,474322,1736442.93,1063774083.3,640233159.3
2004-09-13,'000407,胜利股份,3.55,3.67,3.55,3.62,3.68,-0.13,-3.5326,0.1345,232800,835567.0,1020648106.95,614277760.95
2004-09-10,'000407,胜利股份,3.68,3.7,3.6,3.61,3.66,0.02,0.5464,0.0849,146871,537228.03,1058023953.12,636772439.52
2004-09-09,'000407,胜利股份,3.66,3.73,3.64,3.73,3.71,-0.05,-1.3477,0.1183,204720,750948.8,1052273822.94,633311719.74
2004-09-08,'000407,胜利股份,3.71,3.75,3.7,3.73,3.75,-0.04,-1.0667,0.0738,127625,475151.1,1066649148.39,641963519.19
2004-09-07,'000407,胜利股份,3.75,3.79,3.72,3.79,3.76,-0.01,-0.266,0.0719,124458,465108.94,1078149408.75,648884958.75
2004-09-06,'000407,胜利股份,3.76,3.78,3.73,3.78,3.78,-0.02,-0.5291,0.0415,71895,269919.35,1081024473.84,650615318.64
2004-09-03,'000407,胜利股份,3.78,3.81,3.71,3.76,3.74,0.04,1.0695,0.1437,248699,937147.67,1086774604.02,654076038.42
2004-09-02,'000407,胜利股份,3.74,3.76,3.66,3.7,3.71,0.03,0.8086,0.09,155708,578441.96,1075274343.66,647154598.86
2004-09-01,'000407,胜利股份,3.71,3.75,3.66,3.75,3.73,-0.02,-0.5362,0.1114,192829,712154.74,1066649148.39,641963519.19
2004-08-31,'000407,胜利股份,3.73,3.81,3.7,3.81,3.65,0.08,2.1918,0.3373,583600,2174229.8,1072399278.57,645424238.97
2004-08-30,'000407,胜利股份,3.65,3.7,3.63,3.66,3.66,-0.01,-0.2732,0.0991,171430,626458.2,1049398757.85,631581359.85
2004-08-27,'000407,胜利股份,3.66,3.76,3.65,3.75,3.78,-0.12,-3.1746,0.1405,243030,900599.0,1052273822.94,633311719.74
2004-08-26,'000407,胜利股份,3.78,3.88,3.7,3.72,3.7,0.08,2.1622,0.3691,638636,2438850.4,1086774604.02,654076038.42
2004-08-25,'000407,胜利股份,3.7,3.76,3.69,3.76,3.76,-0.06,-1.5957,0.1052,182080,676374.2,1063774083.3,640233159.3
2004-08-24,'000407,胜利股份,3.76,3.78,3.67,3.7,3.68,0.08,2.1739,0.1731,299521,1123696.32,1081024473.84,650615318.64
2004-08-23,'000407,胜利股份,3.68,3.69,3.6,3.65,3.68,0.0,0.0,0.062,107270,390804.4,1058023953.12,636772439.52
2004-08-20,'000407,胜利股份,3.68,3.72,3.62,3.64,3.65,0.03,0.8219,0.1075,185998,681030.44,1058023953.12,636772439.52
2004-08-19,'000407,胜利股份,3.65,3.68,3.6,3.66,3.69,-0.04,-1.084,0.1318,228062,829444.48,1049398757.85,631581359.85
2004-08-18,'000407,胜利股份,3.69,3.72,3.65,3.7,3.7,-0.01,-0.2703,0.0769,133040,490066.69,1060899018.21,638502799.41
2004-08-17,'000407,胜利股份,3.7,3.73,3.65,3.67,3.7,0.0,0.0,0.0778,134540,496782.8,1063774083.3,640233159.3
2004-08-16,'000407,胜利股份,3.7,3.78,3.65,3.76,3.76,-0.06,-1.5957,0.1325,229300,848066.6,1063774083.3,640233159.3
2004-08-13,'000407,胜利股份,3.76,3.83,3.75,3.75,3.77,-0.01,-0.2653,0.0792,136960,516413.6,1081024473.84,650615318.64
2004-08-12,'000407,胜利股份,3.77,3.83,3.75,3.83,3.85,-0.08,-2.0779,0.1535,265655,1000933.53,1083899538.93,652345678.53
2004-08-11,'000407,胜利股份,3.85,3.94,3.85,3.85,3.87,-0.02,-0.5168,0.1475,255200,992187.0,1106900059.65,666188557.65
2004-08-10,'000407,胜利股份,3.87,3.91,3.82,3.91,3.91,-0.04,-1.023,0.2167,375027,1447559.79,1112650189.83,669649277.43
2004-08-09,'000407,胜利股份,3.91,3.98,3.89,3.94,3.88,0.03,0.7732,1.0481,1813579,7117276.18,1124150450.19,676570716.99
2004-08-06,'000407,胜利股份,3.88,3.88,3.73,3.8,3.8,0.08,2.1053,0.2161,373906,1426205.6,1115525254.92,671379637.32
2004-08-05,'000407,胜利股份,3.8,3.85,3.78,3.85,3.85,-0.05,-1.2987,0.1221,211280,804531.57,1092524734.2,657536758.2
2004-08-04,'000407,胜利股份,3.85,3.89,3.77,3.79,3.79,0.06,1.5831,0.3015,521665,2000159.48,1106900059.65,666188557.65
2004-08-03,'000407,胜利股份,3.79,3.8,3.69,3.69,3.7,0.09,2.4324,0.3026,523685,1965328.66,1089649669.11,655806398.31
2004-08-02,'000407,胜利股份,3.7,3.73,3.58,3.65,3.68,0.02,0.5435,0.1733,299938,1105644.46,1063774083.3,640233159.3
2004-07-30,'000407,胜利股份,3.68,3.77,3.66,3.71,3.71,-0.03,-0.8086,0.1294,223920,833321.68,1058023953.12,636772439.52
2004-07-29,'000407,胜利股份,3.71,3.72,3.63,3.7,3.69,0.02,0.542,0.1618,280049,1029665.04,1066649148.39,641963519.19
2004-07-28,'000407,胜利股份,3.69,3.7,3.6,3.69,3.66,0.03,0.8197,0.0947,163860,598362.71,1060899018.21,638502799.41
2004-07-27,'000407,胜利股份,3.66,3.72,3.65,3.7,3.69,-0.03,-0.813,0.0682,118040,433282.66,1052273822.94,633311719.74
2004-07-26,'000407,胜利股份,3.69,3.75,3.65,3.75,3.75,-0.06,-1.6,0.075,129820,478049.2,1060899018.21,638502799.41
2004-07-23,'000407,胜利股份,3.75,3.75,3.65,3.72,3.74,0.01,0.2674,0.1244,215242,793154.16,1078149408.75,648884958.75
2004-07-22,'000407,胜利股份,3.74,3.87,3.73,3.87,3.87,-0.13,-3.3592,0.1153,199522,753223.06,1075274343.66,647154598.86
2004-07-21,'000407,胜利股份,3.87,3.88,3.82,3.84,3.85,0.02,0.5195,0.1631,282150,1087856.15,1112650189.83,669649277.43
2004-07-20,'000407,胜利股份,3.85,3.88,3.75,3.81,3.8,0.05,1.3158,0.1679,290479,1110134.42,1106900059.65,666188557.65
2004-07-19,'000407,胜利股份,3.8,3.82,3.75,3.82,3.8,0.0,0.0,0.1528,264400,1000330.8,1092524734.2,657536758.2
2004-07-16,'000407,胜利股份,3.8,3.81,3.72,3.75,3.7,0.1,2.7027,0.1906,329727,1244393.68,1092524734.2,657536758.2
2004-07-15,'000407,胜利股份,3.7,3.75,3.65,3.67,3.65,0.05,1.3699,0.1155,199821,735610.51,1063774083.3,640233159.3
2004-07-14,'000407,胜利股份,3.65,3.79,3.6,3.78,3.78,-0.13,-3.4392,0.2424,419373,1532728.08,1049398757.85,631581359.85
2004-07-13,'000407,胜利股份,3.78,3.91,3.75,3.81,3.81,-0.03,-0.7874,0.1384,239520,909342.4,1086774604.02,654076038.42
2004-07-12,'000407,胜利股份,3.81,3.86,3.76,3.86,3.87,-0.06,-1.5504,0.1155,199860,756087.01,1095399799.29,659267118.09
2004-07-09,'000407,胜利股份,3.87,4.0,3.86,3.92,3.92,-0.05,-1.2755,0.0512,88680,345880.12,1112650189.83,669649277.43
2004-07-08,'000407,胜利股份,3.92,4.05,3.88,3.9,3.87,0.05,1.292,0.1189,205685,811336.9,1127025515.28,678301076.88
2004-07-07,'000407,胜利股份,3.87,3.9,3.84,3.9,3.9,-0.03,-0.7692,0.1076,186160,719115.6,1112650189.83,669649277.43
2004-07-06,'000407,胜利股份,3.9,3.94,3.86,3.94,3.83,0.07,1.8277,0.2062,356746,1391777.96,1121275385.1,674840357.1
2004-07-05,'000407,胜利股份,3.83,3.85,3.79,3.84,3.84,-0.01,-0.2604,0.1151,199248,759731.6,1101149929.47,662727837.87
2004-07-02,'000407,胜利股份,3.84,3.88,3.78,3.88,3.86,-0.02,-0.5181,0.1244,215205,823207.23,1104024994.56,664458197.76
2004-07-01,'000407,胜利股份,3.86,3.91,3.77,3.77,3.77,0.09,2.3873,0.1819,314683,1213793.03,1109775124.74,667918917.54
2004-06-30,'000407,胜利股份,3.77,3.82,3.76,3.8,3.77,0.0,0.0,0.1108,191689,726289.93,1083899538.93,652345678.53
2004-06-29,'000407,胜利股份,3.77,3.8,3.68,3.75,3.74,0.03,0.8021,0.1963,339626,1274499.77,1083899538.93,652345678.53
2004-06-28,'000407,胜利股份,3.74,3.98,3.7,3.95,3.95,-0.21,-5.3165,0.2031,351500,1335056.9,1075274343.66,647154598.86
2004-06-25,'000407,胜利股份,3.95,4.08,3.9,4.05,4.02,-0.07,-1.7413,0.1174,203220,812946.6,1135650710.55,683492156.55
2004-06-24,'000407,胜利股份,4.02,4.21,4.01,4.2,4.03,-0.01,-0.2481,0.0923,159793,646115.08,1155776166.18,695604675.78
2004-06-23,'000407,胜利股份,4.03,4.09,4.0,4.05,4.07,-0.04,-0.9828,0.105,181741,734018.7,1158651231.27,697335035.67
2004-06-22,'000407,胜利股份,4.07,4.1,4.04,4.04,4.04,0.03,0.7426,0.0845,146237,595973.04,1170151491.63,704256475.23
2004-06-21,'000407,胜利股份,4.04,4.08,4.0,4.02,4.0,0.04,1.0,0.0742,128392,520228.64,1161526296.36,699065395.56
2004-06-18,'000407,胜利股份,4.0,4.04,3.96,3.99,4.0,0.0,0.0,0.1169,202219,808973.99,1150026036.0,692143956.0
2004-06-17,'000407,胜利股份,4.0,4.1,4.0,4.1,4.11,-0.11,-2.6764,0.1201,207790,838190.4,1150026036.0,692143956.0
2004-06-16,'000407,胜利股份,4.11,4.24,4.01,4.1,4.09,0.02,0.489,0.1918,331878,1368717.86,1181651751.99,711177914.79
2004-06-15,'000407,胜利股份,4.09,4.12,3.95,3.96,3.96,0.13,3.2828,0.165,285488,1148282.8,1175901621.81,707717195.01
2004-06-14,'000407,胜利股份,3.96,4.14,3.95,4.14,4.12,-0.16,-3.8835,0.2228,385560,1541508.6,1138525775.64,685222516.44
2004-06-11,'000407,胜利股份,4.12,4.27,4.11,4.14,4.14,-0.02,-0.4831,0.1653,286080,1195844.03,1184526817.08,712908274.68
2004-06-10,'000407,胜利股份,4.14,4.24,4.08,4.24,4.29,-0.15,-3.4965,0.214,370346,1539926.43,1190276947.26,716368994.46
2004-06-09,'000407,胜利股份,4.29,4.69,4.0,4.0,4.44,-0.15,-3.3784,0.1841,318602,1373867.82,1233402923.61,742324392.81
2004-06-08,'000407,胜利股份,5.38,5.48,5.37,5.45,5.45,-0.07,-1.2844,0.2814,405791,2198088.62,1288987518.04,775778020.04
2004-06-07,'000407,胜利股份,5.45,5.61,5.41,5.61,5.62,-0.17,-3.0249,0.299,431220,2374879.72,1305758731.1,785871786.1
2004-06-04,'000407,胜利股份,5.62,5.62,5.51,5.56,5.56,0.06,1.0791,0.1885,271739,1516981.09,1346488819.96,810385217.96
2004-06-03,'000407,胜利股份,5.56,5.66,5.5,5.66,5.66,-0.1,-1.7668,0.2827,407685,2276375.91,1332113494.48,801733418.48
2004-06-02,'000407,胜利股份,5.66,5.68,5.6,5.64,5.64,0.02,0.3546,0.3401,490440,2764725.65,1356072370.28,816153084.28
2004-06-01,'000407,胜利股份,5.64,5.66,5.54,5.62,5.54,0.1,1.8051,0.3516,506950,2843660.77,1351280595.12,813269151.12
2004-05-31,'000407,胜利股份,5.54,5.56,5.4,5.43,5.46,0.08,1.4652,0.1981,285708,1574030.03,1327321719.32,798849485.32
2004-05-28,'000407,胜利股份,5.46,5.57,5.42,5.5,5.52,-0.06,-1.087,0.1326,191200,1044972.58,1308154618.68,787313752.68
2004-05-27,'000407,胜利股份,5.52,5.53,5.36,5.4,5.42,0.1,1.845,0.2572,370859,2032483.77,1322529944.16,795965552.16
2004-05-26,'000407,胜利股份,5.42,5.48,5.35,5.37,5.38,0.04,0.7435,0.1168,168451,907691.12,1298571068.36,781545886.36
2004-05-25,'000407,胜利股份,5.38,5.58,5.35,5.53,5.58,-0.2,-3.5842,0.2499,360300,1962123.19,1288987518.04,775778020.04
2004-05-24,'000407,胜利股份,5.58,5.65,5.53,5.65,5.59,-0.01,-0.1789,0.1106,159418,888532.36,1336905269.64,804617351.64
2004-05-21,'000407,胜利股份,5.59,5.6,5.49,5.59,5.6,-0.01,-0.1786,0.1391,200570,1113413.67,1339301157.22,806059318.22
2004-05-20,'000407,胜利股份,5.6,5.68,5.58,5.63,5.63,-0.03,-0.5329,0.1491,214950,1209709.0,1341697044.8,807501284.8
2004-05-19,'000407,胜利股份,5.63,5.69,5.58,5.66,5.62,0.01,0.1779,0.2051,295777,1670119.51,1348884707.54,811827184.54
2004-05-18,'000407,胜利股份,5.62,5.63,5.47,5.52,5.52,0.1,1.8116,0.2549,367500,2032562.0,1346488819.96,810385217.96
2004-05-17,'000407,胜利股份,5.52,5.62,5.49,5.55,5.56,-0.04,-0.7194,0.1686,243077,1344757.27,1322529944.16,795965552.16
2004-05-14,'000407,胜利股份,5.56,5.67,5.5,5.66,5.68,-0.12,-2.1127,0.2118,305421,1698351.12,1332113494.48,801733418.48
2004-05-13,'000407,胜利股份,5.68,5.72,5.65,5.72,5.72,-0.04,-0.6993,0.124,178840,1014777.84,1360864145.44,819037017.44
2004-05-12,'000407,胜利股份,5.72,5.73,5.51,5.56,5.59,0.13,2.3256,0.2521,363558,2058177.75,1370447695.76,824804883.76
2004-05-11,'000407,胜利股份,5.59,5.65,5.51,5.55,5.56,0.03,0.5396,0.1713,246959,1376477.99,1339301157.22,806059318.22
2004-05-10,'000407,胜利股份,5.56,5.67,5.55,5.65,5.66,-0.1,-1.7668,0.195,281232,1577762.65,1332113494.48,801733418.48
2004-04-30,'000407,胜利股份,5.66,5.82,5.62,5.69,5.72,-0.06,-1.049,0.2691,387991,2210217.14,1356072370.28,816153084.28
2004-04-29,'000407,胜利股份,5.72,5.82,5.7,5.81,5.74,-0.02,-0.3484,0.2545,367052,2104004.61,1370447695.76,824804883.76
2004-04-28,'000407,胜利股份,0.0,0.0,0.0,0.0,5.74,None,None,0.0,0,0.0,1375239470.92,827688816.92
2004-04-27,'000407,胜利股份,5.74,5.79,5.68,5.76,5.75,-0.01,-0.1739,0.2937,423574,2427333.94,1375239470.92,827688816.92
2004-04-26,'000407,胜利股份,5.75,5.82,5.65,5.75,5.76,-0.01,-0.1736,0.298,429729,2460061.55,1377635358.5,829130783.5
2004-04-23,'000407,胜利股份,5.76,5.95,5.72,5.95,5.95,-0.19,-3.1933,0.4406,635351,3701715.92,1380031246.08,830572750.08
2004-04-22,'000407,胜利股份,5.95,5.95,5.86,5.87,5.87,0.08,1.3629,0.2875,414496,2447184.93,1425553110.1,857970115.1
2004-04-21,'000407,胜利股份,5.87,5.93,5.81,5.9,5.89,-0.02,-0.3396,0.3247,468210,2751334.49,1406386009.46,846434382.46
2004-04-20,'000407,胜利股份,5.89,5.93,5.78,5.87,5.87,0.02,0.3407,0.4727,681644,3994377.93,1411177784.62,849318315.62
2004-04-19,'000407,胜利股份,5.87,6.1,5.83,6.05,6.15,-0.28,-4.5528,0.8787,1267085,7548952.54,1406386009.46,846434382.46
2004-04-16,'000407,胜利股份,6.15,6.21,5.96,6.11,6.13,0.02,0.3263,0.8956,1291419,7844601.41,1473470861.7,886809446.7
2004-04-15,'000407,胜利股份,6.13,6.34,6.12,6.25,6.25,-0.12,-1.92,0.6445,929298,5797150.9,1468679086.54,883925513.54
2004-04-14,'000407,胜利股份,6.25,6.3,6.08,6.22,6.25,0.0,0.0,1.2784,1843385,11417503.79,1497429737.5,901229112.5
2004-04-13,'000407,胜利股份,6.25,6.4,6.23,6.4,6.4,-0.15,-2.3438,0.9396,1354879,8560394.84,1497429737.5,901229112.5
2004-04-12,'000407,胜利股份,6.4,6.47,6.25,6.35,6.38,0.02,0.3135,1.123,1619381,10323385.41,1533368051.2,922858611.2
2004-04-09,'000407,胜利股份,6.38,6.7,6.31,6.62,6.62,-0.24,-3.6254,2.1363,3080409,20054233.23,1528576276.04,919974678.04
2004-04-08,'000407,胜利股份,6.62,6.65,6.41,6.41,6.42,0.2,3.1153,2.4785,3573946,23445224.6,1586077577.96,954581875.96
2004-04-07,'000407,胜利股份,6.42,6.46,6.3,6.36,6.34,0.08,1.2618,1.5736,2269147,14506856.92,1538159826.36,925742544.36
2004-04-06,'000407,胜利股份,6.34,6.34,6.23,6.3,6.3,0.04,0.6349,0.9777,1409795,8883251.91,1518992725.72,914206811.72
2004-04-05,'000407,胜利股份,6.3,6.33,6.15,6.21,6.2,0.1,1.6129,1.3467,1941842,12148879.4,1509409175.4,908438945.4
2004-04-02,'000407,胜利股份,6.2,6.23,6.15,6.23,6.2,0.0,0.0,0.9215,1328753,8218512.18,1485450299.6,894019279.6
2004-04-01,'000407,胜利股份,6.2,6.22,6.16,6.2,6.19,0.01,0.1616,0.7911,1140704,7067708.01,1485450299.6,894019279.6
2004-03-31,'000407,胜利股份,6.19,6.2,6.09,6.1,6.11,0.08,1.3093,0.9928,1431597,8810626.84,1483054412.02,892577313.02
2004-03-30,'000407,胜利股份,6.11,6.15,6.05,6.09,6.1,0.01,0.1639,0.5431,783061,4764853.79,1463887311.38,881041580.38
2004-03-29,'000407,胜利股份,6.1,6.29,6.09,6.21,6.13,-0.03,-0.4894,1.627,2346013,14466746.11,1461491423.8,879599613.8
2004-03-26,'000407,胜利股份,6.13,6.14,5.95,6.01,6.0,0.13,2.1667,1.2173,1755260,10656120.49,1468679086.54,883925513.54
2004-03-25,'000407,胜利股份,6.0,6.08,5.95,5.99,6.05,-0.05,-0.8264,0.4713,679650,4078004.3,1437532548.0,865179948.0
2004-03-24,'000407,胜利股份,6.05,6.14,6.01,6.14,6.14,-0.09,-1.4658,0.8738,1259979,7678068.09,1449511985.9,872389780.9
2004-03-23,'000407,胜利股份,6.14,6.15,5.93,6.05,6.04,0.1,1.6556,1.2429,1792181,10850276.16,1471074974.12,885367480.12
2004-03-22,'000407,胜利股份,6.04,6.05,5.93,5.99,5.99,0.05,0.8347,0.893,1287739,7718993.26,1447116098.32,870947814.32
2004-03-19,'000407,胜利股份,5.99,6.01,5.82,5.87,5.88,0.11,1.8707,0.649,935852,5551385.54,1435136660.42,863737981.42
2004-03-18,'000407,胜利股份,5.88,6.08,5.87,6.02,6.02,-0.14,-2.3256,0.8695,1253800,7488823.97,1408781897.04,847876349.04
2004-03-17,'000407,胜利股份,6.02,6.06,5.94,6.02,6.02,0.0,0.0,1.1043,1592364,9570034.19,1442324323.16,868063881.16
2004-03-16,'000407,胜利股份,6.02,6.05,5.91,6.02,6.02,0.0,0.0,1.1008,1587369,9484375.71,1442324323.16,868063881.16
2004-03-15,'000407,胜利股份,6.02,6.04,5.83,5.83,5.83,0.19,3.259,1.5631,2253995,13430915.33,1442324323.16,868063881.16
2004-03-12,'000407,胜利股份,5.83,5.88,5.75,5.88,5.84,-0.01,-0.1712,0.4838,697653,4059338.6,1396802459.14,840666516.14
2004-03-11,'000407,胜利股份,5.84,5.89,5.74,5.78,5.76,0.08,1.3889,0.8877,1280053,7471429.72,1399198346.72,842108482.72
2004-03-10,'000407,胜利股份,5.76,5.77,5.61,5.66,5.67,0.09,1.5873,0.4012,578583,3289586.71,1380031246.08,830572750.08
2004-03-09,'000407,胜利股份,5.67,5.79,5.64,5.72,5.77,-0.1,-1.7331,0.4232,610223,3488893.72,1358468257.86,817595050.86
2004-03-08,'000407,胜利股份,5.77,5.94,5.76,5.88,5.88,-0.11,-1.8707,0.9263,1335702,7788879.33,1382427133.66,832014716.66
2004-03-05,'000407,胜利股份,5.88,5.88,5.73,5.73,5.73,0.15,2.6178,0.9798,1412833,8212577.09,1408781897.04,847876349.04
2004-03-04,'000407,胜利股份,5.73,5.75,5.62,5.7,5.7,0.03,0.5263,0.5343,770391,4363085.15,1372843583.34,826246850.34
2004-03-03,'000407,胜利股份,5.7,5.87,5.68,5.75,5.77,-0.07,-1.2132,0.4767,687457,3961681.22,1365655920.6,821920950.6
2004-03-02,'000407,胜利股份,5.77,5.81,5.68,5.8,5.79,-0.02,-0.3454,0.5464,787949,4519269.01,1382427133.66,832014716.66
2004-03-01,'000407,胜利股份,5.79,5.8,5.68,5.7,5.7,0.09,1.5789,0.6416,925104,5329213.82,1387218908.82,834898649.82
2004-02-27,'000407,胜利股份,5.7,5.7,5.6,5.62,5.62,0.08,1.4235,0.4349,627152,3546574.78,1365655920.6,821920950.6
2004-02-26,'000407,胜利股份,5.62,5.68,5.57,5.6,5.63,-0.01,-0.1776,0.5981,862443,4839208.86,1346488819.96,810385217.96
2004-02-25,'000407,胜利股份,5.63,5.89,5.61,5.78,5.78,-0.15,-2.5952,0.7073,1019890,5891285.2,1348884707.54,811827184.54
2004-02-24,'000407,胜利股份,5.78,5.9,5.7,5.88,5.91,-0.13,-2.1997,0.7826,1128457,6517594.16,1384823021.24,833456683.24
2004-02-23,'000407,胜利股份,5.91,6.07,5.9,6.06,6.07,-0.16,-2.6359,0.8832,1273500,7618000.61,1415969559.78,852202248.78
2004-02-20,'000407,胜利股份,6.07,6.08,5.92,6.01,6.01,0.06,0.9983,0.8424,1214719,7291880.66,1454303761.06,875273714.06
2004-02-19,'000407,胜利股份,6.01,6.1,5.96,6.05,6.1,-0.09,-1.4754,1.1483,1655836,9948921.66,1439928435.58,866621914.58
2004-02-18,'000407,胜利股份,6.1,6.19,6.01,6.01,5.95,0.15,2.521,2.2613,3260720,19896649.61,1461491423.8,879599613.8
2004-02-17,'000407,胜利股份,5.95,5.99,5.82,5.86,5.86,0.09,1.5358,1.3987,2016930,11954409.37,1425553110.1,857970115.1
2004-02-16,'000407,胜利股份,5.86,5.86,5.72,5.72,5.74,0.12,2.0906,0.8671,1250365,7264629.05,1403990121.88,844992415.88
2004-02-13,'000407,胜利股份,5.74,5.95,5.72,5.93,5.91,-0.17,-2.8765,0.7098,1023462,5951731.68,1375239470.92,827688816.92
2004-02-12,'000407,胜利股份,5.91,5.92,5.82,5.9,5.84,0.07,1.1986,0.7908,1140269,6704935.96,1415969559.78,852202248.78
2004-02-11,'000407,胜利股份,5.84,5.93,5.78,5.87,5.87,-0.03,-0.5111,0.8898,1282998,7471677.84,1399198346.72,842108482.72
2004-02-10,'000407,胜利股份,5.87,5.95,5.85,5.93,5.92,-0.05,-0.8446,1.1816,1703808,10067536.48,1406386009.46,846434382.46
2004-02-09,'000407,胜利股份,5.92,5.94,5.78,5.78,5.82,0.1,1.7182,1.0935,1576727,9285315.59,1418365447.36,853644215.36
2004-02-06,'000407,胜利股份,5.82,6.0,5.76,5.9,5.9,-0.08,-1.3559,1.5174,2188004,12848005.65,1394406571.56,839224549.56
2004-02-05,'000407,胜利股份,5.9,5.92,5.77,5.87,5.87,0.03,0.5111,1.3243,1909555,11113510.76,1413573672.2,850760282.2
2004-02-04,'000407,胜利股份,5.87,5.95,5.76,5.76,5.76,0.11,1.9097,1.5684,2261537,13231265.22,1406386009.46,846434382.46
2004-02-03,'000407,胜利股份,5.76,5.8,5.66,5.78,5.78,-0.02,-0.346,1.1136,1605707,9233443.82,1380031246.08,830572750.08
2004-02-02,'000407,胜利股份,5.78,5.87,5.65,5.69,5.61,0.17,3.0303,2.2676,3269739,18898250.79,1384823021.24,833456683.24
2004-01-30,'000407,胜利股份,5.61,5.87,5.6,5.72,5.55,0.06,1.0811,2.1903,3158349,18072985.44,1344092932.38,808943251.38
2004-01-29,'000407,胜利股份,5.55,5.56,5.32,5.32,5.38,0.17,3.1599,0.6095,878862,4795804.92,1329717606.9,800291451.9
2004-01-16,'000407,胜利股份,5.38,5.5,5.25,5.43,5.5,-0.12,-2.1818,1.2679,1828240,9761165.06,1288987518.04,775778020.04
2004-01-15,'000407,胜利股份,5.5,5.6,5.42,5.6,5.6,-0.1,-1.7857,0.718,1035323,5684463.93,1317738169.0,793081619.0
2004-01-14,'000407,胜利股份,5.6,5.6,5.41,5.41,5.42,0.18,3.321,1.8434,2658150,14741354.52,1341697044.8,807501284.8
2004-01-13,'000407,胜利股份,5.42,5.46,5.31,5.38,5.34,0.08,1.4981,0.725,1045488,5633339.93,1298571068.36,781545886.36
2004-01-12,'000407,胜利股份,5.34,5.38,5.25,5.28,5.34,0.0,0.0,0.6815,982629,5206676.42,1279403967.72,770010153.72
2004-01-09,'000407,胜利股份,5.34,5.47,5.33,5.47,5.47,-0.13,-2.3766,1.0267,1480399,7962734.05,1279403967.72,770010153.72
2004-01-08,'000407,胜利股份,5.47,5.52,5.34,5.45,5.44,0.03,0.5515,0.8764,1263690,6856242.16,1310550506.26,788755719.26
2004-01-07,'000407,胜利股份,5.44,5.5,5.22,5.3,5.31,0.13,2.4482,1.2934,1865050,10009698.68,1303362843.52,784429819.52
2004-01-06,'000407,胜利股份,5.31,5.46,5.24,5.46,5.46,-0.15,-2.7473,1.1639,1678288,8923204.08,1272216304.98,765684253.98
2004-01-05,'000407,胜利股份,5.46,5.47,5.3,5.34,5.35,0.11,2.0561,0.8526,1229362,6629038.04,1308154618.68,787313752.68
2004-01-02,'000407,胜利股份,5.35,5.49,5.28,5.28,5.3,0.05,0.9434,0.4656,671446,3615488.2,1281799855.3,771452120.3
2003-12-31,'000407,胜利股份,5.3,5.47,5.28,5.42,5.47,-0.17,-3.1079,0.6461,931642,4992250.14,1269820417.4,764242287.4
2003-12-30,'000407,胜利股份,5.47,5.48,5.36,5.4,5.41,0.06,1.1091,0.6122,882760,4782439.94,1310550506.26,788755719.26
2003-12-29,'000407,胜利股份,5.41,5.59,5.4,5.55,5.54,-0.13,-2.3466,0.7675,1106743,6049091.74,1296175180.78,780103919.78
2003-12-26,'000407,胜利股份,5.54,5.74,5.53,5.58,5.51,0.03,0.5445,1.4996,2162429,12178378.09,1327321719.32,798849485.32
2003-12-25,'000407,胜利股份,5.51,5.61,5.41,5.58,5.58,-0.07,-1.2545,1.386,1998495,10944684.1,1320134056.58,794523585.58
2003-12-24,'000407,胜利股份,5.58,5.61,5.51,5.59,5.62,-0.04,-0.7117,1.1737,1692443,9390420.2,1336905269.64,804617351.64
2003-12-23,'000407,胜利股份,5.62,5.66,5.47,5.6,5.64,-0.02,-0.3546,2.3354,3367550,18757779.18,1346488819.96,810385217.96
2003-12-22,'000407,胜利股份,5.64,5.78,5.45,5.5,5.5,0.14,2.5455,6.0576,8734823,49061552.13,1351280595.12,813269151.12
2003-12-19,'000407,胜利股份,5.5,5.5,5.06,5.08,5.0,0.5,10.0,6.5419,9433207,51777351.97,1317738169.0,793081619.0
2003-12-18,'000407,胜利股份,5.0,5.11,4.96,5.02,5.07,-0.07,-1.3807,0.4012,578500,2903196.28,1197943790.0,720983290.0
2003-12-17,'000407,胜利股份,5.07,5.2,5.07,5.14,5.2,-0.13,-2.5,0.3061,441401,2270100.83,1214715003.06,731077056.06
2003-12-16,'000407,胜利股份,5.2,5.26,5.12,5.25,5.26,-0.06,-1.1407,0.2714,391373,2016991.87,1245861541.6,749822621.6
2003-12-15,'000407,胜利股份,5.26,5.27,5.22,5.25,5.23,0.03,0.5736,0.4141,597123,3130355.91,1260236867.08,758474421.08
2003-12-12,'000407,胜利股份,5.23,5.25,5.09,5.2,5.2,0.03,0.5769,0.3778,544806,2812865.33,1253049204.34,754148521.34
2003-12-11,'000407,胜利股份,5.2,5.25,5.16,5.24,5.24,-0.04,-0.7634,0.2808,404921,2100742.59,1245861541.6,749822621.6
2003-12-10,'000407,胜利股份,5.24,5.25,5.14,5.16,5.14,0.1,1.9455,0.36,519091,2692160.41,1255445091.92,755590487.92
2003-12-09,'000407,胜利股份,5.14,5.18,5.07,5.15,5.17,-0.03,-0.5803,0.2843,409980,2095006.44,1231486216.12,741170822.12
2003-12-08,'000407,胜利股份,5.17,5.31,5.16,5.28,5.2,-0.03,-0.5769,0.4321,623140,3267548.8,1238673878.86,745496721.86
2003-12-05,'000407,胜利股份,5.2,5.28,5.17,5.21,5.24,-0.04,-0.7634,0.3795,547160,2846164.89,1245861541.6,749822621.6
2003-12-04,'000407,胜利股份,5.24,5.29,5.19,5.27,5.28,-0.04,-0.7576,0.5453,786283,4101175.22,1255445091.92,755590487.92
2003-12-03,'000407,胜利股份,5.28,5.35,5.19,5.28,5.2,0.08,1.5385,0.8726,1258297,6623391.09,1265028642.24,761358354.24
2003-12-02,'000407,胜利股份,5.2,5.28,5.17,5.25,5.22,-0.02,-0.3831,0.4566,658462,3430698.05,1245861541.6,749822621.6
2003-12-01,'000407,胜利股份,5.22,5.3,5.08,5.08,5.04,0.18,3.5714,0.7797,1124324,5861697.6,1250653316.76,752706554.76
2003-11-28,'000407,胜利股份,5.04,5.08,5.0,5.0,5.03,0.01,0.1988,0.3093,446060,2249709.5,1207527340.32,726751156.32
2003-11-27,'000407,胜利股份,5.03,5.24,5.0,5.21,5.2,-0.17,-3.2692,0.5653,815095,4153271.05,1205131452.74,725309189.74
2003-11-26,'000407,胜利股份,5.2,5.2,5.03,5.11,5.12,0.08,1.5625,0.8373,1207303,6215222.98,1245861541.6,749822621.6
2003-11-25,'000407,胜利股份,5.12,5.2,5.02,5.08,5.11,0.01,0.1957,0.8644,1246477,6359274.96,1226694440.96,738286888.96
2003-11-24,'000407,胜利股份,5.11,5.14,4.84,4.89,4.86,0.25,5.144,0.7849,1131759,5673959.0,1224298553.38,736844922.38
2003-11-21,'000407,胜利股份,4.86,5.03,4.86,4.99,4.99,-0.13,-2.6052,0.3897,561979,2779693.23,1164401363.88,700795757.88
2003-11-20,'000407,胜利股份,4.99,5.0,4.79,4.79,4.86,0.13,2.6749,0.5011,722556,3572152.68,1195547902.42,719541323.42
2003-11-19,'000407,胜利股份,4.86,4.87,4.8,4.82,4.77,0.09,1.8868,0.1623,234040,1133613.8,1164401363.88,700795757.88
2003-11-18,'000407,胜利股份,4.77,4.8,4.7,4.77,4.79,-0.02,-0.4175,0.0974,140384,666367.0,1142838375.66,687818058.66
2003-11-17,'000407,胜利股份,4.79,4.82,4.75,4.76,4.77,0.02,0.4193,0.1157,166841,799575.96,1147630150.82,690701991.82
2003-11-14,'000407,胜利股份,4.77,4.79,4.7,4.72,4.74,0.03,0.6329,0.145,209083,991019.68,1142838375.66,687818058.66
2003-11-13,'000407,胜利股份,4.74,4.75,4.67,4.71,4.73,0.01,0.2114,0.1256,181100,852840.39,1135650712.92,683492158.92
2003-11-12,'000407,胜利股份,4.73,4.83,4.69,4.8,4.79,-0.06,-1.2526,0.0938,135300,642780.0,1133254825.34,682050192.34
2003-11-11,'000407,胜利股份,4.79,4.8,4.73,4.79,4.8,-0.01,-0.2083,0.1373,198000,947642.0,1147630150.82,690701991.82
2003-11-10,'000407,胜利股份,4.8,4.8,4.71,4.78,4.8,0.0,0.0,0.1587,228907,1086789.11,1150026038.4,692143958.4
2003-11-07,'000407,胜利股份,4.8,5.05,4.78,5.05,5.0,-0.2,-4.0,0.895,1290545,6296018.15,1150026038.4,692143958.4
2003-11-06,'000407,胜利股份,5.0,5.03,4.85,5.02,4.96,0.04,0.8065,0.7459,1075536,5304665.92,1197943790.0,720983290.0
2003-11-05,'000407,胜利股份,4.96,4.97,4.8,4.85,4.88,0.08,1.6393,0.384,553694,2704124.56,1188360239.68,715215423.68
2003-11-04,'000407,胜利股份,4.88,4.94,4.78,4.78,4.78,0.1,2.0921,0.3208,462540,2257634.51,1169193139.04,703679691.04
2003-11-03,'000407,胜利股份,4.78,4.81,4.71,4.72,4.72,0.06,1.2712,0.1148,165483,788421.16,1145234263.24,689260025.24
2003-10-31,'000407,胜利股份,4.72,4.82,4.68,4.71,4.71,0.01,0.2123,0.1308,188568,893672.05,1130858937.76,680608225.76
2003-10-30,'000407,胜利股份,4.71,4.8,4.7,4.76,4.76,-0.05,-1.0504,0.0691,99600,471232.0,1128463050.18,679166259.18
2003-10-29,'000407,胜利股份,4.76,4.85,4.68,4.85,4.73,0.03,0.6342,0.2376,342628,1628489.35,1140442488.08,686376092.08
2003-10-28,'000407,胜利股份,4.73,4.84,4.7,4.83,4.83,-0.1,-2.0704,0.1715,247290,1179677.8,1133254825.34,682050192.34
2003-10-27,'000407,胜利股份,4.83,5.02,4.77,5.02,5.02,-0.19,-3.7849,0.3867,557565,2728754.56,1157213701.14,696469858.14
2003-10-24,'000407,胜利股份,5.02,5.07,5.01,5.02,5.04,-0.02,-0.3968,0.1015,146372,735141.72,1202735565.16,723867223.16
2003-10-23,'000407,胜利股份,5.04,5.18,5.01,5.15,5.13,-0.09,-1.7544,0.1983,285992,1455072.9,1207527340.32,726751156.32
2003-10-22,'000407,胜利股份,5.13,5.13,5.01,5.03,5.02,0.11,2.1912,0.2304,332162,1688542.5,1229090328.54,739728855.54
2003-10-21,'000407,胜利股份,5.02,5.05,5.0,5.02,5.02,0.0,0.0,0.0965,139169,697292.38,1202735565.16,723867223.16
2003-10-20,'000407,胜利股份,5.02,5.03,4.99,5.0,5.04,-0.02,-0.3968,0.0825,118916,595093.84,1202735565.16,723867223.16
2003-10-17,'000407,胜利股份,5.04,5.07,5.02,5.02,5.01,0.03,0.5988,0.0773,111500,562524.64,1207527340.32,726751156.32
2003-10-16,'000407,胜利股份,5.01,5.1,5.0,5.06,5.06,-0.05,-0.9881,0.1017,146633,736967.66,1200339677.58,722425256.58
2003-10-15,'000407,胜利股份,5.06,5.18,5.05,5.11,5.11,-0.05,-0.9785,0.1024,147598,754101.2,1212319115.48,729635089.48
2003-10-14,'000407,胜利股份,5.11,5.16,5.1,5.15,5.18,-0.07,-1.3514,0.0913,131707,675243.7,1224298553.38,736844922.38
2003-10-13,'000407,胜利股份,5.18,5.25,5.15,5.25,5.25,-0.07,-1.3333,0.1483,213800,1112331.0,1241069766.44,746938688.44
2003-10-10,'000407,胜利股份,5.25,5.26,5.13,5.13,5.08,0.17,3.3465,0.4688,676034,3511553.14,1257840979.5,757032454.5
2003-10-09,'000407,胜利股份,5.08,5.1,5.03,5.04,5.05,0.03,0.5941,0.1073,154778,785647.46,1217110890.64,732519022.64
2003-10-08,'000407,胜利股份,5.05,5.12,5.0,5.0,5.09,-0.04,-0.7859,0.084,121167,613165.41,1209923227.9,728193122.9
2003-09-30,'000407,胜利股份,5.09,5.16,4.96,5.0,4.99,0.1,2.004,0.1567,225900,1142441.0,1219506778.22,733960989.22
2003-09-29,'000407,胜利股份,4.99,5.05,4.98,5.05,5.06,-0.07,-1.3834,0.1282,184862,925963.76,1195547902.42,719541323.42
2003-09-26,'000407,胜利股份,5.06,5.12,5.05,5.11,5.11,-0.05,-0.9785,0.1942,280010,1420758.4,1212319115.48,729635089.48
2003-09-25,'000407,胜利股份,5.11,5.22,5.11,5.2,5.16,-0.05,-0.969,0.1386,199902,1035790.95,1224298553.38,736844922.38
2003-09-24,'000407,胜利股份,5.16,5.2,5.1,5.18,5.16,0.0,0.0,0.0712,102722,530288.56,1236277991.28,744054755.28
2003-09-23,'000407,胜利股份,5.16,5.17,5.1,5.1,5.11,0.05,0.9785,0.0903,130280,666914.0,1236277991.28,744054755.28
2003-09-22,'000407,胜利股份,5.11,5.16,5.09,5.16,5.12,-0.01,-0.1953,0.0807,116300,593746.0,1224298553.38,736844922.38
2003-09-19,'000407,胜利股份,5.12,5.12,5.08,5.1,5.12,0.0,0.0,0.108,155748,794275.84,1226694440.96,738286888.96
2003-09-18,'000407,胜利股份,5.12,5.14,5.08,5.11,5.12,0.0,0.0,0.1146,165215,844243.2,1226694440.96,738286888.96
2003-09-17,'000407,胜利股份,5.12,5.17,5.1,5.17,5.2,-0.08,-1.5385,0.0832,119914,613011.4,1226694440.96,738286888.96
2003-09-16,'000407,胜利股份,5.2,5.2,5.1,5.16,5.16,0.04,0.7752,0.1088,156827,805235.87,1245861541.6,749822621.6
2003-09-15,'000407,胜利股份,5.16,5.23,5.12,5.19,5.21,-0.05,-0.9597,0.0911,131399,680073.88,1236277991.28,744054755.28
2003-09-12,'000407,胜利股份,5.21,5.27,5.16,5.16,5.2,0.01,0.1923,0.1071,154490,803916.2,1248257429.18,751264588.18
2003-09-11,'000407,胜利股份,5.2,5.25,5.2,5.23,5.22,-0.02,-0.3831,0.0463,66700,347691.0,1245861541.6,749822621.6
2003-09-10,'000407,胜利股份,5.22,5.25,5.2,5.21,5.25,-0.03,-0.5714,0.0642,92600,483063.0,1250653316.76,752706554.76
2003-09-09,'000407,胜利股份,5.25,5.29,5.19,5.19,5.2,0.05,0.9615,0.116,167221,875827.3,1257840979.5,757032454.5
2003-09-08,'000407,胜利股份,5.2,5.23,5.19,5.2,5.23,-0.03,-0.5736,0.0893,128800,670493.7,1245861541.6,749822621.6
2003-09-05,'000407,胜利股份,5.23,5.3,5.22,5.27,5.32,-0.09,-1.6917,0.0891,128491,675062.84,1253049204.34,754148521.34
2003-09-04,'000407,胜利股份,5.32,5.35,5.29,5.35,5.35,-0.03,-0.5607,0.1725,248757,1323078.1,1274612192.56,767126220.56
2003-09-03,'000407,胜利股份,5.35,5.35,5.26,5.3,5.34,0.01,0.1873,0.1432,206520,1096049.81,1281799855.3,771452120.3
2003-09-02,'000407,胜利股份,5.34,5.41,5.3,5.41,5.4,-0.06,-1.1111,0.1729,249376,1329563.49,1279403967.72,770010153.72
2003-09-01,'000407,胜利股份,5.4,5.45,5.26,5.38,5.38,0.02,0.3717,0.282,406608,2173946.18,1293779293.2,778661953.2
2003-08-29,'000407,胜利股份,5.38,5.48,5.3,5.34,5.31,0.07,1.3183,0.4952,714040,3862006.36,1288987518.04,775778020.04
2003-08-28,'000407,胜利股份,5.31,5.33,5.15,5.15,5.21,0.1,1.9194,0.2326,335451,1772410.6,1272216304.98,765684253.98
2003-08-27,'000407,胜利股份,5.21,5.26,5.18,5.22,5.22,-0.01,-0.1916,0.0904,130300,680467.0,1248257429.18,751264588.18
2003-08-26,'000407,胜利股份,5.22,5.28,5.2,5.26,5.28,-0.06,-1.1364,0.1556,224442,1173612.5,1250653316.76,752706554.76
2003-08-25,'000407,胜利股份,5.28,5.34,5.28,5.3,5.34,-0.06,-1.1236,0.0929,133890,709465.2,1265028642.24,761358354.24
2003-08-22,'000407,胜利股份,5.34,5.37,5.3,5.33,5.36,-0.02,-0.3731,0.0803,115800,618050.0,1279403967.72,770010153.72
2003-08-21,'000407,胜利股份,5.36,5.38,5.31,5.37,5.37,-0.01,-0.1862,0.0515,74239,396366.33,1284195742.88,772894086.88
2003-08-20,'000407,胜利股份,5.37,5.37,5.28,5.32,5.33,0.04,0.7505,0.102,147117,782982.21,1286591630.46,774336053.46
2003-08-19,'000407,胜利股份,5.33,5.38,5.29,5.34,5.31,0.02,0.3766,0.0835,120381,642268.15,1277008080.14,768568187.14
2003-08-18,'000407,胜利股份,5.31,5.5,5.3,5.37,5.37,-0.06,-1.1173,0.1023,147502,786991.9,1272216304.98,765684253.98
2003-08-15,'000407,胜利股份,5.37,5.41,5.36,5.38,5.41,-0.04,-0.7394,0.186,268249,1445709.03,1286591630.46,774336053.46
2003-08-14,'000407,胜利股份,5.41,5.45,5.38,5.41,5.39,0.02,0.3711,0.2225,320800,1735637.25,1296175180.78,780103919.78
2003-08-13,'000407,胜利股份,5.39,5.43,5.38,5.38,5.44,-0.05,-0.9191,0.1227,176900,954264.71,1291383405.62,777219986.62
2003-08-12,'000407,胜利股份,5.44,5.48,5.37,5.4,5.44,0.0,0.0,0.1003,144670,782195.0,1303362843.52,784429819.52
2003-08-11,'000407,胜利股份,5.44,5.45,5.36,5.42,5.42,0.02,0.369,0.1174,169299,914958.62,1303362843.52,784429819.52
2003-08-08,'000407,胜利股份,5.42,5.48,5.38,5.48,5.52,-0.1,-1.8116,0.2815,405945,2201737.28,1298571068.36,781545886.36
2003-08-07,'000407,胜利股份,5.52,5.68,5.5,5.56,5.5,0.02,0.3636,0.9872,1423449,7961475.04,1322529944.16,795965552.16
2003-08-06,'000407,胜利股份,5.5,5.51,5.33,5.46,5.44,0.06,1.1029,0.2589,373343,2024068.97,1317738169.0,793081619.0
2003-08-05,'000407,胜利股份,5.44,5.45,5.38,5.44,5.45,-0.01,-0.1835,0.2121,305800,1654881.0,1303362843.52,784429819.52
2003-08-04,'000407,胜利股份,5.45,5.49,5.35,5.37,5.37,0.08,1.4898,0.2311,333298,1805546.29,1305758731.1,785871786.1
2003-08-01,'000407,胜利股份,5.37,5.37,5.27,5.35,5.35,0.02,0.3738,0.1611,232252,1236216.54,1286591630.46,774336053.46
2003-07-31,'000407,胜利股份,5.35,5.38,5.3,5.35,5.35,0.0,0.0,0.1778,256400,1372119.87,1281799855.3,771452120.3
2003-07-30,'000407,胜利股份,5.35,5.39,5.3,5.38,5.33,0.02,0.3752,0.1537,221583,1181227.78,1281799855.3,771452120.3
2003-07-29,'000407,胜利股份,5.33,5.38,5.29,5.3,5.27,0.06,1.1385,0.0777,112027,595401.81,1277008080.14,768568187.14
2003-07-28,'000407,胜利股份,5.27,5.4,5.26,5.4,5.4,-0.13,-2.4074,0.1081,155900,824914.0,1262632754.66,759916387.66
2003-07-25,'000407,胜利股份,5.4,5.45,5.37,5.4,5.42,-0.02,-0.369,0.1528,220310,1189175.34,1293779293.2,778661953.2
2003-07-24,'000407,胜利股份,5.42,5.47,5.42,5.47,5.47,-0.05,-0.9141,0.0546,78700,427367.0,1298571068.36,781545886.36
2003-07-23,'000407,胜利股份,5.47,5.5,5.39,5.46,5.45,0.02,0.367,0.1825,263188,1428858.2,1310550506.26,788755719.26
2003-07-22,'000407,胜利股份,5.45,5.57,5.39,5.57,5.46,-0.01,-0.1832,0.1905,274635,1490425.6,1305758731.1,785871786.1
2003-07-21,'000407,胜利股份,5.46,5.57,5.4,5.57,5.56,-0.1,-1.7986,0.3413,492179,2675770.44,1308154618.68,787313752.68
2003-07-18,'000407,胜利股份,5.56,5.72,5.56,5.7,5.7,-0.14,-2.4561,0.2724,392800,2206065.16,1332113494.48,801733418.48
2003-07-17,'000407,胜利股份,5.7,5.7,5.6,5.65,5.65,0.05,0.885,0.3001,432799,2450350.95,1365655920.6,821920950.6
2003-07-16,'000407,胜利股份,5.65,5.7,5.63,5.65,5.66,-0.01,-0.1767,0.1683,242744,1371325.56,1353676482.7,814711117.7
2003-07-15,'000407,胜利股份,5.66,5.7,5.63,5.69,5.65,0.01,0.177,0.122,175968,995353.67,1356072370.28,816153084.28
2003-07-14,'000407,胜利股份,5.65,5.72,5.63,5.63,5.65,0.0,0.0,0.1733,249951,1415653.64,1353676482.7,814711117.7
2003-07-11,'000407,胜利股份,5.65,5.75,5.64,5.72,5.72,-0.07,-1.2238,0.2242,323241,1836431.82,1353676482.7,814711117.7
2003-07-10,'000407,胜利股份,5.72,5.74,5.61,5.7,5.62,0.1,1.7794,0.2509,361752,2060609.7,1370447695.76,824804883.76
2003-07-09,'000407,胜利股份,5.62,5.7,5.61,5.7,5.71,-0.09,-1.5762,0.2225,320833,1810251.13,1346488819.96,810385217.96
2003-07-08,'000407,胜利股份,5.71,5.74,5.67,5.69,5.69,0.02,0.3515,0.1421,204900,1167685.42,1368051808.18,823362917.18
2003-07-07,'000407,胜利股份,5.69,5.75,5.63,5.75,5.78,-0.09,-1.5571,0.325,468704,2654546.01,1363260033.02,820478984.02
2003-07-04,'000407,胜利股份,5.78,5.82,5.63,5.75,5.7,0.08,1.4035,0.4882,703978,4024016.75,1384823021.24,833456683.24
2003-07-03,'000407,胜利股份,5.7,5.71,5.66,5.7,5.7,0.0,0.0,0.2212,319001,1815260.88,1365655920.6,821920950.6
2003-07-02,'000407,胜利股份,5.7,5.72,5.65,5.65,5.65,0.05,0.885,0.1524,219812,1249617.75,1365655920.6,821920950.6
2003-07-01,'000407,胜利股份,5.65,5.75,5.64,5.67,5.67,-0.02,-0.3527,0.1369,197400,1125934.94,1353676482.7,814711117.7
2003-06-30,'000407,胜利股份,5.67,5.76,5.66,5.76,5.82,-0.15,-2.5773,0.3266,470982,2684387.44,1358468257.86,817595050.86
2003-06-27,'000407,胜利股份,5.82,5.91,5.78,5.9,5.89,-0.07,-1.1885,0.2917,420649,2449571.32,1394406571.56,839224549.56
2003-06-26,'000407,胜利股份,5.89,6.0,5.8,6.0,5.99,-0.1,-1.6694,0.4628,667353,3917564.96,1411177784.62,849318315.62
2003-06-25,'000407,胜利股份,5.99,6.11,5.92,6.09,6.06,-0.07,-1.1551,0.4202,605870,3649537.5,1435136660.42,863737981.42
2003-06-24,'000407,胜利股份,6.06,6.1,6.0,6.08,6.09,-0.03,-0.4926,0.5605,808252,4877408.43,1451907873.48,873831747.48
2003-06-23,'000407,胜利股份,6.09,6.18,5.97,6.0,5.94,0.15,2.5253,2.0116,2900710,17660250.35,1459095536.22,878157647.22
2003-06-20,'000407,胜利股份,5.94,5.99,5.85,5.9,5.89,0.05,0.8489,0.6297,908021,5385045.25,1423157222.52,856528148.52
2003-06-19,'000407,胜利股份,5.89,5.96,5.85,5.96,5.97,-0.08,-1.34,0.2222,320377,1885147.17,1411177784.62,849318315.62
2003-06-18,'000407,胜利股份,5.97,6.0,5.89,5.95,5.96,0.01,0.1678,0.2673,385396,2286762.53,1430344885.26,860854048.26
2003-06-17,'000407,胜利股份,5.96,6.0,5.92,5.98,5.98,-0.02,-0.3344,0.244,351903,2096663.38,1427948997.68,859412081.68
2003-06-16,'000407,胜利股份,5.98,6.05,5.95,6.0,6.02,-0.04,-0.6645,0.1891,272694,1633429.16,1432740772.84,862296014.84
2003-06-13,'000407,胜利股份,6.02,6.09,5.95,6.09,5.99,0.03,0.5008,0.2734,394227,2365999.15,1442324323.16,868063881.16
2003-06-12,'000407,胜利股份,6.09,6.15,6.06,6.15,6.13,-0.04,-0.6525,0.2543,366638,2231907.66,1459095536.22,878157647.22
2003-06-11,'000407,胜利股份,6.13,6.3,6.0,6.04,5.99,0.14,2.3372,0.5845,842845,5169134.29,1468679086.54,883925513.54
2003-06-10,'000407,胜利股份,5.99,6.03,5.92,5.95,5.95,0.04,0.6723,0.1521,219283,1310614.9,1435136660.42,863737981.42
2003-06-09,'000407,胜利股份,5.95,6.09,5.92,6.01,6.05,-0.1,-1.6529,0.4036,582020,3485041.74,1425553110.1,857970115.1
2003-06-06,'000407,胜利股份,6.05,6.17,5.89,5.9,5.99,0.06,1.0017,0.7231,1042661,6347219.99,1449511985.9,872389780.9
2003-06-05,'000407,胜利股份,5.99,6.05,5.9,6.02,6.03,-0.04,-0.6633,0.2497,360020,2154340.66,1435136660.42,863737981.42
2003-06-04,'000407,胜利股份,6.03,6.05,5.9,6.0,6.0,0.03,0.5,0.3519,507413,3027031.74,1444720210.74,869505847.74
2003-06-03,'000407,胜利股份,6.0,6.09,6.0,6.08,6.08,-0.08,-1.3158,0.2201,317437,1918904.0,1437532548.0,865179948.0
2003-06-02,'000407,胜利股份,6.08,6.1,6.0,6.07,6.09,-0.01,-0.1642,0.247,356128,2155178.37,1456699648.64,876715680.64
2003-05-30,'000407,胜利股份,6.09,6.16,6.0,6.06,6.08,0.01,0.1645,0.456,657584,4003466.07,1459095536.22,878157647.22
2003-05-29,'000407,胜利股份,6.08,6.13,5.91,6.01,6.01,0.07,1.1647,0.3881,559587,3362927.9,1456699648.64,876715680.64
2003-05-28,'000407,胜利股份,6.01,6.1,6.0,6.06,6.04,-0.03,-0.4967,0.2347,338361,2046559.98,1439928435.58,866621914.58
2003-05-27,'000407,胜利股份,6.04,6.06,5.95,6.05,6.0,0.04,0.6667,0.232,334595,2010121.9,1447116098.32,870947814.32
2003-05-26,'000407,胜利股份,6.0,6.0,5.91,6.0,5.95,0.05,0.8403,0.2616,377261,2248608.29,1437532548.0,865179948.0
2003-05-23,'000407,胜利股份,5.95,6.0,5.89,5.92,5.92,0.03,0.5068,0.2797,403385,2397283.25,1425553110.1,857970115.1
2003-05-22,'000407,胜利股份,5.92,5.92,5.8,5.81,5.86,0.06,1.0239,0.1564,225478,1322995.13,1418365447.36,853644215.36
2003-05-21,'000407,胜利股份,5.86,5.95,5.8,5.88,5.88,-0.02,-0.3401,0.2206,318141,1867317.52,1403990121.88,844992415.88
2003-05-20,'000407,胜利股份,5.88,6.01,5.88,6.0,6.03,-0.15,-2.4876,0.2466,355530,2102772.5,1408781897.04,847876349.04
2003-05-19,'000407,胜利股份,6.03,6.05,5.94,6.0,5.99,0.04,0.6678,0.2527,364408,2184527.16,1444720210.74,869505847.74
2003-05-16,'000407,胜利股份,5.99,6.14,5.9,6.05,6.04,-0.05,-0.8278,0.2581,372100,2223457.48,1435136660.42,863737981.42
2003-05-15,'000407,胜利股份,6.04,6.05,5.8,5.9,5.87,0.17,2.8961,0.3712,535276,3183756.31,1447116098.32,870947814.32
2003-05-14,'000407,胜利股份,5.87,5.93,5.6,5.6,5.68,0.19,3.3451,0.3024,436079,2533120.84,1406386009.46,846434382.46
2003-05-13,'000407,胜利股份,5.68,6.0,5.68,5.93,5.96,-0.28,-4.698,0.549,791600,4567642.57,1360864145.44,819037017.44
2003-05-12,'000407,胜利股份,5.96,6.2,5.8,5.8,6.12,-0.16,-2.6144,0.3215,463600,2790315.56,1427948997.68,859412081.68
2003-04-30,'000407,胜利股份,6.12,6.25,6.07,6.09,6.09,0.03,0.4926,0.3012,434280,2656467.22,1466283198.96,882483546.96
2003-04-29,'000407,胜利股份,6.09,6.26,6.08,6.21,6.07,0.02,0.3295,0.388,559434,3440267.71,1459095536.22,878157647.22
2003-04-28,'000407,胜利股份,0.0,0.0,0.0,0.0,6.07,None,None,0.0,0,0.0,1454303761.06,875273714.06
2003-04-25,'000407,胜利股份,6.07,6.2,6.06,6.16,6.17,-0.1,-1.6207,0.2707,390300,2388086.05,1454303761.06,875273714.06
2003-04-24,'000407,胜利股份,6.17,6.3,6.13,6.26,6.26,-0.09,-1.4377,0.3209,462719,2877276.56,1478262636.86,889693379.86
2003-04-23,'000407,胜利股份,6.26,6.42,6.25,6.4,6.39,-0.13,-2.0344,0.4158,599537,3772233.34,1499825625.08,902671079.08
2003-04-22,'000407,胜利股份,6.39,6.5,6.36,6.4,6.42,-0.03,-0.4673,0.1911,275505,1769712.6,1530972163.62,921416644.62
2003-04-21,'000407,胜利股份,6.42,6.6,6.34,6.6,6.63,-0.21,-3.1674,0.3835,553024,3537871.28,1538159826.36,925742544.36
2003-04-18,'000407,胜利股份,6.63,6.72,6.5,6.6,6.55,0.08,1.2214,0.5462,787661,5215105.08,1588473465.54,956023842.54
2003-04-17,'000407,胜利股份,6.55,6.74,6.5,6.58,6.62,-0.07,-1.0574,0.5885,848560,5570568.18,1569306364.9,944488109.9
2003-04-16,'000407,胜利股份,6.62,6.89,6.6,6.89,6.95,-0.33,-4.7482,1.5354,2213962,14824250.91,1586077577.96,954581875.96
2003-04-15,'000407,胜利股份,6.95,7.08,6.65,6.65,6.45,0.5,7.7519,4.5187,6515812,44979928.12,1665141868.1,1002166773.1
2003-04-14,'000407,胜利股份,6.45,6.46,6.2,6.23,6.22,0.23,3.6977,0.8595,1239391,7871875.37,1545347489.1,930068444.1
2003-04-11,'000407,胜利股份,6.22,6.24,6.1,6.18,6.2,0.02,0.3226,0.6367,918119,5660224.05,1490242074.76,896903212.76
2003-04-10,'000407,胜利股份,6.2,6.2,6.03,6.08,6.08,0.12,1.9737,0.5625,811046,4932484.35,1485450299.6,894019279.6
2003-04-09,'000407,胜利股份,6.08,6.12,5.98,6.07,6.08,0.0,0.0,0.3307,476852,2879389.21,1456699648.64,876715680.64
2003-04-08,'000407,胜利股份,6.08,6.14,6.03,6.05,6.11,-0.03,-0.491,0.2126,306498,1863719.53,1456699648.64,876715680.64
2003-04-07,'000407,胜利股份,6.11,6.2,6.11,6.2,6.19,-0.08,-1.2924,0.1683,242661,1494768.01,1463887311.38,881041580.38
2003-04-04,'000407,胜利股份,6.19,6.23,6.15,6.21,6.21,-0.02,-0.3221,0.2146,309442,1912027.32,1483054412.02,892577313.02
2003-04-03,'000407,胜利股份,6.21,6.35,6.18,6.35,6.31,-0.1,-1.5848,0.1605,231476,1448682.39,1487846187.18,895461246.18
2003-04-02,'000407,胜利股份,6.31,6.35,6.25,6.27,6.31,0.0,0.0,0.1695,244419,1539267.09,1511805062.98,909880911.98
2003-04-01,'000407,胜利股份,6.31,6.32,6.19,6.21,6.21,0.1,1.6103,0.2984,430244,2686854.23,1511805062.98,909880911.98
2003-03-31,'000407,胜利股份,6.21,6.26,6.18,6.25,6.18,0.03,0.4854,0.2031,292822,1822545.1,1487846187.18,895461246.18
2003-03-28,'000407,胜利股份,6.18,6.25,6.13,6.24,6.24,-0.06,-0.9615,0.1753,252800,1569370.71,1480658524.44,891135346.44
2003-03-27,'000407,胜利股份,6.24,6.27,5.98,6.1,6.12,0.12,1.9608,0.3298,475569,2913967.95,1495033849.92,899787145.92
2003-03-26,'000407,胜利股份,6.12,6.2,6.11,6.2,6.2,-0.08,-1.2903,0.1349,194538,1195842.08,1466283198.96,882483546.96
2003-03-25,'000407,胜利股份,6.2,6.25,6.19,6.22,6.22,-0.02,-0.3215,0.0732,105598,655951.62,1485450299.6,894019279.6
2003-03-24,'000407,胜利股份,6.22,6.26,6.14,6.23,6.31,-0.09,-1.4263,0.1339,193080,1200762.0,1490242074.76,896903212.76
2003-03-21,'000407,胜利股份,6.31,6.32,6.23,6.25,6.3,0.01,0.1587,0.15,216280,1361452.2,1511805062.98,909880911.98
2003-03-20,'000407,胜利股份,6.3,6.48,6.26,6.38,6.36,-0.06,-0.9434,0.2947,424993,2700337.1,1509409175.4,908438945.4
2003-03-19,'000407,胜利股份,6.36,6.39,6.22,6.22,6.26,0.1,1.5974,0.212,305711,1927906.8,1523784500.88,917090744.88
2003-03-18,'000407,胜利股份,6.26,6.48,6.2,6.47,6.47,-0.21,-3.2457,0.4689,676172,4308226.31,1499825625.08,902671079.08
2003-03-17,'000407,胜利股份,6.47,6.5,6.11,6.15,6.15,0.32,5.2033,0.692,997796,6324281.26,1550139264.26,932952377.26
2003-03-14,'000407,胜利股份,6.15,6.18,6.11,6.12,6.14,0.01,0.1629,0.0969,139671,857203.62,1473470861.7,886809446.7
2003-03-13,'000407,胜利股份,6.14,6.2,6.13,6.15,6.19,-0.05,-0.8078,0.1137,163950,1009087.6,1471074974.12,885367480.12
2003-03-12,'000407,胜利股份,6.19,6.24,6.08,6.23,6.23,-0.04,-0.6421,0.126,181622,1120564.01,1483054412.02,892577313.02
2003-03-11,'000407,胜利股份,6.23,6.26,6.2,6.23,6.22,0.01,0.1608,0.172,248033,1542470.01,1492637962.34,898345179.34
2003-03-10,'000407,胜利股份,6.22,6.45,6.2,6.41,6.41,-0.19,-2.9641,0.2492,359316,2261656.36,1490242074.76,896903212.76
2003-03-07,'000407,胜利股份,6.41,6.47,6.4,6.4,6.46,-0.05,-0.774,0.1143,164825,1060172.9,1535763938.78,924300577.78
2003-03-06,'000407,胜利股份,6.46,6.56,6.4,6.56,6.59,-0.13,-1.9727,0.2377,342790,2215716.2,1547743376.68,931510410.68
2003-03-05,'000407,胜利股份,6.59,6.67,6.55,6.67,6.66,-0.07,-1.0511,0.0917,132200,869928.0,1578889915.22,950255976.22
2003-03-04,'000407,胜利股份,6.66,6.68,6.6,6.65,6.61,0.05,0.7564,0.184,265251,1761646.8,1595661128.28,960349742.28
2003-03-03,'000407,胜利股份,6.61,6.62,6.56,6.6,6.6,0.01,0.1515,0.1435,206897,1363770.09,1583681690.38,953139909.38
2003-02-28,'000407,胜利股份,6.6,6.63,6.53,6.6,6.64,-0.04,-0.6024,0.1691,243782,1601443.5,1581285802.8,951697942.8
2003-02-27,'000407,胜利股份,6.64,6.68,6.61,6.65,6.61,0.03,0.4539,0.1918,276637,1839150.8,1590869353.12,957465809.12
2003-02-26,'000407,胜利股份,6.61,6.63,6.56,6.62,6.62,-0.01,-0.1511,0.1504,216923,1430268.08,1583681690.38,953139909.38
2003-02-25,'000407,胜利股份,6.62,6.63,6.5,6.52,6.5,0.12,1.8462,0.2303,332121,2188430.32,1586077577.96,954581875.96
2003-02-24,'000407,胜利股份,6.5,6.56,6.49,6.5,6.51,-0.01,-0.1536,0.1526,220043,1434872.36,1557326927.0,937278277.0
2003-02-21,'000407,胜利股份,6.51,6.67,6.5,6.6,6.68,-0.17,-2.5449,0.3585,516888,3408455.0,1559722814.58,938720243.58
2003-02-20,'000407,胜利股份,6.68,6.72,6.62,6.66,6.65,0.03,0.4511,0.2813,405560,2711435.76,1600452903.44,963233675.44
2003-02-19,'000407,胜利股份,6.65,6.65,6.55,6.65,6.6,0.05,0.7576,0.2148,309708,2046792.32,1593265240.7,958907775.7
2003-02-18,'000407,胜利股份,6.6,6.64,6.55,6.6,6.62,-0.02,-0.3021,0.3415,492429,3242573.97,1581285802.8,951697942.8
2003-02-17,'000407,胜利股份,6.62,6.83,6.6,6.78,6.78,-0.16,-2.3599,0.4758,686120,4575003.2,1586077577.96,954581875.96
2003-02-14,'000407,胜利股份,6.78,6.82,6.72,6.77,6.77,0.01,0.1477,0.2806,404664,2736181.73,1624411779.24,977653341.24
2003-02-13,'000407,胜利股份,6.77,6.86,6.71,6.86,6.83,-0.06,-0.8785,0.7635,1100989,7456327.33,1622015891.66,976211374.66
2003-02-12,'000407,胜利股份,6.83,6.92,6.75,6.83,6.83,0.0,0.0,0.5751,829317,5680025.23,1636391217.14,984863174.14
2003-02-11,'000407,胜利股份,6.83,6.83,6.7,6.75,6.79,0.04,0.5891,0.4194,604725,4093619.86,1636391217.14,984863174.14
2003-02-10,'000407,胜利股份,6.79,6.9,6.66,6.68,6.62,0.17,2.568,1.7438,2514475,17109590.12,1626807666.82,979095307.82
2003-01-29,'000407,胜利股份,6.62,6.68,6.51,6.51,6.53,0.09,1.3783,0.4895,705848,4660108.39,1586077577.96,954581875.96
2003-01-28,'000407,胜利股份,6.53,6.58,6.41,6.57,6.56,-0.03,-0.4573,0.1922,277161,1806734.18,1564514589.74,941604176.74
2003-01-27,'000407,胜利股份,6.56,6.59,6.46,6.48,6.46,0.1,1.548,0.4226,609343,3995984.63,1571702252.48,945930076.48
2003-01-24,'000407,胜利股份,6.46,6.56,6.32,6.32,6.38,0.08,1.2539,0.2842,409850,2640655.0,1547743376.68,931510410.68
2003-01-23,'000407,胜利股份,6.38,6.5,6.35,6.48,6.48,-0.1,-1.5432,0.2511,362011,2325215.29,1528576276.04,919974678.04
2003-01-22,'000407,胜利股份,6.48,6.8,6.31,6.31,6.39,0.09,1.4085,0.7527,1085327,7116537.9,1552535151.84,934394343.84
2003-01-21,'000407,胜利股份,6.39,6.59,6.38,6.59,6.55,-0.16,-2.4427,0.2612,376630,2430139.53,1530972163.62,921416644.62
2003-01-20,'000407,胜利股份,6.55,6.55,6.31,6.43,6.43,0.12,1.8663,0.2748,396276,2547468.58,1569306364.9,944488109.9
2003-01-17,'000407,胜利股份,6.43,6.68,6.43,6.55,6.51,-0.08,-1.2289,0.4329,624240,4082786.48,1540555713.94,927184510.94
2003-01-16,'000407,胜利股份,6.51,6.53,6.4,6.46,6.45,0.06,0.9302,0.5002,721265,4671875.78,1559722814.58,938720243.58
2003-01-15,'000407,胜利股份,6.45,6.64,6.42,6.64,6.58,-0.13,-1.9757,0.7695,1109560,7207033.0,1545347489.1,930068444.1
2003-01-14,'000407,胜利股份,6.58,6.63,6.3,6.38,6.3,0.28,4.4444,1.3554,1954410,12660328.71,1576494027.64,948814009.64
2003-01-13,'000407,胜利股份,6.3,6.33,6.23,6.25,6.23,0.07,1.1236,0.658,948882,5962394.5,1509409175.4,908438945.4
2003-01-10,'000407,胜利股份,6.23,6.27,6.08,6.18,6.12,0.11,1.7974,1.0487,1512156,9356278.89,1492637962.34,898345179.34
2003-01-09,'000407,胜利股份,6.12,6.13,5.99,6.04,6.04,0.08,1.3245,0.3221,464440,2818109.1,1466283198.96,882483546.96
2003-01-08,'000407,胜利股份,6.04,6.05,5.85,5.85,5.87,0.17,2.8961,0.1984,286074,1703509.69,1447116098.32,870947814.32
2003-01-07,'000407,胜利股份,5.87,5.99,5.86,5.92,5.92,-0.05,-0.8446,0.0612,88318,523975.96,1406386009.46,846434382.46
2003-01-06,'000407,胜利股份,5.92,5.92,5.82,5.88,5.81,0.11,1.8933,0.0792,114160,671380.82,1418365447.36,853644215.36
2003-01-03,'000407,胜利股份,5.81,5.88,5.78,5.82,5.8,0.01,0.1724,0.0911,131361,764636.7,1392010683.98,837782582.98
2003-01-02,'000407,胜利股份,5.8,6.08,5.8,5.95,6.04,-0.24,-3.9735,0.093,134058,790962.4,1389614796.4,836340616.4
2002-12-31,'000407,胜利股份,6.04,6.14,5.96,6.03,6.09,-0.05,-0.821,0.1269,182998,1103112.51,1447116098.32,870947814.32
2002-12-30,'000407,胜利股份,6.09,6.16,6.02,6.16,6.16,-0.07,-1.1364,0.2276,328196,1993035.04,1459095536.22,878157647.22
2002-12-27,'000407,胜利股份,6.16,6.16,6.0,6.0,6.03,0.13,2.1559,0.2307,332690,2028550.54,1475866749.28,888251413.28
2002-12-26,'000407,胜利股份,6.03,6.26,6.01,6.24,6.29,-0.26,-4.1335,0.262,377855,2305688.32,1444720210.74,869505847.74
2002-12-25,'000407,胜利股份,6.29,6.44,6.28,6.35,6.33,-0.04,-0.6319,0.1766,254602,1623960.45,1507013287.82,906996978.82
2002-12-24,'000407,胜利股份,6.33,6.37,6.27,6.34,6.36,-0.03,-0.4717,0.143,206243,1305054.29,1516596838.14,912764845.14
2002-12-23,'000407,胜利股份,6.36,6.42,6.31,6.38,6.38,-0.02,-0.3135,0.211,304296,1937569.73,1523784500.88,917090744.88
2002-12-20,'000407,胜利股份,6.38,6.44,6.27,6.44,6.35,0.03,0.4724,0.1262,181928,1154615.88,1528576276.04,919974678.04
2002-12-19,'000407,胜利股份,6.35,6.35,6.23,6.31,6.35,0.0,0.0,0.1203,173497,1091577.12,1521388613.3,915648778.3
2002-12-18,'000407,胜利股份,6.35,6.68,6.3,6.37,6.33,0.02,0.316,0.4545,655313,4236438.42,1521388613.3,915648778.3
2002-12-17,'000407,胜利股份,6.33,6.33,6.2,6.29,6.25,0.08,1.28,0.1912,275756,1731199.17,1516596838.14,912764845.14
2002-12-16,'000407,胜利股份,6.25,6.25,6.16,6.19,6.19,0.06,0.9693,0.2219,320017,1987211.2,1497429737.5,901229112.5
2002-12-13,'000407,胜利股份,6.19,6.27,6.05,6.1,6.16,0.03,0.487,0.1463,210908,1297892.08,1483054412.02,892577313.02
2002-12-12,'000407,胜利股份,6.16,6.2,6.09,6.1,6.14,0.02,0.3257,0.1375,198285,1220438.35,1475866749.28,888251413.28
2002-12-11,'000407,胜利股份,6.14,6.2,6.0,6.2,6.15,-0.01,-0.1626,0.0909,131100,798482.0,1471074974.12,885367480.12
2002-12-10,'000407,胜利股份,6.15,6.29,6.15,6.27,6.29,-0.14,-2.2258,0.0786,113300,705301.0,1473470861.7,886809446.7
2002-12-09,'000407,胜利股份,6.29,6.32,6.2,6.2,6.3,-0.01,-0.1587,0.0758,109357,685766.97,1507013287.82,906996978.82
2002-12-06,'000407,胜利股份,6.3,6.32,6.15,6.2,6.19,0.11,1.7771,0.1203,173420,1083882.15,1509409175.4,908438945.4
2002-12-05,'000407,胜利股份,6.19,6.26,6.16,6.26,6.26,-0.07,-1.1182,0.0969,139785,865393.45,1483054412.02,892577313.02
2002-12-04,'000407,胜利股份,6.26,6.31,6.15,6.25,6.19,0.07,1.1309,0.187,269652,1684211.17,1499825625.08,902671079.08
2002-12-03,'000407,胜利股份,6.19,6.28,6.1,6.1,6.16,0.03,0.487,0.0822,118540,732323.64,1483054412.02,892577313.02
2002-12-02,'000407,胜利股份,6.16,6.25,6.1,6.22,6.33,-0.17,-2.6856,0.1275,183856,1137109.32,1475866749.28,888251413.28
2002-11-29,'000407,胜利股份,6.33,6.38,6.19,6.25,6.25,0.08,1.28,0.3164,456214,2877719.4,1516596838.14,912764845.14
2002-11-28,'000407,胜利股份,6.25,6.28,6.01,6.09,6.09,0.16,2.6273,0.1566,225808,1390799.57,1497429737.5,901229112.5
2002-11-27,'000407,胜利股份,6.09,6.13,5.94,5.94,6.05,0.04,0.6612,0.1688,243428,1466892.27,1459095536.22,878157647.22
2002-11-26,'000407,胜利股份,6.05,6.18,6.02,6.15,6.11,-0.06,-0.982,0.1736,250300,1520959.0,1449511985.9,872389780.9
2002-11-25,'000407,胜利股份,6.11,6.16,6.0,6.05,6.08,0.03,0.4934,0.1051,151556,922074.48,1463887311.38,881041580.38
2002-11-22,'000407,胜利股份,6.08,6.25,5.92,6.13,6.05,0.03,0.4959,0.2182,314586,1909004.0,1456699648.64,876715680.64
2002-11-21,'000407,胜利股份,6.05,6.33,6.05,6.27,6.33,-0.28,-4.4234,0.2014,290397,1792977.45,1449511985.9,872389780.9
2002-11-20,'000407,胜利股份,6.33,6.51,6.31,6.5,6.62,-0.29,-4.3807,0.1418,204400,1308517.4,1516596838.14,912764845.14
2002-11-19,'000407,胜利股份,6.62,6.66,6.51,6.55,6.56,0.06,0.9146,0.1153,166239,1090307.89,1586077577.96,954581875.96
2002-11-18,'000407,胜利股份,6.56,6.85,6.51,6.8,6.81,-0.25,-3.6711,0.1209,174400,1149114.5,1571702252.48,945930076.48
2002-11-15,'000407,胜利股份,6.81,6.92,6.76,6.76,6.76,0.05,0.7396,0.1189,171465,1173469.7,1631599441.98,981979240.98
2002-11-14,'000407,胜利股份,6.76,6.95,6.7,6.95,6.87,-0.11,-1.6012,0.1298,187100,1273355.0,1619620004.08,974769408.08
2002-11-13,'000407,胜利股份,6.87,6.97,6.71,6.87,6.86,0.01,0.1458,0.1253,180710,1225766.48,1645974767.46,990631040.46
2002-11-12,'000407,胜利股份,6.86,7.12,6.8,7.0,6.99,-0.13,-1.8598,0.1963,283000,1959993.71,1643578879.88,989189073.88
2002-11-11,'000407,胜利股份,6.99,7.15,6.98,7.01,7.01,-0.02,-0.2853,0.0705,101700,713545.0,1674725418.42,1007934639.42
2002-11-08,'000407,胜利股份,7.01,7.3,7.0,7.3,7.18,-0.17,-2.3677,0.2035,293422,2076743.6,1679517193.58,1010818572.58
2002-11-07,'000407,胜利股份,7.18,7.32,7.18,7.26,7.2,-0.02,-0.2778,0.1055,152110,1098493.8,1720247282.44,1035332004.44
2002-11-06,'000407,胜利股份,7.2,7.27,7.18,7.22,7.27,-0.07,-0.9629,0.1005,144930,1044875.1,1725039057.6,1038215937.6
2002-11-05,'000407,胜利股份,7.27,7.3,7.16,7.2,7.2,0.07,0.9722,0.2383,343682,2492757.02,1741810270.66,1048309703.66
2002-11-04,'000407,胜利股份,7.2,7.25,7.06,7.06,7.06,0.14,1.983,0.1153,166244,1186176.64,1725039057.6,1038215937.6
2002-11-01,'000407,胜利股份,7.06,7.18,7.04,7.18,7.1,-0.04,-0.5634,0.173,249476,1768937.81,1691496631.48,1018028405.48
2002-10-31,'000407,胜利股份,7.1,7.14,7.0,7.01,7.05,0.05,0.7092,0.1358,195888,1391891.4,1701080181.8,1023796271.8
2002-10-30,'000407,胜利股份,7.05,7.09,6.95,7.06,7.05,0.0,0.0,0.0825,118905,835685.9,1689100743.9,1016586438.9
2002-10-29,'000407,胜利股份,7.05,7.08,6.84,7.0,7.0,0.05,0.7143,0.0778,112255,779014.44,1689100743.9,1016586438.9
2002-10-28,'000407,胜利股份,7.0,7.08,6.93,7.08,7.08,-0.08,-1.1299,0.1497,215900,1509437.81,1677121306.0,1009376606.0
2002-10-25,'000407,胜利股份,7.08,7.18,7.07,7.18,7.17,-0.09,-1.2552,0.0527,76000,541398.0,1696288406.64,1020912338.64
2002-10-24,'000407,胜利股份,7.17,7.26,7.15,7.17,7.2,-0.03,-0.4167,0.0524,75620,544208.54,1717851394.86,1033890037.86
2002-10-23,'000407,胜利股份,7.2,7.24,7.13,7.21,7.21,-0.01,-0.1387,0.0716,103256,741763.58,1725039057.6,1038215937.6
2002-10-22,'000407,胜利股份,7.21,7.45,7.02,7.1,7.08,0.13,1.8362,0.1223,176318,1270880.74,1727434945.18,1039657904.18
2002-10-21,'000407,胜利股份,7.08,7.09,7.0,7.0,7.06,0.02,0.2833,0.0608,87653,616049.56,1696288406.64,1020912338.64
2002-10-18,'000407,胜利股份,7.06,7.15,7.0,7.07,7.1,-0.04,-0.5634,0.2107,303782,2140121.01,1691496631.48,1018028405.48
2002-10-17,'000407,胜利股份,7.1,7.2,7.08,7.19,7.2,-0.1,-1.3889,0.0863,124392,884410.11,1701080181.8,1023796271.8
2002-10-16,'000407,胜利股份,7.2,7.3,7.15,7.18,7.16,0.04,0.5587,0.1211,174552,1256881.44,1725039057.6,1038215937.6
2002-10-15,'000407,胜利股份,7.16,7.19,7.12,7.16,7.17,-0.01,-0.1395,0.053,76368,546869.8,1715455507.28,1032448071.28
2002-10-14,'000407,胜利股份,7.17,7.2,7.07,7.16,7.16,0.01,0.1397,0.117,168696,1200102.81,1717851394.86,1033890037.86
2002-10-11,'000407,胜利股份,7.16,7.24,7.15,7.19,7.16,0.0,0.0,0.0941,135722,975542.78,1715455507.28,1032448071.28
2002-10-10,'000407,胜利股份,7.16,7.26,7.13,7.21,7.21,-0.05,-0.6935,0.124,178749,1281771.02,1715455507.28,1032448071.28
2002-10-09,'000407,胜利股份,7.21,7.45,7.18,7.35,7.39,-0.18,-2.4357,0.1328,191450,1382715.74,1727434945.18,1039657904.18
2002-10-08,'000407,胜利股份,7.39,7.46,7.35,7.46,7.41,-0.02,-0.2699,0.1427,205820,1522600.0,1770560921.62,1065613302.62
2002-09-27,'000407,胜利股份,7.41,7.5,7.37,7.42,7.42,-0.01,-0.1348,0.0762,109878,814537.6,1775352696.78,1068497235.78
2002-09-26,'000407,胜利股份,7.42,7.59,7.41,7.54,7.53,-0.11,-1.4608,0.1682,242500,1812778.43,1777748584.36,1069939202.36
2002-09-25,'000407,胜利股份,7.53,7.55,7.35,7.4,7.41,0.12,1.6194,0.1685,243028,1806814.54,1804103347.74,1085800834.74
2002-09-24,'000407,胜利股份,7.41,7.49,7.4,7.49,7.49,-0.08,-1.0681,0.0868,125107,929639.21,1775352696.78,1068497235.78
2002-09-23,'000407,胜利股份,7.49,7.5,7.38,7.38,7.47,0.02,0.2677,0.0643,92743,691120.73,1794519797.42,1080032968.42
2002-09-20,'000407,胜利股份,7.47,7.55,7.45,7.54,7.59,-0.12,-1.581,0.0904,130300,977073.38,1789728022.26,1077149035.26
2002-09-19,'000407,胜利股份,7.59,7.63,7.43,7.5,7.47,0.12,1.6064,0.2951,425510,3197910.3,1818478673.22,1094452634.22
2002-09-18,'000407,胜利股份,7.47,7.5,7.36,7.42,7.42,0.05,0.6739,0.1075,155080,1156018.4,1789728022.26,1077149035.26
2002-09-17,'000407,胜利股份,7.42,7.5,7.29,7.4,7.43,-0.01,-0.1346,0.0937,135110,993063.4,1777748584.36,1069939202.36
2002-09-16,'000407,胜利股份,7.43,7.52,7.35,7.5,7.55,-0.12,-1.5894,0.1688,243460,1805964.3,1780144471.94,1071381168.94
2002-09-13,'000407,胜利股份,7.55,7.65,7.53,7.65,7.58,-0.03,-0.3958,0.1141,164549,1241791.97,1808895122.9,1088684767.9
2002-09-12,'000407,胜利股份,7.58,7.64,7.5,7.55,7.55,0.03,0.3974,0.0852,122859,929577.45,1816082785.64,1093010667.64
2002-09-11,'000407,胜利股份,7.55,7.7,7.45,7.7,7.68,-0.13,-1.6927,0.2124,306304,2307700.15,1808895122.9,1088684767.9
2002-09-10,'000407,胜利股份,7.68,7.75,7.65,7.68,7.65,0.03,0.3922,0.1654,238500,1840169.0,1840041661.44,1107430333.44
2002-09-09,'000407,胜利股份,7.65,7.81,7.62,7.71,7.71,-0.06,-0.7782,0.1651,238030,1826197.2,1832853998.7,1103104433.7
2002-09-06,'000407,胜利股份,7.71,7.85,7.7,7.85,7.81,-0.1,-1.2804,0.2463,355174,2749947.8,1847229324.18,1111756233.18
2002-09-05,'000407,胜利股份,7.81,7.99,7.8,7.92,7.9,-0.09,-1.1392,0.3523,508000,4015758.04,1871188199.98,1126175898.98
2002-09-04,'000407,胜利股份,7.9,7.96,7.8,7.84,7.85,0.05,0.6369,0.2029,292642,2309070.28,1892751188.2,1139153598.2
2002-09-03,'000407,胜利股份,7.85,7.89,7.82,7.82,7.81,0.04,0.5122,0.0667,96208,755474.64,1880771750.3,1131943765.3
2002-09-02,'000407,胜利股份,7.81,7.84,7.78,7.81,7.81,0.0,0.0,0.0974,140393,1095725.9,1871188199.98,1126175898.98
2002-08-30,'000407,胜利股份,7.81,7.86,7.8,7.83,7.86,-0.05,-0.6361,0.1453,209457,1639332.6,1871188199.98,1126175898.98
2002-08-29,'000407,胜利股份,7.86,7.96,7.82,7.95,7.94,-0.08,-1.0076,0.1684,242800,1913479.6,1883167637.88,1133385731.88
2002-08-28,'000407,胜利股份,7.94,7.99,7.87,7.88,7.92,0.02,0.2525,0.146,210510,1672447.2,1902334738.52,1144921464.52
2002-08-27,'000407,胜利股份,7.92,7.92,7.84,7.85,7.85,0.07,0.8917,0.2169,312781,2465866.71,1897542963.36,1142037531.36
2002-08-26,'000407,胜利股份,7.85,7.92,7.83,7.92,7.92,-0.07,-0.8838,0.1688,243360,1912305.53,1880771750.3,1131943765.3
2002-08-23,'000407,胜利股份,7.92,8.05,7.91,8.04,8.03,-0.11,-1.3699,0.1624,234118,1861158.4,1897542963.36,1142037531.36
2002-08-22,'000407,胜利股份,8.03,8.09,7.9,8.04,8.04,-0.01,-0.1244,0.4543,655106,5247426.25,1923897726.74,1157899163.74
2002-08-21,'000407,胜利股份,8.04,8.11,8.0,8.05,8.05,-0.01,-0.1242,0.4437,639774,5155002.24,1926293614.32,1159341130.32
2002-08-20,'000407,胜利股份,8.05,8.05,7.89,7.94,7.93,0.12,1.5132,0.4228,609594,4871630.7,1928689501.9,1160783096.9
2002-08-19,'000407,胜利股份,7.93,8.03,7.9,8.0,7.99,-0.06,-0.7509,0.2466,355584,2831996.46,1899938850.94,1143479497.94
2002-08-16,'000407,胜利股份,7.99,8.06,7.79,7.8,7.82,0.17,2.1739,0.7307,1053625,8386518.05,1914314176.42,1152131297.42
2002-08-15,'000407,胜利股份,7.82,7.87,7.8,7.87,7.87,-0.05,-0.6353,0.1258,181399,1420590.2,1873584087.56,1127617865.56
2002-08-14,'000407,胜利股份,7.87,7.9,7.75,7.75,7.74,0.13,1.6796,0.2308,332789,2608273.44,1885563525.46,1134827698.46
2002-08-13,'000407,胜利股份,7.74,7.79,7.67,7.68,7.69,0.05,0.6502,0.1093,157620,1220551.4,1854416986.92,1116082132.92
2002-08-12,'000407,胜利股份,7.69,7.73,7.66,7.66,7.76,-0.07,-0.9021,0.1285,185315,1424926.05,1842437549.02,1108872300.02
2002-08-09,'000407,胜利股份,7.76,7.89,7.66,7.75,7.72,0.04,0.5181,0.1456,209880,1623655.68,1859208762.08,1118966066.08
2002-08-08,'000407,胜利股份,7.72,7.86,7.7,7.82,7.82,-0.1,-1.2788,0.1001,144300,1121459.0,1849625211.76,1113198199.76
2002-08-07,'000407,胜利股份,7.82,7.92,7.81,7.9,7.9,-0.08,-1.0127,0.1105,159354,1250423.28,1873584087.56,1127617865.56
2002-08-06,'000407,胜利股份,7.9,7.92,7.79,7.86,7.86,0.04,0.5089,0.2896,417620,3290115.02,1892751188.2,1139153598.2
2002-08-05,'000407,胜利股份,7.86,7.95,7.65,7.65,7.67,0.19,2.4772,0.4603,663728,5211621.7,1883167637.88,1133385731.88
2002-08-02,'000407,胜利股份,7.67,7.68,7.6,7.63,7.63,0.04,0.5242,0.0768,110709,846934.8,1837645773.86,1105988366.86
2002-08-01,'000407,胜利股份,7.63,7.65,7.55,7.6,7.62,0.01,0.1312,0.1189,171406,1302961.56,1828062223.54,1100220500.54
2002-07-31,'000407,胜利股份,7.62,7.78,7.6,7.75,7.74,-0.12,-1.5504,0.1017,146592,1126788.04,1825666335.96,1098778533.96
2002-07-30,'000407,胜利股份,7.74,7.77,7.69,7.69,7.69,0.05,0.6502,0.1316,189700,1464235.5,1854416986.92,1116082132.92
2002-07-29,'000407,胜利股份,7.69,7.69,7.58,7.61,7.64,0.05,0.6545,0.1245,179554,1370046.96,1842437549.02,1108872300.02
2002-07-26,'000407,胜利股份,7.64,7.73,7.63,7.67,7.66,-0.02,-0.2611,0.0961,138603,1063795.89,1830458111.12,1101662467.12
2002-07-25,'000407,胜利股份,7.66,7.8,7.66,7.8,7.75,-0.09,-1.1613,0.1358,195829,1506058.43,1835249886.28,1104546400.28
2002-07-24,'000407,胜利股份,7.75,7.8,7.7,7.73,7.72,0.03,0.3886,0.0948,136631,1055674.61,1856812874.5,1117524099.5
2002-07-23,'000407,胜利股份,7.72,7.79,7.69,7.73,7.76,-0.04,-0.5155,0.1253,180700,1397772.0,1849625211.76,1113198199.76
2002-07-22,'000407,胜利股份,7.76,7.88,7.73,7.88,7.9,-0.14,-1.7722,0.1432,206500,1606474.6,1859208762.08,1118966066.08
2002-07-19,'000407,胜利股份,7.9,7.93,7.8,7.93,7.89,0.01,0.1267,0.1257,181266,1428354.06,1892751188.2,1139153598.2
2002-07-18,'000407,胜利股份,7.89,7.95,7.79,7.87,7.87,0.02,0.2541,0.1444,208171,1643754.11,1890355300.62,1137711631.62
2002-07-17,'000407,胜利股份,7.87,7.9,7.72,7.78,7.77,0.1,1.287,0.1399,201791,1566513.88,1885563525.46,1134827698.46
2002-07-16,'000407,胜利股份,7.77,7.85,7.75,7.84,7.74,0.03,0.3876,0.1155,166500,1297480.0,1861604649.66,1120408032.66
2002-07-15,'000407,胜利股份,7.74,7.8,7.7,7.8,7.82,-0.08,-1.023,0.179,258158,1996119.73,1854416986.92,1116082132.92
2002-07-12,'000407,胜利股份,7.82,7.89,7.78,7.88,7.85,-0.03,-0.3822,0.1887,272139,2132549.38,1873584087.56,1127617865.56
2002-07-11,'000407,胜利股份,7.85,7.94,7.8,7.83,7.85,0.0,0.0,0.2626,378620,2976036.71,1880771750.3,1131943765.3
2002-07-10,'000407,胜利股份,7.85,8.04,7.85,8.03,8.04,-0.19,-2.3632,0.4074,587500,4650445.77,1880771750.3,1131943765.3
2002-07-09,'000407,胜利股份,8.04,8.15,8.02,8.12,8.1,-0.06,-0.7407,0.261,376375,3032894.35,1926293614.32,1159341130.32
2002-07-08,'000407,胜利股份,8.1,8.12,8.02,8.1,8.0,0.1,1.25,0.2757,397595,3214961.09,1940668939.8,1167992929.8
2002-07-05,'000407,胜利股份,8.0,8.02,7.92,8.01,8.01,-0.01,-0.1248,0.1782,256939,2049929.7,1916710064.0,1153573264.0
2002-07-04,'000407,胜利股份,8.01,8.17,8.0,8.17,8.18,-0.17,-2.0782,0.2993,431600,3480836.28,1919105951.58,1155015230.58
2002-07-03,'000407,胜利股份,8.18,8.19,8.02,8.1,8.1,0.08,0.9877,0.3486,502699,4063276.89,1959836040.44,1179528662.44
2002-07-02,'000407,胜利股份,8.1,8.1,7.96,8.0,8.05,0.05,0.6211,0.4223,609013,4877887.22,1940668939.8,1167992929.8
2002-07-01,'000407,胜利股份,8.05,8.23,8.03,8.15,8.1,-0.05,-0.6173,0.3701,533616,4336673.74,1928689501.9,1160783096.9
2002-06-28,'000407,胜利股份,8.1,8.3,8.0,8.1,8.16,-0.06,-0.7353,0.7602,1096135,8904685.26,1940668939.8,1167992929.8
2002-06-27,'000407,胜利股份,8.16,8.24,8.06,8.17,8.17,-0.01,-0.1224,0.595,857967,6978614.62,1955044265.28,1176644729.28
2002-06-26,'000407,胜利股份,8.17,8.2,7.91,8.04,8.07,0.1,1.2392,1.0545,1520616,12283346.87,1957440152.86,1178086695.86
2002-06-25,'000407,胜利股份,8.07,8.55,8.05,8.3,8.26,-0.19,-2.3002,2.1096,3041920,25116700.34,1933481277.06,1163667030.06
2002-06-24,'000407,胜利股份,8.26,8.26,7.83,8.26,7.51,0.75,9.9867,3.0451,4390986,35773124.37,1979003141.08,1191064395.08
2002-06-21,'000407,胜利股份,7.51,7.58,7.22,7.22,7.22,0.29,4.0166,0.7428,1071097,8041137.21,1799311572.58,1082916901.58
2002-06-20,'000407,胜利股份,7.22,7.3,7.17,7.17,7.17,0.05,0.6974,0.106,152853,1110449.25,1729830832.76,1041099870.76
2002-06-19,'000407,胜利股份,7.17,7.33,7.14,7.29,7.31,-0.14,-1.9152,0.1041,150083,1081250.85,1717851394.86,1033890037.86
2002-06-18,'000407,胜利股份,7.31,7.33,7.17,7.2,7.16,0.15,2.095,0.382,550765,4000507.6,1751393820.98,1054077569.98
2002-06-17,'000407,胜利股份,7.16,7.17,7.01,7.05,7.14,0.02,0.2801,0.124,178800,1266558.4,1715455507.28,1032448071.28
2002-06-14,'000407,胜利股份,7.14,7.3,7.1,7.3,7.28,-0.14,-1.9231,0.2284,329330,2362461.8,1710663732.12,1029564138.12
2002-06-13,'000407,胜利股份,7.28,7.37,7.28,7.34,7.33,-0.05,-0.6821,0.1844,265900,1947886.0,1744206158.24,1049751670.24
2002-06-12,'000407,胜利股份,7.33,7.35,7.25,7.31,7.38,-0.05,-0.6775,0.1482,213640,1558416.0,1756185596.14,1056961503.14
2002-06-11,'000407,胜利股份,7.38,7.4,7.2,7.39,7.34,0.04,0.545,0.2935,423225,3102278.71,1768165034.04,1064171336.04
2002-06-10,'000407,胜利股份,7.34,7.5,7.32,7.5,7.56,-0.22,-2.9101,0.2575,371273,2751882.93,1758581483.72,1058403469.72
2002-06-07,'000407,胜利股份,7.56,7.71,7.38,7.6,7.49,0.07,0.9346,0.5098,735044,5585350.56,1811291010.48,1090126734.48
2002-06-06,'000407,胜利股份,7.49,7.65,7.02,7.08,7.2,0.29,4.0278,0.4201,605807,4469114.23,1794519797.42,1080032968.42
2002-06-05,'000407,胜利股份,7.2,7.6,7.01,7.6,7.57,-0.37,-4.8877,0.2315,333790,2424999.88,1725039057.6,1038215937.6
2002-06-04,'000407,胜利股份,7.57,7.69,7.44,7.52,7.43,0.14,1.8843,0.3159,455460,3444751.18,1813686898.06,1091568701.06
2002-06-03,'000407,胜利股份,7.43,7.45,7.3,7.42,7.46,-0.03,-0.4021,0.2086,300777,2217050.12,1780144471.94,1071381168.94
2002-05-31,'000407,胜利股份,7.46,7.59,7.35,7.42,7.42,0.04,0.5391,0.2312,333392,2499105.23,1787332134.68,1075707068.68
2002-05-30,'000407,胜利股份,7.42,7.57,7.31,7.5,7.5,-0.08,-1.0667,0.3218,464036,3444431.71,1777748584.36,1069939202.36
2002-05-29,'000407,胜利股份,7.5,7.78,7.46,7.78,7.78,-0.28,-3.599,0.3524,508125,3838591.64,1796915685.0,1081474935.0
2002-05-28,'000407,胜利股份,7.78,7.89,7.75,7.89,7.83,-0.05,-0.6386,0.1056,152246,1187578.02,1864000537.24,1121849999.24
2002-05-27,'000407,胜利股份,7.83,7.9,7.75,7.76,7.76,0.07,0.9021,0.1026,147983,1153980.89,1875979975.14,1129059832.14
2002-05-24,'000407,胜利股份,7.76,7.96,7.7,7.95,7.95,-0.19,-2.3899,0.2535,365610,2850175.3,1859208762.08,1118966066.08
2002-05-23,'000407,胜利股份,7.95,7.99,7.81,7.9,7.8,0.15,1.9231,0.3055,440518,3494611.41,1904730626.1,1146363431.1
2002-05-22,'000407,胜利股份,7.8,7.95,7.78,7.86,7.9,-0.1,-1.2658,0.2904,418700,3289454.56,1868792312.4,1124733932.4
2002-05-21,'000407,胜利股份,7.9,8.05,7.7,7.77,7.57,0.33,4.3593,0.7768,1120162,8867679.36,1892751188.2,1139153598.2
2002-05-20,'000407,胜利股份,7.57,7.65,7.5,7.65,7.72,-0.15,-1.943,0.2423,349358,2636864.25,1813686898.06,1091568701.06
2002-05-17,'000407,胜利股份,7.72,7.75,7.52,7.59,7.59,0.13,1.7128,0.4091,589923,4505187.35,1849625211.76,1113198199.76
2002-05-16,'000407,胜利股份,7.59,7.83,7.57,7.78,7.85,-0.26,-3.3121,0.6692,964960,7415871.22,1818478673.22,1094452634.22
2002-05-15,'000407,胜利股份,7.85,7.98,7.84,7.9,7.89,-0.04,-0.507,0.2634,379840,2999108.8,1880771750.3,1131943765.3
2002-05-14,'000407,胜利股份,7.89,8.02,7.88,7.9,7.92,-0.03,-0.3788,0.3076,443538,3518522.49,1890355300.62,1137711631.62
2002-05-13,'000407,胜利股份,7.92,8.0,7.88,8.0,8.03,-0.11,-1.3699,0.5338,769747,6087703.12,1897542963.36,1142037531.36
2002-05-10,'000407,胜利股份,8.03,8.25,8.0,8.23,8.24,-0.21,-2.5485,0.8159,1176435,9515845.47,1923897726.74,1157899163.74
2002-05-09,'000407,胜利股份,8.24,8.38,8.09,8.18,8.4,-0.16,-1.9048,1.8383,2650711,21841186.17,1974211365.92,1188180461.92
2002-05-08,'000407,胜利股份,8.4,8.6,7.68,8.02,8.0,0.4,5.0,3.7012,5337041,42399970.64,2012545567.2,1211251927.2
2002-04-30,'000407,胜利股份,8.0,8.14,7.93,8.05,7.93,0.07,0.8827,0.4976,717559,5748600.49,1916710064.0,1153573264.0
2002-04-29,'000407,胜利股份,0.0,0.0,0.0,0.0,7.93,None,None,0.0,0,0.0,1899938850.94,1143479497.94
2002-04-26,'000407,胜利股份,7.93,7.94,7.78,7.8,7.78,0.15,1.928,0.4235,610643,4803674.77,1899938850.94,1143479497.94
2002-04-25,'000407,胜利股份,7.78,7.8,7.7,7.71,7.72,0.06,0.7772,0.1989,286753,2223724.72,1864000537.24,1121849999.24
2002-04-24,'000407,胜利股份,7.72,7.83,7.71,7.82,7.81,-0.09,-1.1524,0.1938,279393,2164918.74,1849625211.76,1113198199.76
2002-04-23,'000407,胜利股份,7.81,7.93,7.8,7.9,7.94,-0.13,-1.6373,0.1566,225820,1777563.4,1871188199.98,1126175898.98
2002-04-22,'000407,胜利股份,7.94,8.05,7.92,8.03,8.04,-0.1,-1.2438,0.1422,205110,1637286.2,1902334738.52,1144921464.52
2002-04-19,'000407,胜利股份,8.04,8.04,7.7,7.91,7.91,0.13,1.6435,0.389,560982,4408574.33,1926293614.32,1159341130.32
2002-04-18,'000407,胜利股份,7.91,8.1,7.88,8.1,8.07,-0.16,-1.9827,0.3017,435010,3463759.4,1895147075.78,1140595564.78
2002-04-17,'000407,胜利股份,8.07,8.12,7.98,8.08,8.08,-0.01,-0.1238,0.2182,314606,2528563.36,1933481277.06,1163667030.06
2002-04-16,'000407,胜利股份,8.08,8.14,8.03,8.12,8.1,-0.02,-0.2469,0.1725,248700,2008335.9,1935877164.64,1165108996.64
2002-04-15,'000407,胜利股份,8.1,8.2,8.01,8.15,8.19,-0.09,-1.0989,0.255,367653,2973772.76,1940668939.8,1167992929.8
2002-04-12,'000407,胜利股份,8.19,8.25,8.08,8.1,8.13,0.06,0.738,0.5023,724333,5907752.03,1962231928.02,1180970629.02
2002-04-11,'000407,胜利股份,8.13,8.35,8.08,8.35,8.35,-0.22,-2.6347,0.5294,763364,6245589.82,1947856602.54,1172318829.54
2002-04-10,'000407,胜利股份,8.35,8.43,8.2,8.35,8.37,-0.02,-0.2389,0.539,777172,6429370.25,2000566129.3,1204042094.3
2002-04-09,'000407,胜利股份,8.37,8.66,8.18,8.18,8.11,0.26,3.2059,1.3844,1996295,16869930.65,2005357904.46,1206926027.46
2002-04-08,'000407,胜利股份,8.11,8.16,8.02,8.1,8.16,-0.05,-0.6127,0.2614,376940,3048317.2,1943064827.38,1169434896.38
2002-04-05,'000407,胜利股份,8.16,8.25,8.03,8.1,8.14,0.02,0.2457,0.5831,840826,6840551.19,1955044265.28,1176644729.28
2002-04-04,'000407,胜利股份,8.14,8.17,7.8,8.1,7.97,0.17,2.133,0.484,697933,5594366.61,1950252490.12,1173760796.12
2002-04-03,'000407,胜利股份,7.97,8.24,7.68,7.8,7.69,0.28,3.6411,0.8704,1255121,10103498.93,1909522401.26,1149247364.26
2002-04-02,'000407,胜利股份,7.69,7.92,7.68,7.88,7.87,-0.18,-2.2872,0.2934,423086,3286727.18,1842437549.02,1108872300.02
2002-04-01,'000407,胜利股份,7.87,7.96,7.68,7.75,7.78,0.09,1.1568,0.2244,323541,2520428.52,1885563525.46,1134827698.46
2002-03-29,'000407,胜利股份,7.78,8.13,7.75,8.1,8.14,-0.36,-4.4226,0.5006,721884,5699508.12,1864000537.24,1121849999.24
2002-03-28,'000407,胜利股份,8.14,8.21,8.03,8.14,8.13,0.01,0.123,0.3624,522519,4259322.35,1950252490.12,1173760796.12
2002-03-27,'000407,胜利股份,8.13,8.16,7.98,8.0,8.06,0.07,0.8685,0.5157,743642,5993632.0,1947856602.54,1172318829.54
2002-03-26,'000407,胜利股份,8.06,8.25,7.95,8.25,8.34,-0.28,-3.3573,0.5708,823136,6667891.47,1931085389.48,1162225063.48
2002-03-25,'000407,胜利股份,8.34,8.5,8.28,8.49,8.44,-0.1,-1.1848,0.9318,1343595,11231164.0,1998170241.72,1202600127.72
2002-03-22,'000407,胜利股份,8.44,8.46,8.05,8.05,8.0,0.44,5.5,3.2452,4679401,38856639.59,2022129117.52,1217019793.52
2002-03-21,'000407,胜利股份,8.0,8.0,7.8,7.95,7.92,0.08,1.0101,0.539,777263,6143351.84,1916710064.0,1153573264.0
2002-03-20,'000407,胜利股份,7.92,7.96,7.8,7.82,7.82,0.1,1.2788,0.4743,683983,5397837.93,1897542963.36,1142037531.36
2002-03-19,'000407,胜利股份,7.82,7.9,7.58,7.64,7.64,0.18,2.356,0.3508,505841,3924590.74,1873584087.56,1127617865.56
2002-03-18,'000407,胜利股份,7.64,7.8,7.53,7.61,7.64,0.0,0.0,0.2921,421200,3232168.95,1830458111.12,1101662467.12
2002-03-15,'000407,胜利股份,7.64,8.01,7.6,7.95,7.93,-0.29,-3.657,0.4261,614464,4807983.15,1830458111.12,1101662467.12
2002-03-14,'000407,胜利股份,7.93,8.0,7.59,7.65,7.67,0.26,3.3898,0.4714,679711,5286415.77,1899938850.94,1143479497.94
2002-03-13,'000407,胜利股份,7.67,7.98,7.65,7.88,7.98,-0.31,-3.8847,0.5376,775151,6039783.92,1837645773.86,1105988366.86
2002-03-12,'000407,胜利股份,7.98,8.25,7.93,8.25,8.27,-0.29,-3.5067,0.9313,1342935,10845357.43,1911918288.84,1150689330.84
2002-03-11,'000407,胜利股份,8.27,8.35,7.81,7.99,7.99,0.28,3.5044,1.007,1452031,11726662.97,1981399028.66,1192506361.66
2002-03-08,'000407,胜利股份,7.99,8.09,7.86,8.0,7.99,0.0,0.0,1.4116,2035529,16193609.7,1914314176.42,1152131297.42
2002-03-07,'000407,胜利股份,7.99,8.0,7.68,7.75,7.76,0.23,2.9639,1.4031,2023220,15810272.38,1914314176.42,1152131297.42
2002-03-06,'000407,胜利股份,7.76,7.81,7.35,7.35,7.29,0.47,6.4472,2.4766,3571201,27396556.45,1859208762.08,1118966066.08
2002-03-05,'000407,胜利股份,7.29,7.35,7.12,7.15,7.12,0.17,2.3876,0.4834,697018,5062495.18,1746602045.82,1051193636.82
2002-03-04,'000407,胜利股份,7.12,7.12,6.99,7.0,6.99,0.13,1.8598,0.1709,246365,1740622.12,1705871956.96,1026680204.96
2002-03-01,'000407,胜利股份,6.99,7.15,6.98,7.15,7.17,-0.18,-2.5105,0.1733,249884,1762113.94,1674725418.42,1007934639.42
2002-02-28,'000407,胜利股份,7.17,7.25,7.05,7.11,7.18,-0.01,-0.1393,0.2217,319643,2277573.98,1717851394.86,1033890037.86
2002-02-27,'000407,胜利股份,7.18,7.3,7.02,7.02,7.14,0.04,0.5602,0.2054,296178,2138849.51,1720247282.44,1035332004.44
2002-02-26,'000407,胜利股份,7.14,7.15,6.97,7.15,7.2,-0.06,-0.8333,0.1922,277177,1955159.93,1710663732.12,1029564138.12
2002-02-25,'000407,胜利股份,7.2,7.48,7.16,7.28,7.14,0.06,0.8403,0.2191,316000,2282140.41,1725039057.6,1038215937.6
2002-02-08,'000407,胜利股份,7.14,7.4,7.13,7.28,7.2,-0.06,-0.8333,0.1881,271300,1959867.18,1710663732.12,1029564138.12
2002-02-07,'000407,胜利股份,7.2,7.29,6.91,6.93,7.04,0.16,2.2727,0.5478,789934,5662783.35,1725039057.6,1038215937.6
2002-02-06,'000407,胜利股份,7.04,7.38,7.03,7.3,7.3,-0.26,-3.5616,0.2345,338147,2408131.21,1686704856.32,1015144472.32
2002-02-05,'000407,胜利股份,7.3,7.32,7.07,7.08,7.13,0.17,2.3843,0.5971,861033,6200366.78,1748997933.4,1052635603.4
2002-02-04,'000407,胜利股份,7.13,7.16,6.83,6.99,6.98,0.15,2.149,0.29,418219,2944935.89,1708267844.54,1028122171.54
2002-02-01,'000407,胜利股份,6.98,7.08,6.85,7.02,7.0,-0.02,-0.2857,0.3806,548798,3817640.84,1672329530.84,1006492672.84
2002-01-31,'000407,胜利股份,7.0,7.08,6.6,6.6,6.57,0.43,6.5449,0.5952,858323,5933630.2,1677121306.0,1009376606.0
2002-01-30,'000407,胜利股份,6.57,6.62,6.44,6.51,6.55,0.02,0.3053,0.1356,195550,1280552.0,1574098140.06,947372043.06
2002-01-29,'000407,胜利股份,6.55,6.6,6.02,6.06,6.3,0.25,3.9683,0.232,334560,2139702.5,1569306364.9,944488109.9
2002-01-28,'000407,胜利股份,6.3,6.74,6.15,6.74,6.65,-0.35,-5.2632,0.2643,381050,2438166.0,1509409175.4,908438945.4
2002-01-25,'000407,胜利股份,6.65,6.7,6.45,6.7,6.64,0.01,0.1506,0.2063,297535,1974724.43,1593265240.7,958907775.7
2002-01-24,'000407,胜利股份,6.64,6.77,6.36,6.6,6.6,0.04,0.6061,0.4137,596471,3947747.9,1590869353.12,957465809.12
2002-01-23,'000407,胜利股份,6.6,6.6,5.82,5.9,6.0,0.6,10.0,0.3035,437695,2706727.93,1581285802.8,951697942.8
2002-01-22,'000407,胜利股份,6.0,6.18,5.56,5.56,6.01,-0.01,-0.1664,0.3444,496673,2961977.65,1437532548.0,865179948.0
2002-01-21,'000407,胜利股份,6.01,6.65,5.99,6.65,6.65,-0.64,-9.6241,0.2218,319800,2045360.9,1439928435.58,866621914.58
2002-01-18,'000407,胜利股份,6.65,6.81,6.48,6.6,6.77,-0.12,-1.7725,0.1953,281585,1864835.38,1593265240.7,958907775.7
2002-01-17,'000407,胜利股份,6.77,6.9,6.4,6.9,6.89,-0.12,-1.7417,0.327,491500,3267155.6,1622015891.66,976211374.66
2002-01-16,'000407,胜利股份,6.89,6.91,6.78,6.8,6.8,0.09,1.3235,0.1296,186884,1278137.4,1650766542.62,993514973.62
2002-01-15,'000407,胜利股份,6.8,6.94,6.77,6.9,6.88,-0.08,-1.1628,0.1743,251300,1721950.34,1629203554.4,980537274.4
2002-01-14,'000407,胜利股份,6.88,6.95,6.79,6.9,6.99,-0.11,-1.5737,0.1799,259366,1769676.62,1648370655.04,992073007.04
2002-01-11,'000407,胜利股份,6.99,7.13,6.96,7.12,7.12,-0.13,-1.8258,0.1157,166883,1172410.93,1674725418.42,1007934639.42
2002-01-10,'000407,胜利股份,7.12,7.16,6.89,7.06,7.11,0.01,0.1406,0.2811,405399,2842305.82,1705871956.96,1026680204.96
2002-01-09,'000407,胜利股份,7.11,7.14,6.76,7.08,7.15,-0.04,-0.5594,0.6506,938107,6487699.51,1703476069.38,1025238238.38
2002-01-08,'000407,胜利股份,7.15,7.43,7.0,7.3,7.3,-0.15,-2.0548,0.8677,1251140,8848872.5,1713059619.7,1031006104.7
2002-01-07,'000407,胜利股份,7.3,7.47,7.25,7.4,7.45,-0.15,-2.0134,0.116,167259,1230629.7,1748997933.4,1052635603.4
2002-01-04,'000407,胜利股份,7.45,7.72,7.44,7.72,7.72,-0.27,-3.4974,0.1346,194100,1458519.8,1784936247.1,1074265102.1
2001-12-31,'000407,胜利股份,7.72,7.73,7.5,7.68,7.68,0.04,0.5208,0.2061,297150,2264203.0,1849625211.76,1113198199.76
2001-12-28,'000407,胜利股份,7.68,7.79,7.6,7.6,7.61,0.07,0.9198,0.0638,92068,702479.64,1840041661.44,1107430333.44
2001-12-27,'000407,胜利股份,7.61,7.66,7.6,7.6,7.6,0.01,0.1316,0.0669,96440,735416.3,1823270448.38,1097336567.38
2001-12-26,'000407,胜利股份,7.6,7.61,7.45,7.45,7.52,0.08,1.0638,0.0571,82380,624243.0,1820874560.8,1095894600.8
2001-12-25,'000407,胜利股份,7.52,7.57,7.3,7.56,7.55,-0.03,-0.3974,0.0968,139580,1042435.0,1801707460.16,1084358868.16
2001-12-24,'000407,胜利股份,7.55,7.76,7.52,7.76,7.72,-0.17,-2.2021,0.0727,104800,799350.0,1808895122.9,1088684767.9
2001-12-21,'000407,胜利股份,7.72,7.75,7.64,7.64,7.67,0.05,0.6519,0.0817,117742,904436.9,1849625211.76,1113198199.76
2001-12-20,'000407,胜利股份,7.67,7.8,7.65,7.8,7.86,-0.19,-2.4173,0.1293,186471,1435381.07,1837645773.86,1105988366.86
2001-12-19,'000407,胜利股份,7.86,8.0,7.85,7.99,7.99,-0.13,-1.627,0.0791,114100,904749.0,1883167637.88,1133385731.88
2001-12-18,'000407,胜利股份,7.99,8.0,7.8,7.86,7.86,0.13,1.6539,0.1141,164577,1296605.27,1914314176.42,1152131297.42
2001-12-17,'000407,胜利股份,7.86,7.93,7.81,7.9,7.9,-0.04,-0.5063,0.0703,101410,797680.5,1883167637.88,1133385731.88
2001-12-14,'000407,胜利股份,7.9,8.03,7.85,7.88,8.0,-0.1,-1.25,0.1484,214012,1697585.44,1892751188.2,1139153598.2
2001-12-13,'000407,胜利股份,8.0,8.18,8.0,8.05,8.09,-0.09,-1.1125,0.1521,219370,1767717.74,1916710064.0,1153573264.0
2001-12-12,'000407,胜利股份,8.09,8.21,8.05,8.21,8.21,-0.12,-1.4616,0.289,416800,3381321.13,1938273052.22,1166550963.22
2001-12-11,'000407,胜利股份,8.21,8.35,8.2,8.32,8.32,-0.11,-1.3221,0.1127,162558,1342767.2,1967023703.18,1183854562.18
2001-12-10,'000407,胜利股份,8.32,8.37,8.26,8.35,8.38,-0.06,-0.716,0.1507,217244,1802252.71,1993378466.56,1199716194.56
2001-12-07,'000407,胜利股份,8.38,8.4,8.35,8.4,8.39,-0.01,-0.1192,0.1379,198900,1664909.0,2007753792.04,1208367994.04
2001-12-06,'000407,胜利股份,8.39,8.42,8.25,8.3,8.36,0.03,0.3589,0.2097,302350,2520023.45,2010149679.62,1209809960.62
2001-12-05,'000407,胜利股份,8.36,8.7,8.35,8.65,8.64,-0.28,-3.2407,0.4471,644694,5482534.85,2002962016.88,1205484060.88
2001-12-04,'000407,胜利股份,8.64,8.65,8.5,8.6,8.57,0.07,0.8168,0.2997,432135,3689235.21,2070046869.12,1245859125.12
2001-12-03,'000407,胜利股份,8.57,8.65,8.52,8.62,8.57,0.0,0.0,0.4566,658397,5643278.75,2053275656.06,1235765359.06
2001-11-30,'000407,胜利股份,8.57,8.7,8.48,8.65,8.57,0.0,0.0,1.132,1632296,14016161.73,2053275656.06,1235765359.06
2001-11-29,'000407,胜利股份,8.57,8.58,8.4,8.58,8.44,0.13,1.5403,0.4902,706841,6023114.87,2053275656.06,1235765359.06
2001-11-28,'000407,胜利股份,8.44,8.51,8.3,8.34,8.31,0.13,1.5644,0.7297,1052263,8873169.7,2022129117.52,1217019793.52
2001-11-27,'000407,胜利股份,8.31,8.31,8.15,8.16,8.18,0.13,1.5892,0.3406,491159,4041848.94,1990982578.98,1198274227.98
2001-11-26,'000407,胜利股份,8.18,8.23,8.15,8.23,8.23,-0.05,-0.6075,0.2465,355515,2908109.3,1959836040.44,1179528662.44
2001-11-23,'000407,胜利股份,8.23,8.24,8.1,8.15,8.14,0.09,1.1057,0.4015,578994,4745992.73,1971815478.34,1186738495.34
2001-11-22,'000407,胜利股份,8.14,8.16,8.0,8.15,8.07,0.07,0.8674,0.2494,359612,2904709.21,1950252490.12,1173760796.12
2001-11-21,'000407,胜利股份,8.07,8.12,8.02,8.08,8.12,-0.05,-0.6158,0.1804,260132,2097839.98,1933481277.06,1163667030.06
2001-11-20,'000407,胜利股份,8.12,8.14,7.87,7.95,7.92,0.2,2.5253,0.0986,142216,1101528.9,1945460714.96,1170876862.96
2001-11-19,'000407,胜利股份,7.92,7.96,7.61,7.61,7.69,0.23,2.9909,0.2843,409907,3233309.35,1897542963.36,1142037531.36
2001-11-16,'000407,胜利股份,7.69,8.28,7.68,8.2,7.6,0.09,1.1842,0.2843,409907,3233309.35,1842437549.02,1108872300.02
2001-11-15,'000407,胜利股份,7.6,7.78,7.58,7.69,7.89,-0.29,-3.6755,0.0623,89849,686028.42,1820874560.8,1095894600.8
2001-11-14,'000407,胜利股份,7.89,7.95,7.51,7.75,7.83,0.06,0.7663,0.1052,151659,1196670.23,1890355300.62,1137711631.62
2001-11-13,'000407,胜利股份,7.83,7.85,7.73,7.75,7.78,0.05,0.6427,0.0837,120695,940577.54,1875979975.14,1129059832.14
2001-11-12,'000407,胜利股份,7.78,7.85,7.65,7.76,7.76,0.02,0.2577,0.0818,117959,917417.02,1864000537.24,1121849999.24
2001-11-09,'000407,胜利股份,7.76,7.77,7.38,7.55,7.45,0.31,4.1611,0.2039,293997,2240119.73,1859208762.08,1118966066.08
2001-11-08,'000407,胜利股份,7.45,7.62,7.13,7.4,7.45,0.0,0.0,0.1349,194490,1439616.9,1784936247.1,1074265102.1
2001-11-07,'000407,胜利股份,7.45,7.82,7.43,7.81,7.87,-0.42,-5.3367,0.1416,204200,1546735.0,1784936247.1,1074265102.1
2001-11-06,'000407,胜利股份,7.87,8.0,7.81,8.0,8.0,-0.13,-1.625,0.1164,167798,1324754.8,1885563525.46,1134827698.46
2001-11-05,'000407,胜利股份,8.0,8.13,7.98,8.12,8.07,-0.07,-0.8674,0.1314,189458,1523338.79,1916710064.0,1153573264.0
2001-11-02,'000407,胜利股份,8.07,8.16,7.98,8.03,8.04,0.03,0.3731,0.2301,331739,2675376.57,1933481277.06,1163667030.06
2001-11-01,'000407,胜利股份,8.04,8.08,7.9,7.9,8.02,0.02,0.2494,0.1956,282028,2264086.35,1926293614.32,1159341130.32
2001-10-31,'000407,胜利股份,8.02,8.08,7.71,7.8,7.86,0.16,2.0356,0.1282,184874,1452240.68,1921501839.16,1156457197.16
2001-10-30,'000407,胜利股份,7.86,7.98,7.86,7.98,7.93,-0.07,-0.8827,0.108,155766,1231199.62,1883167637.88,1133385731.88
2001-10-29,'000407,胜利股份,7.93,7.97,7.86,7.9,7.87,0.06,0.7624,0.1172,169010,1339357.1,1899938850.94,1143479497.94
2001-10-26,'000407,胜利股份,7.87,7.95,7.7,7.7,7.78,0.09,1.1568,0.2312,333344,2597781.0,1885563525.46,1134827698.46
2001-10-25,'000407,胜利股份,7.78,7.97,7.7,7.97,7.97,-0.19,-2.3839,0.2865,413120,3214749.0,1864000537.24,1121849999.24
2001-10-24,'000407,胜利股份,7.97,8.1,7.71,8.0,7.65,0.32,4.183,0.7213,1040022,8262525.0,1909522401.26,1149247364.26
2001-10-23,'000407,胜利股份,7.65,7.65,7.45,7.65,6.95,0.7,10.0719,0.4373,630639,4800876.0,1832853998.7,1103104433.7
2001-10-22,'000407,胜利股份,6.95,7.23,6.9,7.23,7.31,-0.36,-4.9248,0.2048,295316,2081680.0,1665141868.1,1002166773.1
2001-10-19,'000407,胜利股份,7.31,7.56,7.3,7.52,7.56,-0.25,-3.3069,0.196,282665,2098554.0,1751393820.98,1054077569.98
2001-10-18,'000407,胜利股份,7.56,7.75,7.51,7.7,7.67,-0.11,-1.4342,0.1015,146300,1112067.0,1811291010.48,1090126734.48
2001-10-17,'000407,胜利股份,7.67,7.88,7.62,7.74,7.7,-0.03,-0.3896,0.0938,135240,1049036.8,1837645773.86,1105988366.86
2001-10-16,'000407,胜利股份,7.7,7.79,7.6,7.79,7.78,-0.08,-1.0283,0.1475,212759,1632135.0,1844833436.6,1110314266.6
2001-10-15,'000407,胜利股份,7.78,7.99,7.68,7.95,7.9,-0.12,-1.519,0.1411,203422,1597783.0,1864000537.24,1121849999.24
2001-10-12,'000407,胜利股份,7.9,7.98,7.48,7.71,7.71,0.19,2.4643,0.2953,425786,3276399.0,1892751188.2,1139153598.2
2001-10-11,'000407,胜利股份,7.71,8.15,7.6,8.05,8.07,-0.36,-4.461,0.2547,367200,2857654.0,1847229324.18,1111756233.18
2001-10-10,'000407,胜利股份,8.07,8.47,8.02,8.47,8.47,-0.4,-4.7226,0.167,240851,1957196.0,1933481277.06,1163667030.06
2001-10-09,'000407,胜利股份,8.47,8.5,8.35,8.43,8.43,0.04,0.4745,0.0867,125061,1054943.0,2029316780.26,1221345693.26
2001-10-08,'000407,胜利股份,8.43,8.84,8.42,8.6,8.55,-0.12,-1.4035,0.1088,156900,1341534.0,2019733229.94,1215577826.94
2001-09-28,'000407,胜利股份,8.55,8.99,8.5,8.8,8.75,-0.2,-2.2857,0.2173,313315,2711946.0,2048483880.9,1232881425.9
2001-09-27,'000407,胜利股份,0.0,0.0,0.0,0.0,8.75,None,None,0.0,0,0.0,2096401632.5,1261720757.5
2001-09-26,'000407,胜利股份,8.75,9.0,8.7,8.95,9.0,-0.25,-2.7778,0.2179,314200,2776190.0,2096401632.5,1261720757.5
2001-09-25,'000407,胜利股份,9.0,9.16,8.96,9.1,9.06,-0.06,-0.6623,0.1775,255900,2308575.0,2156298822.0,1297769922.0
2001-09-24,'000407,胜利股份,9.06,9.25,9.0,9.15,9.17,-0.11,-1.1996,0.1517,218709,1984324.0,2170674147.48,1306421721.48
2001-09-21,'000407,胜利股份,9.17,9.23,9.04,9.1,9.14,0.03,0.3282,0.1122,161755,1471698.0,2197028910.86,1322283353.86
2001-09-20,'000407,胜利股份,9.15,9.26,9.08,9.08,9.14,0.01,0.1094,0.1598,230442,2116003.0,2192237135.7,1319399420.7
2001-09-19,'000407,胜利股份,9.14,9.15,9.01,9.14,9.08,0.06,0.6608,0.1333,192281,1743130.0,2189841248.12,1317957454.12
2001-09-18,'000407,胜利股份,9.08,9.17,9.0,9.0,9.01,0.07,0.7769,0.1643,236950,2145140.0,2175465922.64,1309305654.64
2001-09-17,'000407,胜利股份,9.01,9.35,9.0,9.3,9.31,-0.3,-3.2223,0.3452,497755,4545443.0,2158694709.58,1299211888.58
2001-09-14,'000407,胜利股份,9.31,9.58,9.02,9.18,9.26,0.05,0.54,0.5321,767268,7116833.0,2230571336.98,1342470885.98
2001-09-13,'000407,胜利股份,9.26,9.6,9.26,9.6,9.7,-0.44,-4.5361,0.5348,771194,7231950.0,2218591899.08,1335261053.08
2001-09-12,'000407,胜利股份,9.7,9.81,8.78,8.9,8.92,0.78,8.7444,2.5506,3677936,35231535.0,2324010952.6,1398707582.6
2001-09-11,'000407,胜利股份,8.92,9.03,8.87,8.9,8.97,-0.05,-0.5574,0.1474,212510,1905264.0,2137131721.36,1286234189.36
2001-09-10,'000407,胜利股份,8.97,8.98,8.0,8.7,8.83,0.14,1.5855,0.1576,227221,1997829.0,2149111159.26,1293444022.26
2001-09-07,'000407,胜利股份,8.83,9.26,8.81,9.1,9.16,-0.33,-3.6026,0.1445,208309,1867710.0,2115568733.14,1273256490.14
2001-09-06,'000407,胜利股份,9.16,9.3,9.15,9.2,9.24,-0.08,-0.8658,0.0597,86149,792844.0,2194633023.28,1320841387.28
2001-09-05,'000407,胜利股份,9.24,9.38,9.2,9.2,9.2,0.04,0.4348,0.1354,195292,1807441.0,2213800123.92,1332377119.92
2001-09-04,'000407,胜利股份,9.2,9.2,9.01,9.01,9.01,0.19,2.1088,0.1021,147167,1342139.0,2204216573.6,1326609253.6
2001-09-03,'000407,胜利股份,9.01,9.16,9.0,9.0,9.18,-0.17,-1.8519,0.0963,138899,1252324.0,2158694709.58,1299211888.58
2001-08-31,'000407,胜利股份,9.03,9.22,9.02,9.2,9.18,-0.15,-1.634,0.1474,212600,1933205.0,2163486484.74,1302095821.74
2001-08-30,'000407,胜利股份,9.18,9.33,9.18,9.29,9.27,-0.09,-0.9709,0.0801,115500,1067762.0,2199424798.44,1323725320.44
2001-08-29,'000407,胜利股份,9.27,9.34,9.2,9.2,9.32,-0.05,-0.5365,0.0672,96878,900681.0,2220987786.66,1336703019.66
2001-08-28,'000407,胜利股份,9.32,9.33,9.06,9.19,9.27,0.05,0.5394,0.1573,226831,2075353.0,2232967224.56,1343912852.56
2001-08-27,'000407,胜利股份,9.27,9.59,9.24,9.25,9.42,-0.15,-1.5924,0.2464,355363,3308235.0,2220987786.66,1336703019.66
2001-08-24,'000407,胜利股份,9.42,9.55,9.37,9.55,9.51,-0.09,-0.9464,0.1415,204005,1920474.0,2256926100.36,1358332518.36
2001-08-23,'000407,胜利股份,9.51,9.53,9.28,9.36,9.39,0.12,1.278,0.1312,189243,1782467.0,2278489088.58,1371310217.58
2001-08-22,'000407,胜利股份,9.39,9.53,9.2,9.53,9.53,-0.14,-1.469,0.2188,315500,2955388.0,2249738437.62,1354006618.62
2001-08-21,'000407,胜利股份,9.53,9.55,9.5,9.51,9.51,0.02,0.2103,0.1123,161940,1542078.0,2283280863.74,1374194150.74
2001-08-20,'000407,胜利股份,9.51,9.56,9.4,9.5,9.5,0.01,0.1053,0.0787,113516,1077163.0,2278489088.58,1371310217.58
2001-08-17,'000407,胜利股份,9.5,9.52,9.32,9.46,9.5,0.0,0.0,0.0618,89119,844221.0,2276093201.0,1369868251.0
2001-08-16,'000407,胜利股份,9.5,9.73,9.49,9.73,9.73,-0.23,-2.3638,0.1438,207400,1985641.0,2276093201.0,1369868251.0
2001-08-15,'000407,胜利股份,9.73,9.8,9.7,9.71,9.72,0.01,0.1029,0.0954,137544,1340614.0,2331198615.34,1403033482.34
2001-08-14,'000407,胜利股份,9.72,9.86,9.6,9.86,9.66,0.06,0.6211,0.1432,206511,2003781.0,2328802727.76,1401591515.76
2001-08-13,'000407,胜利股份,9.66,9.75,9.53,9.62,9.64,0.02,0.2075,0.1319,190180,1834206.0,2314427402.28,1392939716.28
2001-08-10,'000407,胜利股份,9.64,9.66,9.45,9.5,9.47,0.17,1.7951,0.2309,332891,3189152.0,2309635627.12,1390055783.12
2001-08-09,'000407,胜利股份,9.47,9.48,9.26,9.3,9.31,0.16,1.7186,0.2174,313513,2930152.0,2268905538.26,1365542351.26
2001-08-08,'000407,胜利股份,9.31,9.4,9.2,9.4,9.36,-0.05,-0.5342,0.1415,204099,1894344.0,2230571336.98,1342470885.98
2001-08-07,'000407,胜利股份,9.36,9.42,9.1,9.22,9.3,0.06,0.6452,0.2433,350818,3224462.0,2242550774.88,1349680718.88
2001-08-06,'000407,胜利股份,9.3,9.82,9.24,9.65,9.8,-0.5,-5.102,0.2671,385200,3626644.0,2228175449.4,1341028919.4
2001-08-03,'000407,胜利股份,9.8,9.87,9.71,9.8,9.76,0.04,0.4098,0.0975,140592,1377429.0,2347969828.4,1413127248.4
2001-08-02,'000407,胜利股份,9.76,10.0,9.6,10.0,10.0,-0.24,-2.4,0.2261,326016,3175354.0,2338386278.08,1407359382.08
2001-08-01,'000407,胜利股份,10.0,10.0,9.6,9.6,9.61,0.39,4.0583,0.2817,406258,3983222.0,2395887580.0,1441966580.0
2001-07-31,'000407,胜利股份,9.61,9.98,9.58,9.7,9.77,-0.16,-1.6377,0.2826,407469,3983856.0,2302447964.38,1385729883.38
2001-07-30,'000407,胜利股份,9.77,10.35,9.75,10.35,10.4,-0.63,-6.0577,0.4394,633617,6341824.0,2340782165.66,1408801348.66
2001-07-27,'000407,胜利股份,10.4,10.6,10.3,10.3,10.39,0.01,0.0962,0.197,284091,2958219.0,2491723083.2,1499645243.2
2001-07-26,'000407,胜利股份,10.39,10.59,10.36,10.51,10.5,-0.11,-1.0476,0.2269,327190,3409798.0,2489327195.62,1498203276.62
2001-07-25,'000407,胜利股份,10.5,10.67,10.5,10.67,10.67,-0.17,-1.5933,0.1981,285714,3015323.0,2515681959.0,1514064909.0
2001-07-24,'000407,胜利股份,10.67,10.9,10.58,10.75,10.8,-0.13,-1.2037,0.2844,410078,4371939.0,2556412047.86,1538578340.86
2001-07-23,'000407,胜利股份,10.8,10.88,10.75,10.88,10.88,-0.08,-0.7353,0.1904,274546,2962599.0,2587558586.4,1557323906.4
2001-07-20,'000407,胜利股份,10.88,10.88,10.68,10.68,10.68,0.2,1.8727,0.2218,319776,3445796.0,2606725687.04,1568859639.04
2001-07-19,'000407,胜利股份,10.68,10.82,10.59,10.8,10.8,-0.12,-1.1111,0.1869,269453,2874853.0,2558807935.44,1540020307.44
2001-07-18,'000407,胜利股份,10.8,10.84,10.72,10.72,10.75,0.05,0.4651,0.1165,167945,1812310.0,2587558586.4,1557323906.4
2001-07-17,'000407,胜利股份,10.75,10.89,10.63,10.89,10.73,0.02,0.1864,0.2482,357839,3832561.0,2575579148.5,1550114073.5
2001-07-16,'000407,胜利股份,10.73,10.98,10.6,10.9,10.85,-0.12,-1.106,0.3815,550145,5957973.0,2570787373.34,1547230140.34
2001-07-13,'000407,胜利股份,10.85,10.95,10.7,10.7,10.84,0.01,0.0923,0.1745,251618,2733534.32,2599538024.3,1564533739.3
2001-07-12,'000407,胜利股份,10.84,10.9,10.66,10.68,10.7,0.14,1.3084,0.1551,223695,2412425.95,2597142136.72,1563091772.72
2001-07-11,'000407,胜利股份,10.7,10.88,10.68,10.8,10.78,-0.08,-0.7421,0.1795,258850,2791531.53,2563599710.6,1542904240.6
2001-07-10,'000407,胜利股份,10.78,10.8,10.68,10.68,10.68,0.1,0.9363,0.1353,195063,2100481.7,2582766811.24,1554439973.24
2001-07-09,'000407,胜利股份,10.68,10.76,10.65,10.75,10.76,-0.08,-0.7435,0.1965,283325,3030160.93,2558807935.44,1540020307.44
2001-07-06,'000407,胜利股份,10.76,10.81,10.68,10.78,10.76,0.0,0.0,0.184,265330,2850410.49,2577975036.08,1551556040.08
2001-07-05,'000407,胜利股份,10.76,10.99,10.69,10.9,10.91,-0.15,-1.3749,0.3999,576678,6229012.39,2577975036.08,1551556040.08
2001-07-04,'000407,胜利股份,10.91,10.96,10.83,10.83,10.93,-0.02,-0.183,0.189,272584,2974880.2,2613913349.78,1573185538.78
2001-07-03,'000407,胜利股份,10.93,10.97,10.8,10.9,10.92,0.01,0.0916,0.311,448442,4878119.02,2618705124.94,1576069471.94
2001-07-02,'000407,胜利股份,10.92,11.09,10.86,11.05,11.05,-0.13,-1.1765,0.484,697947,7633485.59,2616309237.36,1574627505.36
2001-06-29,'000407,胜利股份,11.05,11.27,11.01,11.23,11.23,-0.18,-1.6028,0.4741,683655,7597404.02,2647455775.9,1593373070.9
2001-06-28,'000407,胜利股份,11.23,11.28,11.07,11.2,11.18,0.05,0.4472,0.6944,1001246,11164357.78,2690581752.34,1619328469.34
2001-06-27,'000407,胜利股份,11.18,11.35,11.09,11.3,11.25,-0.07,-0.6222,0.7101,1023998,11418268.83,2678602314.44,1612118636.44
2001-06-26,'000407,胜利股份,11.25,11.39,11.2,11.35,11.3,-0.05,-0.4425,0.725,1045442,11775446.31,2695373527.5,1622212402.5
2001-06-25,'000407,胜利股份,11.3,11.3,11.11,11.12,11.09,0.21,1.8936,1.2224,1762722,19793205.48,2707352965.4,1629422235.4
2001-06-22,'000407,胜利股份,11.09,11.18,11.01,11.14,11.14,-0.05,-0.4488,0.5627,811335,9002762.37,2657039326.22,1599140937.22
2001-06-21,'000407,胜利股份,11.14,11.15,10.89,10.9,10.91,0.23,2.1082,0.6841,986487,10927819.6,2669018764.12,1606350770.12
2001-06-20,'000407,胜利股份,10.91,11.05,10.83,10.9,10.91,0.0,0.0,0.5545,799615,8757497.82,2613913349.78,1573185538.78
2001-06-19,'000407,胜利股份,10.91,10.94,10.72,10.87,10.88,0.03,0.2757,0.5378,775475,8412124.94,2613913349.78,1573185538.78
2001-06-18,'000407,胜利股份,10.88,11.2,10.81,11.16,11.16,-0.28,-2.509,1.6174,2332305,25620032.03,2606725687.04,1568859639.04
2001-06-15,'000407,胜利股份,11.16,11.25,11.06,11.08,10.93,0.23,2.1043,7.0609,10181592,113559060.63,2673810539.28,1609234703.28
2001-06-14,'000407,胜利股份,10.93,11.0,10.78,10.88,10.92,0.01,0.0916,2.0169,2908333,31749002.47,2618705124.94,1576069471.94
2001-06-13,'000407,胜利股份,10.92,10.95,10.68,10.79,10.79,0.13,1.2048,1.4179,2044502,22153785.17,2616309237.36,1574627505.36
2001-06-12,'000407,胜利股份,10.79,10.79,10.62,10.62,10.61,0.18,1.6965,1.0356,1493282,15996266.03,2585162698.82,1555881939.82
2001-06-11,'000407,胜利股份,10.61,10.65,10.41,10.51,10.5,0.11,1.0476,0.7292,1051541,11034846.07,2542036722.38,1529926541.38
2001-06-08,'000407,胜利股份,10.5,10.6,10.45,10.57,10.6,-0.1,-0.9434,0.3637,524373,5507789.62,2515681959.0,1514064909.0
2001-06-07,'000407,胜利股份,10.6,10.77,10.55,10.71,10.71,-0.11,-1.0271,0.5039,726664,7704520.43,2539640834.8,1528484574.8
2001-06-06,'000407,胜利股份,10.71,10.98,10.58,10.58,10.59,0.12,1.1331,0.5432,783226,8408290.53,2565995598.18,1544346207.18
2001-06-05,'000407,胜利股份,10.59,10.6,10.42,10.45,10.46,0.13,1.2428,0.5768,831666,8744682.8,2537244947.22,1527042608.22
2001-06-04,'000407,胜利股份,10.46,10.6,10.39,10.39,10.37,0.09,0.8679,0.5372,774669,8097348.21,2506098408.68,1508297042.68
2001-06-01,'000407,胜利股份,10.37,10.41,10.31,10.35,10.39,-0.02,-0.1925,0.441,635903,6580882.11,2484535420.46,1495319343.46
2001-05-31,'000407,胜利股份,10.39,10.51,10.3,10.45,10.44,-0.05,-0.4789,0.3574,515295,5351850.75,2489327195.62,1498203276.62
2001-05-30,'000407,胜利股份,10.44,10.45,10.3,10.3,10.29,0.15,1.4577,0.2416,348386,3616059.76,2501306633.52,1505413109.52
2001-05-29,'000407,胜利股份,10.29,10.36,10.25,10.3,10.27,0.02,0.1947,0.3781,545175,5617935.5,2465368319.82,1483783610.82
2001-05-28,'000407,胜利股份,10.27,10.48,10.26,10.45,10.41,-0.14,-1.3449,0.4264,614836,6341471.63,2460576544.66,1480899677.66
2001-05-25,'000407,胜利股份,10.41,10.6,10.38,10.59,10.58,-0.17,-1.6068,0.5162,744310,7776151.41,2494118970.78,1501087209.78
2001-05-24,'000407,胜利股份,10.58,10.58,10.48,10.55,10.52,0.06,0.5703,0.424,611344,6435660.97,2534849059.64,1525600641.64
2001-05-23,'000407,胜利股份,10.52,10.62,10.48,10.6,10.6,-0.08,-0.7547,0.509,734008,7738254.29,2520473734.16,1516948842.16
2001-05-22,'000407,胜利股份,10.6,10.69,10.58,10.64,10.64,-0.04,-0.3759,0.6246,900717,9559674.85,2539640834.8,1528484574.8
2001-05-21,'000407,胜利股份,10.64,10.72,10.6,10.7,10.73,-0.09,-0.8388,0.6911,996584,10583379.0,2549224385.12,1534252441.12
2001-05-18,'000407,胜利股份,10.73,10.85,10.64,10.78,10.78,-0.05,-0.4638,0.3368,485662,5202448.15,2570787373.34,1547230140.34
2001-05-17,'000407,胜利股份,10.78,10.99,10.7,10.96,10.91,-0.13,-1.1916,0.3869,557829,6023988.68,2582766811.24,1554439973.24
2001-05-16,'000407,胜利股份,10.91,10.92,10.66,10.76,10.58,0.33,3.1191,0.4584,661051,7171706.52,2613913349.78,1573185538.78
2001-05-15,'000407,胜利股份,0.0,0.0,0.0,0.0,10.58,None,None,0.0,0,0.0,2534849059.64,1525600641.64
2001-05-14,'000407,胜利股份,0.0,0.0,0.0,0.0,10.58,None,None,0.0,0,0.0,2534849059.64,1525600641.64
2001-05-11,'000407,胜利股份,10.58,10.65,10.55,10.65,10.6,-0.02,-0.1887,0.2128,306845,3248845.15,2534849059.64,1525600641.64
2001-05-10,'000407,胜利股份,10.6,10.65,10.55,10.58,10.58,0.02,0.189,0.2474,356767,3781307.53,2539640834.8,1528484574.8
2001-05-09,'000407,胜利股份,10.58,10.73,10.53,10.72,10.64,-0.06,-0.5639,0.1984,286100,3034787.38,2534849059.64,1525600641.64
2001-05-08,'000407,胜利股份,10.64,10.65,10.5,10.55,10.55,0.09,0.8531,0.2,288415,3046014.28,2549224385.12,1534252441.12
2001-04-30,'000407,胜利股份,10.55,10.55,10.48,10.55,10.55,0.0,0.0,0.2051,295726,3108176.0,2527661396.9,1521274741.9
2001-04-27,'000407,胜利股份,10.55,10.58,10.48,10.55,10.5,0.05,0.4762,0.3919,565093,5946403.16,2527661396.9,1521274741.9
2001-04-26,'000407,胜利股份,10.5,10.67,10.49,10.6,10.61,-0.11,-1.0368,0.3807,549018,5794065.9,2515681959.0,1514064909.0
2001-04-25,'000407,胜利股份,10.61,10.88,10.6,10.8,10.78,-0.17,-1.577,0.5065,730301,7822763.83,2542036722.38,1529926541.38
2001-04-24,'000407,胜利股份,10.78,10.95,10.75,10.9,10.89,-0.11,-1.0101,0.4087,589400,6376115.15,2582766811.24,1554439973.24
2001-04-23,'000407,胜利股份,10.89,10.9,10.65,10.8,10.81,0.08,0.7401,0.502,723820,7777013.0,2609121574.62,1570301605.62
2001-04-20,'000407,胜利股份,10.81,11.03,10.7,11.02,10.98,-0.17,-1.5483,0.6712,967832,10549685.88,2589954473.98,1558765872.98
2001-04-19,'000407,胜利股份,10.98,11.13,10.85,11.12,11.14,-0.16,-1.4363,0.663,956059,10472923.51,2630684562.84,1583279304.84
2001-04-18,'000407,胜利股份,11.14,11.25,11.1,11.25,11.22,-0.08,-0.713,0.6061,873954,9737918.56,2669018764.12,1606350770.12
2001-04-17,'000407,胜利股份,11.22,11.28,11.03,11.26,11.25,-0.03,-0.2667,1.0021,1444982,16173472.49,2688185864.76,1617886502.76
2001-04-16,'000407,胜利股份,11.25,11.35,11.05,11.1,11.0,0.25,2.2727,2.9395,4238725,47552172.66,2695373527.5,1622212402.5
2001-04-13,'000407,胜利股份,11.0,11.0,10.56,10.67,10.66,0.34,3.1895,1.2838,1851175,20070644.58,2635476338.0,1586163238.0
2001-04-12,'000407,胜利股份,10.66,10.8,10.6,10.8,10.78,-0.12,-1.1132,0.4465,643801,6881077.53,2554016160.28,1537136374.28
2001-04-11,'000407,胜利股份,10.78,10.92,10.75,10.9,10.85,-0.07,-0.6452,0.4458,642890,6944640.45,2582766811.24,1554439973.24
2001-04-10,'000407,胜利股份,10.85,10.86,10.5,10.5,10.5,0.35,3.3333,1.0916,1574099,16886996.19,2599538024.3,1564533739.3
2001-04-09,'000407,胜利股份,10.5,10.6,10.44,10.55,10.55,-0.05,-0.4739,0.329,474362,4973557.58,2515681959.0,1514064909.0
2001-04-06,'000407,胜利股份,10.55,10.64,10.5,10.58,10.55,0.0,0.0,0.2827,407620,4289999.2,2527661396.9,1521274741.9
2001-04-05,'000407,胜利股份,10.55,10.55,10.4,10.4,10.47,0.08,0.7641,0.2994,431690,4529683.84,2527661396.9,1521274741.9
2001-04-04,'000407,胜利股份,10.47,10.75,10.45,10.74,10.73,-0.26,-2.4231,0.4091,589954,6265350.29,2508494296.26,1509739009.26
2001-04-03,'000407,胜利股份,10.73,10.77,10.58,10.58,10.61,0.12,1.131,0.6065,874499,9344132.39,2570787373.34,1547230140.34
2001-04-02,'000407,胜利股份,10.61,10.68,10.5,10.6,10.6,0.01,0.0943,0.5435,783664,8286947.3,2542036722.38,1529926541.38
2001-03-30,'000407,胜利股份,10.6,10.64,10.48,10.5,10.5,0.1,0.9524,0.4837,697488,7337711.31,2539640834.8,1528484574.8
2001-03-29,'000407,胜利股份,10.5,10.68,10.5,10.68,10.68,-0.18,-1.6854,0.4488,647115,6844218.39,2515681959.0,1514064909.0
2001-03-28,'000407,胜利股份,10.68,10.69,10.38,10.53,10.51,0.17,1.6175,1.1812,1703292,17832843.45,2558807935.44,1540020307.44
2001-03-27,'000407,胜利股份,10.51,10.68,10.48,10.6,10.5,0.01,0.0952,0.5807,837370,8825958.72,2518077846.58,1515506875.58
2001-03-26,'000407,胜利股份,10.5,10.5,10.35,10.4,10.4,0.1,0.9615,0.7936,1144312,11919888.12,2515681959.0,1514064909.0
2001-03-23,'000407,胜利股份,10.4,10.7,10.4,10.68,10.68,-0.28,-2.6217,0.5203,750301,7879166.74,2491723083.2,1499645243.2
2001-03-22,'000407,胜利股份,10.68,10.88,10.59,10.65,10.63,0.05,0.4704,0.5727,825884,8841434.03,2558807935.44,1540020307.44
2001-03-21,'000407,胜利股份,10.63,10.77,10.58,10.66,10.66,-0.03,-0.2814,0.4313,621900,6640230.29,2546828497.54,1532810474.54
2001-03-20,'000407,胜利股份,10.66,10.72,10.37,10.42,10.37,0.29,2.7965,0.687,990623,10482546.17,2554016160.28,1537136374.28
2001-03-19,'000407,胜利股份,10.37,10.38,10.1,10.2,10.2,0.17,1.6667,0.4435,639491,6555755.08,2484535420.46,1495319343.46
2001-03-16,'000407,胜利股份,10.2,10.3,10.1,10.3,10.32,-0.12,-1.1628,0.3357,484131,4927283.02,2443805331.6,1470805911.6
2001-03-15,'000407,胜利股份,10.32,10.35,10.17,10.21,10.18,0.14,1.3752,0.2603,375282,3858318.28,2472555982.56,1488109510.56
2001-03-14,'000407,胜利股份,10.18,10.18,10.1,10.11,10.11,0.07,0.6924,0.3193,460476,4668875.59,2439013556.44,1467921978.44
2001-03-13,'000407,胜利股份,10.11,10.27,10.1,10.27,10.27,-0.16,-1.5579,0.2548,367459,3741085.42,2422242343.38,1457828212.38
2001-03-12,'000407,胜利股份,10.27,10.31,10.2,10.3,10.3,-0.03,-0.2913,0.2004,288981,2965925.82,2460576544.66,1480899677.66
2001-03-09,'000407,胜利股份,10.3,10.33,10.18,10.2,10.18,0.12,1.1788,0.2749,396390,4076117.95,2467764207.4,1485225577.4
2001-03-08,'000407,胜利股份,10.18,10.22,10.12,10.21,10.21,-0.03,-0.2938,0.3598,518878,5275076.97,2439013556.44,1467921978.44
2001-03-07,'000407,胜利股份,10.21,10.25,10.06,10.16,10.16,0.05,0.4921,0.219,315818,3214086.83,2446201219.18,1472247878.18
2001-03-06,'000407,胜利股份,10.16,10.3,10.15,10.2,10.2,-0.04,-0.3922,0.193,278303,2838319.09,2434221781.28,1465038045.28
2001-03-05,'000407,胜利股份,10.2,10.33,10.13,10.27,10.27,-0.07,-0.6816,0.2054,296182,3022733.03,2443805331.6,1470805911.6
2001-03-02,'000407,胜利股份,10.27,10.37,10.16,10.16,10.11,0.16,1.5826,0.3158,455325,4688422.12,2460576544.66,1480899677.66
2001-03-01,'000407,胜利股份,10.11,10.15,10.05,10.11,10.14,-0.03,-0.2959,0.1967,283595,2863646.72,2422242343.38,1457828212.38
2001-02-28,'000407,胜利股份,10.14,10.3,10.1,10.25,10.24,-0.1,-0.9766,0.1238,178587,1812187.83,2429430006.12,1462154112.12
2001-02-27,'000407,胜利股份,10.24,10.26,10.05,10.05,10.1,0.14,1.3861,0.2667,384564,3892633.06,2453388881.92,1476573777.92
2001-02-26,'000407,胜利股份,10.1,10.1,9.89,9.95,9.89,0.21,2.1234,0.3628,523193,5219837.23,2419846455.8,1456386245.8
2001-02-23,'000407,胜利股份,9.89,10.07,9.7,10.07,10.01,-0.12,-1.1988,0.3831,552428,5476914.19,2369532816.62,1426104947.62
2001-02-22,'000407,胜利股份,10.01,10.13,9.97,10.0,10.08,-0.07,-0.6944,0.25,360497,3619879.03,2398283467.58,1443408546.58
2001-02-21,'000407,胜利股份,10.08,10.4,10.0,10.31,10.41,-0.33,-3.17,0.4893,705544,7135026.75,2415054680.64,1453502312.64
2001-02-20,'000407,胜利股份,10.41,10.6,10.4,10.56,10.56,-0.15,-1.4205,0.2342,337773,3550291.94,2494118970.78,1501087209.78
2001-02-19,'000407,胜利股份,10.56,10.6,10.4,10.45,10.44,0.12,1.1494,0.146,210594,2212014.98,2530057284.48,1522716708.48
2001-02-16,'000407,胜利股份,10.44,10.5,10.31,10.45,10.55,-0.11,-1.0427,0.1994,287573,2993243.71,2501306633.52,1505413109.52
2001-02-15,'000407,胜利股份,10.55,10.7,10.53,10.61,10.66,-0.11,-1.0319,0.1697,244700,2589856.52,2527661396.9,1521274741.9
2001-02-14,'000407,胜利股份,10.66,10.73,10.65,10.7,10.72,-0.06,-0.5597,0.1053,151832,1622421.72,2554016160.28,1537136374.28
2001-02-13,'000407,胜利股份,10.72,10.86,10.7,10.81,10.79,-0.07,-0.6487,0.1097,158199,1706627.67,2568391485.76,1545788173.76
2001-02-12,'000407,胜利股份,10.79,10.8,10.5,10.68,10.68,0.11,1.03,0.2771,399503,4251179.62,2585162698.82,1555881939.82
2001-02-09,'000407,胜利股份,10.68,10.8,10.5,10.5,10.48,0.2,1.9084,0.2547,367279,3901344.74,2558807935.44,1540020307.44
2001-02-08,'000407,胜利股份,10.48,10.9,10.46,10.73,10.75,-0.27,-2.5116,0.254,366324,3893300.5,2510890183.84,1511180975.84
2001-02-07,'000407,胜利股份,10.75,10.98,10.74,10.75,10.84,-0.09,-0.8303,0.1832,264100,2848359.9,2575579148.5,1550114073.5
2001-02-06,'000407,胜利股份,10.84,10.97,10.69,10.97,10.92,-0.08,-0.7326,0.283,408056,4392499.17,2597142136.72,1563091772.72
2001-02-05,'000407,胜利股份,10.92,11.3,10.9,11.3,11.24,-0.32,-2.847,0.2307,332700,3687888.25,2616309237.36,1574627505.36
2001-01-19,'000407,胜利股份,11.24,11.3,11.13,11.18,11.12,0.12,1.0791,0.3097,446610,5021184.18,2692977639.92,1620770435.92
2001-01-18,'000407,胜利股份,11.12,11.2,11.04,11.1,11.14,-0.02,-0.1795,0.3513,506602,5630350.27,2664226988.96,1603466836.96
2001-01-17,'000407,胜利股份,11.14,11.19,11.1,11.15,11.14,0.0,0.0,0.2409,347326,3871417.0,2669018764.12,1606350770.12
2001-01-16,'000407,胜利股份,11.14,11.15,10.9,10.99,11.04,0.1,0.9058,0.3239,467095,5175806.59,2669018764.12,1606350770.12
2001-01-15,'000407,胜利股份,11.04,11.32,11.0,11.32,11.32,-0.28,-2.4735,0.5738,827418,9207866.35,2645059888.32,1591931104.32
2001-01-12,'000407,胜利股份,11.32,11.5,11.3,11.48,11.47,-0.15,-1.3078,0.5561,801841,9102635.7,2712144740.56,1632306168.56
2001-01-11,'000407,胜利股份,11.47,11.7,11.4,11.55,11.58,-0.11,-0.9499,0.8764,1263771,14566652.08,2748083054.26,1653935667.26
2001-01-10,'000407,胜利股份,11.58,11.77,11.0,11.75,11.77,-0.19,-1.6143,1.698,2448466,28254860.78,2774437817.64,1669797299.64
2001-01-09,'000407,胜利股份,11.77,11.9,11.51,11.7,11.58,0.19,1.6408,3.5404,5105078,59760424.34,2819959681.66,1697194664.66
2001-01-08,'000407,胜利股份,11.58,11.66,10.72,11.1,11.19,0.39,3.4853,2.2283,3213191,36403456.39,2774437817.64,1669797299.64
2001-01-05,'000407,胜利股份,11.19,11.38,11.0,11.21,11.2,-0.01,-0.0893,1.2356,1781637,19935637.19,2680998202.02,1613560603.02
2001-01-04,'000407,胜利股份,11.2,11.22,10.91,10.98,10.98,0.22,2.0036,1.148,1425772,15821031.2,2683394089.6,1391040000.0
2001-01-03,'000407,胜利股份,10.98,11.05,10.85,11.0,10.93,0.05,0.4575,0.6498,807102,8823076.25,2630684562.84,1363716000.0
2001-01-02,'000407,胜利股份,10.93,10.99,10.6,10.63,10.63,0.3,2.8222,0.7553,938128,10089215.85,2618705124.94,1357506000.0
2000-12-29,'000407,胜利股份,10.63,10.82,10.58,10.8,10.8,-0.17,-1.5741,0.7061,877025,9390749.1,2546828497.54,1320246000.0
2000-12-28,'000407,胜利股份,10.8,10.83,10.69,10.73,10.74,0.06,0.5587,0.4597,571008,6127963.92,2587558586.4,1341360000.0
2000-12-27,'000407,胜利股份,10.74,10.94,10.7,10.94,10.94,-0.2,-1.8282,0.3854,478665,5162221.5,2573183260.92,1333908000.0
2000-12-26,'000407,胜利股份,10.94,11.05,10.84,11.05,10.9,0.04,0.367,0.434,538991,5890661.67,2621101012.52,1358748000.0
2000-12-25,'000407,胜利股份,10.9,11.14,10.88,11.14,11.1,-0.2,-1.8018,0.9552,1186373,13073902.45,2611517462.2,1353780000.0
2000-12-22,'000407,胜利股份,11.1,11.23,10.9,11.0,11.04,0.06,0.5435,1.1255,1397920,15503561.33,2659435213.8,1378620000.0
2000-12-21,'000407,胜利股份,11.04,11.2,10.85,10.86,10.83,0.21,1.9391,1.0124,1257441,13849360.27,2645059888.32,1371168000.0
2000-12-20,'000407,胜利股份,10.83,10.93,10.62,10.65,10.72,0.11,1.0261,0.6282,780259,8399598.9,2594746249.14,1345086000.0
2000-12-19,'000407,胜利股份,10.72,10.84,10.6,10.78,10.76,-0.04,-0.3717,0.7709,957498,10264164.2,2568391485.76,1331424000.0
2000-12-18,'000407,胜利股份,10.76,10.81,10.6,10.81,10.8,-0.04,-0.3704,0.2928,363672,3875935.7,2577975036.08,1336392000.0
2000-12-15,'000407,胜利股份,10.8,10.97,10.65,10.7,10.76,0.04,0.3717,0.3744,464970,5009291.7,2587558586.4,1341360000.0
2000-12-14,'000407,胜利股份,10.76,10.98,10.69,10.95,10.81,-0.05,-0.4625,0.4318,536286,5773586.97,2577975036.08,1336392000.0
2000-12-13,'000407,胜利股份,10.81,11.08,10.7,10.81,10.96,-0.15,-1.3686,0.5906,733532,7921551.21,2589954473.98,1342602000.0
2000-12-12,'000407,胜利股份,10.96,11.02,10.68,10.8,10.85,0.11,1.0138,0.396,491861,5331772.44,2625892787.68,1361232000.0
2000-12-11,'000407,胜利股份,10.85,11.2,10.8,11.12,11.18,-0.33,-2.9517,0.5768,716328,7820275.03,2599538024.3,1347570000.0
2000-12-08,'000407,胜利股份,11.18,11.28,11.0,11.23,11.23,-0.05,-0.4452,0.3287,408192,4552590.99,2678602314.44,1388556000.0
2000-12-07,'000407,胜利股份,11.23,11.45,11.18,11.42,11.42,-0.19,-1.6637,0.4863,604018,6814820.91,2690581752.34,1394766000.0
2000-12-06,'000407,胜利股份,11.42,11.74,11.38,11.73,11.58,-0.16,-1.3817,0.4786,594450,6845723.41,2736103616.36,1418364000.0
2000-12-05,'000407,胜利股份,11.58,11.69,11.35,11.39,11.4,0.18,1.5789,0.4982,618781,7152045.64,2774437817.64,1438236000.0
2000-12-04,'000407,胜利股份,11.4,11.45,11.2,11.43,11.43,-0.03,-0.2625,0.3267,405757,4594301.01,2731311841.2,1415880000.0
2000-12-01,'000407,胜利股份,11.43,11.45,11.16,11.21,11.16,0.27,2.4194,0.3441,427434,4850947.82,2738499503.94,1419606000.0
2000-11-30,'000407,胜利股份,11.16,11.24,11.05,11.24,11.26,-0.1,-0.8881,0.4187,520012,5804299.74,2673810539.28,1386072000.0
2000-11-29,'000407,胜利股份,11.26,11.42,11.2,11.4,11.36,-0.1,-0.8803,0.4195,520971,5871516.98,2697769415.08,1398492000.0
2000-11-28,'000407,胜利股份,11.36,11.38,11.2,11.22,11.2,0.16,1.4286,0.4794,595400,6726523.16,2721728290.88,1410912000.0
2000-11-27,'000407,胜利股份,11.2,11.28,11.02,11.06,11.31,-0.11,-0.9726,0.7462,926752,10346096.66,2683394089.6,1391040000.0
2000-11-24,'000407,胜利股份,11.31,11.88,11.28,11.86,11.78,-0.47,-3.9898,1.069,1327729,15369926.11,2709748852.98,1404702000.0
2000-11-23,'000407,胜利股份,11.78,11.95,11.7,11.83,11.81,-0.03,-0.254,0.625,776280,9132930.95,2822355569.24,1463076000.0
2000-11-22,'000407,胜利股份,11.81,11.9,11.6,11.72,11.75,0.06,0.5106,0.6309,783544,9223478.0,2829543231.98,1466802000.0
2000-11-21,'000407,胜利股份,11.75,12.09,11.71,11.82,11.82,-0.07,-0.5922,0.9243,1148032,13648131.36,2815167906.5,1459350000.0
2000-11-20,'000407,胜利股份,11.82,11.99,11.68,11.95,11.94,-0.12,-1.005,1.0452,1298147,15246920.29,2831939119.56,1468044000.0
2000-11-17,'000407,胜利股份,11.94,12.19,11.85,12.17,12.17,-0.23,-1.8899,1.514,1880328,22443826.81,2860689770.52,1482948000.0
2000-11-16,'000407,胜利股份,12.17,12.27,11.8,11.8,11.6,0.57,4.9138,5.4752,6800211,82490728.23,2915795184.86,1511514000.0
2000-11-15,'000407,胜利股份,11.6,11.68,11.2,11.3,11.27,0.33,2.9281,2.8428,3530703,40551711.39,2779229592.8,1440720000.0
2000-11-14,'000407,胜利股份,11.27,11.3,11.0,11.08,11.01,0.26,2.3615,1.4354,1782819,19946800.09,2700165302.66,1399734000.0
2000-11-13,'000407,胜利股份,11.01,11.06,10.7,10.82,10.82,0.19,1.756,1.9305,2397720,26151396.59,2637872225.58,1367442000.0
2000-11-10,'000407,胜利股份,10.82,10.96,10.78,10.93,10.85,-0.03,-0.2765,0.8069,1002223,10866659.71,2592350361.56,1343844000.0
2000-11-09,'000407,胜利股份,10.85,10.86,10.61,10.71,10.71,0.14,1.3072,1.2817,1591857,17057004.78,2599538024.3,1347570000.0
2000-11-08,'000407,胜利股份,10.71,10.92,10.6,10.92,10.89,-0.18,-1.6529,0.7921,983835,10510709.67,2565995598.18,1330182000.0
2000-11-07,'000407,胜利股份,10.89,11.1,10.79,11.1,10.99,-0.1,-0.9099,0.351,435935,4738508.41,2609121574.62,1352538000.0
2000-11-06,'000407,胜利股份,10.99,11.1,10.9,10.9,10.89,0.1,0.9183,0.3058,379856,4179750.7,2633080450.42,1364958000.0
2000-11-03,'000407,胜利股份,10.89,11.25,10.86,10.99,11.0,-0.11,-1.0,0.8008,994614,10957289.12,2609121574.62,1352538000.0
2000-11-02,'000407,胜利股份,11.0,11.28,10.98,11.09,11.09,-0.09,-0.8115,0.8567,1064040,11828254.14,2635476338.0,1366200000.0
2000-11-01,'000407,胜利股份,11.09,11.15,10.8,11.14,11.11,-0.02,-0.18,0.6102,757876,8348370.7,2657039326.22,1377378000.0
2000-10-31,'000407,胜利股份,11.11,11.27,10.8,10.81,10.81,0.3,2.7752,2.2604,2807375,31103435.15,2661831101.38,1379862000.0
2000-10-30,'000407,胜利股份,10.81,10.88,10.38,10.44,10.54,0.27,2.5617,0.9256,1149596,12261009.77,2589954473.98,1342602000.0
2000-10-27,'000407,胜利股份,10.54,10.59,10.36,10.59,10.55,-0.01,-0.0948,0.4298,533865,5574150.02,2525265509.32,1309068000.0
2000-10-26,'000407,胜利股份,10.55,10.64,10.51,10.6,10.6,-0.05,-0.4717,0.3987,495154,5235288.15,2527661396.9,1310310000.0
2000-10-25,'000407,胜利股份,10.6,10.62,10.31,10.55,10.5,0.1,0.9524,0.7081,879400,9221438.48,2539640834.8,1316520000.0
2000-10-24,'000407,胜利股份,10.5,10.63,10.4,10.62,10.61,-0.11,-1.0368,0.3576,444159,4666807.76,2515681959.0,1304100000.0
2000-10-23,'000407,胜利股份,10.61,10.63,10.3,10.42,10.37,0.24,2.3144,0.7265,902349,9442153.43,2542036722.38,1317762000.0
2000-10-20,'000407,胜利股份,10.37,10.43,10.15,10.21,10.26,0.11,1.0721,0.5319,660559,6777809.92,2484535420.46,1287954000.0
2000-10-19,'000407,胜利股份,10.26,10.41,10.15,10.4,10.4,-0.14,-1.3462,0.2532,314530,3212966.34,2458180657.08,1274292000.0
2000-10-18,'000407,胜利股份,10.4,10.5,10.0,10.26,10.26,0.14,1.3645,0.7315,908535,9239206.98,2491723083.2,1291680000.0
2000-10-17,'000407,胜利股份,10.26,10.4,10.15,10.28,10.29,-0.03,-0.2915,0.6062,752890,7693563.1,2458180657.08,1274292000.0
2000-10-16,'000407,胜利股份,10.29,10.65,10.28,10.6,10.52,-0.23,-2.1863,0.3745,465150,4808194.9,2465368319.82,1278018000.0
2000-10-13,'000407,胜利股份,10.52,10.7,10.44,10.45,10.49,0.03,0.286,0.5208,646838,6790205.5,2520473734.16,1306584000.0
2000-10-12,'000407,胜利股份,10.49,10.68,10.48,10.68,10.71,-0.22,-2.0542,0.4004,497349,5227847.64,2513286071.42,1302858000.0
2000-10-11,'000407,胜利股份,10.71,11.0,10.58,11.0,10.96,-0.25,-2.281,0.5314,659982,7068757.06,2565995598.18,1330182000.0
2000-10-10,'000407,胜利股份,10.96,11.0,10.41,10.6,10.69,0.27,2.5257,0.6453,801493,8505415.94,2625892787.68,1361232000.0
2000-10-09,'000407,胜利股份,10.69,10.94,10.25,10.69,10.69,0.0,0.0,0.519,644560,6696268.19,2561203823.02,1327698000.0
2000-09-29,'000407,胜利股份,10.69,10.8,10.56,10.69,10.69,0.0,0.0,0.1806,224336,2401879.36,2561203823.02,1327698000.0
2000-09-28,'000407,胜利股份,10.69,10.94,10.58,10.82,10.82,-0.13,-1.2015,0.222,275662,2937813.99,2561203823.02,1327698000.0
2000-09-27,'000407,胜利股份,10.82,10.83,10.67,10.76,10.66,0.16,1.5009,0.2308,286665,3077380.89,2592350361.56,1343844000.0
2000-09-26,'000407,胜利股份,10.66,10.8,10.45,10.65,10.57,0.09,0.8515,0.1884,233990,2483464.1,2554016160.28,1323972000.0
2000-09-25,'000407,胜利股份,10.57,10.98,10.56,10.8,10.9,-0.33,-3.0275,0.3237,402080,4296716.0,2532453172.06,1312794000.0
2000-09-22,'000407,胜利股份,10.9,11.3,10.88,11.3,11.3,-0.4,-3.5398,0.6476,804367,8883170.86,2611517462.2,1353780000.0
2000-09-21,'000407,胜利股份,11.3,11.57,11.29,11.46,11.46,-0.16,-1.3962,0.2602,323133,3685828.8,2707352965.4,1403460000.0
2000-09-20,'000407,胜利股份,11.46,11.68,11.28,11.5,11.38,0.08,0.703,0.3556,441686,5036696.58,2745687166.68,1423332000.0
2000-09-19,'000407,胜利股份,11.38,11.8,11.3,11.65,11.68,-0.3,-2.5685,0.5862,728080,8373486.28,2726520066.04,1413396000.0
2000-09-18,'000407,胜利股份,11.68,12.1,11.65,11.9,11.77,-0.09,-0.7647,0.3069,381204,4501785.22,2798396693.44,1450656000.0
2000-09-15,'000407,胜利股份,11.77,11.88,11.71,11.88,11.88,-0.11,-0.9259,0.3035,376981,4430574.12,2819959681.66,1461834000.0
2000-09-14,'000407,胜利股份,11.88,12.27,11.81,12.25,12.18,-0.3,-2.4631,0.4796,595659,7122206.8,2846314445.04,1475496000.0
2000-09-13,'000407,胜利股份,12.18,12.44,11.9,11.9,11.9,0.28,2.3529,1.4778,1835415,22347013.97,2918191072.44,1512756000.0
2000-09-12,'000407,胜利股份,11.9,12.03,11.6,11.9,11.83,0.07,0.5917,0.2338,290421,3438841.0,2851106220.2,1477980000.0
2000-09-11,'000407,胜利股份,11.83,12.07,11.78,11.99,11.99,-0.16,-1.3344,0.3733,463627,5528601.47,2834335007.14,1469286000.0
2000-09-08,'000407,胜利股份,11.99,12.1,11.47,11.58,11.53,0.46,3.9896,0.996,1237068,14618243.13,2872669208.42,1489158000.0
2000-09-07,'000407,胜利股份,11.53,11.88,11.42,11.42,11.46,0.07,0.6108,0.5726,711201,8231022.41,2762458379.74,1432026000.0
2000-09-06,'000407,胜利股份,11.46,12.05,11.44,12.0,12.0,-0.54,-4.5,0.5312,659800,7697913.52,2745687166.68,1423332000.0
2000-09-05,'000407,胜利股份,12.0,12.29,11.95,12.25,12.24,-0.24,-1.9608,0.4731,587580,7116611.98,2875065096.0,1490400000.0
2000-09-04,'000407,胜利股份,12.24,12.3,12.13,12.15,12.14,0.1,0.8237,0.2779,345202,4213240.4,2932566397.92,1520208000.0
2000-09-01,'000407,胜利股份,12.14,12.33,12.05,12.05,12.07,0.07,0.58,0.4824,599153,7298882.0,2908607522.12,1507788000.0
2000-08-31,'000407,胜利股份,12.07,12.4,12.0,12.3,12.38,-0.31,-2.504,0.9702,1204975,14651512.43,2891836309.06,1499094000.0
2000-08-30,'000407,胜利股份,12.38,12.79,12.37,12.65,12.62,-0.24,-1.9017,0.6071,754022,9414935.64,2966108824.04,1537596000.0
2000-08-29,'000407,胜利股份,12.62,12.68,12.4,12.6,12.59,0.03,0.2383,0.8925,1108535,13907834.26,3023610125.96,1567404000.0
2000-08-28,'000407,胜利股份,12.59,12.7,12.35,12.67,12.67,-0.08,-0.6314,1.2334,1531937,19115695.48,3016422463.22,1563678000.0
2000-08-25,'000407,胜利股份,12.67,12.72,12.45,12.45,12.48,0.19,1.5224,0.4571,567716,7163327.88,3035589563.86,1573614000.0
2000-08-24,'000407,胜利股份,12.48,12.72,12.35,12.7,12.68,-0.2,-1.5773,0.8706,1081254,13566183.93,2990067699.84,1550016000.0
2000-08-23,'000407,胜利股份,12.68,12.89,12.02,12.82,12.99,-0.31,-2.3865,1.4244,1769086,22135742.95,3037985451.44,1574856000.0
2000-08-22,'000407,胜利股份,12.99,13.4,12.98,13.14,13.14,-0.15,-1.1416,1.3459,1671660,21984192.7,3112257966.42,1613358000.0
2000-08-21,'000407,胜利股份,13.14,13.25,13.06,13.2,13.17,-0.03,-0.2278,1.0358,1286442,16882728.93,3148196280.12,1631988000.0
2000-08-18,'000407,胜利股份,13.17,13.41,13.1,13.24,13.24,-0.07,-0.5287,1.4781,1835747,24305690.47,3155383942.86,1635714000.0
2000-08-17,'000407,胜利股份,13.24,13.49,13.15,13.35,13.23,0.01,0.0756,2.1509,2671425,35559920.98,3172155155.92,1644408000.0
2000-08-16,'000407,胜利股份,13.23,13.5,12.68,12.7,12.65,0.58,4.585,4.3776,5436976,71897028.84,3169759268.34,1643166000.0
2000-08-15,'000407,胜利股份,12.65,12.93,12.53,12.93,12.93,-0.28,-2.1655,1.5719,1952293,24870293.5,3030797788.7,1571130000.0
2000-08-14,'000407,胜利股份,12.93,12.99,12.45,12.55,12.45,0.48,3.8554,2.6478,3288555,41928507.34,3097882640.94,1605906000.0
2000-08-11,'000407,胜利股份,12.45,12.45,12.12,12.25,12.19,0.26,2.1329,1.0188,1265381,15597008.43,2982880037.1,1546290000.0
2000-08-10,'000407,胜利股份,12.19,12.46,12.1,12.4,12.37,-0.18,-1.4551,0.8548,1061604,12921855.62,2920586960.02,1513998000.0
2000-08-09,'000407,胜利股份,12.37,12.47,12.11,12.2,12.17,0.2,1.6434,1.0568,1312514,16178990.92,2963712936.46,1536354000.0
2000-08-08,'000407,胜利股份,12.17,12.24,12.06,12.2,12.08,0.09,0.745,0.6354,789186,9573375.49,2915795184.86,1511514000.0
2000-08-07,'000407,胜利股份,12.08,12.24,12.03,12.15,12.17,-0.09,-0.7395,0.6647,825513,9987568.84,2894232196.64,1500336000.0
2000-08-04,'000407,胜利股份,12.17,12.3,12.11,12.3,12.3,-0.13,-1.0569,0.6732,836154,10168059.25,2915795184.86,1511514000.0
2000-08-03,'000407,胜利股份,12.3,12.5,12.26,12.5,12.4,-0.1,-0.8065,0.6943,862284,10616886.51,2946941723.4,1527660000.0
2000-08-02,'000407,胜利股份,12.4,12.45,12.17,12.31,12.25,0.15,1.2245,0.796,988673,12191851.1,2970900599.2,1540080000.0
2000-08-01,'000407,胜利股份,12.25,12.48,12.15,12.16,12.15,0.1,0.823,0.7852,975161,11986028.21,2934962285.5,1521450000.0
2000-07-31,'000407,胜利股份,12.15,12.2,12.0,12.16,12.15,0.0,0.0,0.8242,1023703,12360374.87,2911003409.7,1509030000.0
2000-07-28,'000407,胜利股份,12.15,12.4,12.08,12.4,12.28,-0.13,-1.0586,0.8128,1009540,12263912.11,2911003409.7,1509030000.0
2000-07-27,'000407,胜利股份,12.28,12.5,12.19,12.27,12.2,0.08,0.6557,0.6675,829030,10245388.13,2942149948.24,1525176000.0
2000-07-26,'000407,胜利股份,12.2,12.2,12.0,12.1,12.08,0.12,0.9934,0.8451,1049626,12683790.86,2922982847.6,1515240000.0
2000-07-25,'000407,胜利股份,12.08,12.2,12.0,12.2,12.14,-0.06,-0.4942,1.1377,1412969,17071195.13,2894232196.64,1500336000.0
2000-07-24,'000407,胜利股份,12.14,12.35,12.08,12.35,12.28,-0.14,-1.1401,0.7754,963052,11685043.94,2908607522.12,1507788000.0
2000-07-21,'000407,胜利股份,12.28,12.53,12.2,12.4,12.41,-0.13,-1.0475,0.7218,896482,11014367.39,2942149948.24,1525176000.0
2000-07-20,'000407,胜利股份,12.41,12.6,12.36,12.37,12.38,0.03,0.2423,0.4345,539625,6703115.35,2973296486.78,1541322000.0
2000-07-19,'000407,胜利股份,12.38,12.6,12.3,12.36,12.36,0.02,0.1618,0.5099,633298,7842800.46,2966108824.04,1537596000.0
2000-07-18,'000407,胜利股份,12.36,12.55,12.3,12.55,12.55,-0.19,-1.5139,0.5739,712770,8813140.08,2961317048.88,1535112000.0
2000-07-17,'000407,胜利股份,12.55,12.8,12.48,12.73,12.7,-0.15,-1.1811,0.7588,942420,11903380.0,3006838912.9,1558710000.0
2000-07-14,'000407,胜利股份,12.7,12.77,12.15,12.3,12.2,0.5,4.0984,1.432,1778597,22147944.0,3042777226.6,1577340000.0
2000-07-13,'000407,胜利股份,12.2,12.5,12.1,12.3,12.31,-0.11,-0.8936,0.679,843336,10369409.0,2922982847.6,1515240000.0
2000-07-12,'000407,胜利股份,12.31,12.46,12.26,12.46,12.46,-0.15,-1.2039,0.7719,958700,11816281.28,2949337610.98,1528902000.0
2000-07-11,'000407,胜利股份,12.46,12.7,12.3,12.7,12.49,-0.03,-0.2402,0.577,716631,8893119.48,2985275924.68,1547532000.0
2000-07-10,'000407,胜利股份,12.49,12.72,12.3,12.5,12.35,0.14,1.1336,0.8017,995690,12415680.51,2992463587.42,1551258000.0
2000-07-07,'000407,胜利股份,12.35,12.56,12.12,12.12,12.11,0.24,1.9818,0.5544,688572,8501780.51,2958921161.3,1533870000.0
2000-07-06,'000407,胜利股份,12.11,12.21,12.07,12.2,12.21,-0.1,-0.819,0.6826,847761,10275730.52,2901419859.38,1504062000.0
2000-07-05,'000407,胜利股份,12.21,12.49,12.1,12.49,12.22,-0.01,-0.0818,0.5123,636268,7782957.08,2925378735.18,1516482000.0
2000-07-04,'000407,胜利股份,12.22,12.38,11.98,12.0,12.11,0.11,0.9083,0.5754,714682,8730177.57,2927774622.76,1517724000.0
2000-07-03,'000407,胜利股份,12.11,12.56,12.1,12.56,12.61,-0.5,-3.9651,0.8683,1078380,13240039.56,2901419859.38,1504062000.0
2000-06-30,'000407,胜利股份,12.61,12.88,12.6,12.65,12.57,0.04,0.3182,0.7159,889136,11260890.72,3021214238.38,1566162000.0
2000-06-29,'000407,胜利股份,12.57,13.1,12.5,12.96,13.02,-0.45,-3.4562,1.4611,1814651,23021554.84,3011630688.06,1561194000.0
2000-06-28,'000407,胜利股份,13.02,13.5,13.0,13.3,13.24,-0.22,-1.6616,1.1981,1488085,19589892.77,3119445629.16,1617084000.0
2000-06-27,'000407,胜利股份,13.24,13.51,13.1,13.28,13.22,0.02,0.1513,1.8157,2255066,30121813.36,3172155155.92,1644408000.0
2000-06-26,'000407,胜利股份,13.22,13.3,12.8,12.8,12.75,0.47,3.6863,1.9512,2423432,31821042.49,3167363380.76,1641924000.0
2000-06-23,'000407,胜利股份,12.75,12.95,12.7,12.9,12.88,-0.13,-1.0093,0.946,1174935,15016147.37,3054756664.5,1583550000.0
2000-06-22,'000407,胜利股份,12.88,12.99,12.41,12.6,12.54,0.34,2.7113,1.7112,2125278,27100921.62,3085903203.04,1599696000.0
2000-06-21,'000407,胜利股份,12.54,12.58,12.08,12.4,12.34,0.2,1.6207,0.9011,1119159,13763840.46,3004443025.32,1557468000.0
2000-06-20,'000407,胜利股份,12.34,12.6,12.21,12.44,12.44,-0.1,-0.8039,1.0613,1318149,16445222.0,2956525273.72,1532628000.0
2000-06-19,'000407,胜利股份,12.44,12.45,11.8,12.15,12.15,0.29,2.3868,1.3125,1630120,19644271.0,2980484149.52,1545048000.0
2000-06-16,'000407,胜利股份,12.15,12.46,12.06,12.4,12.35,-0.2,-1.6194,2.2008,2733441,33343163.31,2911003409.7,1509030000.0
2000-06-15,'000407,胜利股份,12.36,12.66,12.3,12.6,12.6,-0.24,-1.9048,1.4955,1857445,23028538.18,2961317048.88,1535112000.0
2000-06-14,'000407,胜利股份,12.6,12.88,12.25,12.81,12.69,-0.09,-0.7092,2.6206,3254765,40541042.78,3018818350.8,1564920000.0
2000-06-13,'000407,胜利股份,12.69,12.88,12.6,12.88,12.63,0.06,0.4751,1.0494,1303365,16540225.09,3040381339.02,1576098000.0
2000-06-12,'000407,胜利股份,12.63,12.95,12.51,12.89,12.89,-0.26,-2.0171,1.356,1684120,21439022.39,3026006013.54,1568646000.0
2000-06-09,'000407,胜利股份,12.89,13.18,12.8,12.88,12.94,-0.05,-0.3864,0.9364,1162956,15084011.08,3088299090.62,1600938000.0
2000-06-08,'000407,胜利股份,12.94,13.07,12.86,13.05,13.09,-0.15,-1.1459,0.9944,1235076,15944415.44,3100278528.52,1607148000.0
2000-06-07,'000407,胜利股份,13.09,13.47,12.8,13.3,13.28,-0.19,-1.4307,1.4923,1853400,24153410.2,3136216842.22,1625778000.0
2000-06-06,'000407,胜利股份,13.28,13.48,12.66,12.75,12.78,0.5,3.9124,2.1547,2676117,34638548.42,3181738706.24,1649376000.0
2000-06-05,'000407,胜利股份,12.78,13.45,12.6,13.25,13.18,-0.4,-3.0349,3.4246,4253293,54803261.33,3061944327.24,1587276000.0
2000-06-02,'000407,胜利股份,13.18,13.6,13.0,13.58,13.58,-0.4,-2.9455,2.7323,3393550,44812439.11,3157779830.44,1636956000.0
2000-06-01,'000407,胜利股份,13.58,13.87,13.28,13.41,13.51,0.07,0.5181,2.0026,2487178,33579947.76,3253615333.64,1686636000.0
2000-05-31,'000407,胜利股份,13.51,14.45,13.2,14.4,14.46,-0.95,-6.5698,3.0569,3796662,52168772.32,3236844120.58,1677942000.0
2000-05-30,'000407,胜利股份,0.0,0.0,0.0,0.0,14.46,None,None,0.0,0,0.0,3464453440.68,1795932000.0
2000-05-29,'000407,胜利股份,14.46,14.95,14.1,14.3,14.05,0.41,2.9181,5.0321,6249886,91116396.62,3464453440.68,1795932000.0
2000-05-26,'000407,胜利股份,14.05,14.28,13.58,13.8,13.74,0.31,2.2562,2.9176,3623651,50540300.48,3366222049.9,1745010000.0
2000-05-25,'000407,胜利股份,13.74,14.1,13.58,13.9,13.83,-0.09,-0.6508,2.1971,2728790,37671524.96,3291949534.92,1706508000.0
2000-05-24,'000407,胜利股份,13.83,14.3,13.79,14.15,14.15,-0.32,-2.2615,2.4396,3029988,42592373.88,3313512523.14,1717686000.0
2000-05-23,'000407,胜利股份,14.15,14.35,13.82,13.98,13.9,0.25,1.7986,2.5374,3151406,44357379.98,3390180925.7,1757430000.0
2000-05-22,'000407,胜利股份,13.9,14.25,13.69,13.81,13.69,0.21,1.534,2.5509,3168253,44375770.16,3330283736.2,1726380000.0
2000-05-19,'000407,胜利股份,13.69,13.85,13.0,13.25,13.25,0.44,3.3208,2.7752,3446783,46136326.5,3279970097.02,1700298000.0
2000-05-18,'000407,胜利股份,13.25,13.28,12.85,13.12,13.12,0.13,0.9909,1.6411,2038246,26577514.48,3174551043.5,1645650000.0
2000-05-17,'000407,胜利股份,13.12,13.52,12.95,13.5,13.35,-0.23,-1.7228,1.3909,1727517,23069609.55,3143404504.96,1629504000.0
2000-05-16,'000407,胜利股份,13.35,13.48,13.19,13.28,13.22,0.13,0.9834,1.1542,1433460,19100073.23,3198509919.3,1658070000.0
2000-05-15,'000407,胜利股份,13.22,13.49,13.07,13.07,13.06,0.16,1.2251,1.0586,1314762,17437493.88,3167363380.76,1641924000.0
2000-05-12,'000407,胜利股份,13.06,13.65,13.0,13.22,13.16,-0.1,-0.7599,1.4272,1772536,23606524.82,3129029179.48,1622052000.0
2000-05-11,'000407,胜利股份,13.16,13.5,12.81,13.1,13.15,0.01,0.076,1.5425,1915758,25071156.66,3152988055.28,1634472000.0
2000-05-10,'000407,胜利股份,13.15,13.9,13.1,13.9,13.98,-0.83,-5.9371,2.097,2604424,34843505.14,3150592167.7,1633230000.0
2000-05-09,'000407,胜利股份,13.98,14.7,13.88,14.61,14.56,-0.58,-3.9835,3.8996,4843340,68970868.66,3349450836.84,1736316000.0
2000-05-08,'000407,胜利股份,14.56,14.61,13.85,13.85,13.65,0.91,6.6667,5.2605,6533513,93162880.07,3488412316.48,1808352000.0
2000-04-28,'000407,胜利股份,13.65,13.8,12.8,12.9,13.02,0.63,4.8387,6.0685,7537115,102082208.28,3270386546.7,1695330000.0
2000-04-27,'000407,胜利股份,13.02,13.83,13.0,13.49,13.49,-0.47,-3.4841,4.1634,5170968,69160631.91,3119445629.16,1617084000.0
2000-04-26,'000407,胜利股份,13.49,14.1,12.9,12.98,12.86,0.63,4.8989,12.1903,15140369,205805460.3,3232052345.42,1675458000.0
2000-04-25,'000407,胜利股份,12.86,12.86,11.7,11.7,11.69,1.17,10.0086,5.4471,6765272,83484486.79,3081111427.88,1597212000.0
2000-04-24,'000407,胜利股份,11.69,11.95,11.35,11.54,11.54,0.15,1.2998,1.3722,1704247,19950581.06,2800792581.02,1451898000.0
2000-04-21,'000407,胜利股份,11.54,11.96,11.45,11.89,11.79,-0.25,-2.1204,0.5892,731780,8565154.34,2764854267.32,1433268000.0
2000-04-20,'000407,胜利股份,11.79,12.1,11.77,12.0,11.98,-0.19,-1.586,1.6436,2041300,24302156.0,2824751456.82,1464318000.0
2000-04-19,'000407,胜利股份,11.98,12.2,11.4,11.55,11.55,0.43,3.7229,1.967,2443022,28974219.99,2870273320.84,1487916000.0
2000-04-18,'000407,胜利股份,11.55,11.7,11.24,11.4,11.53,0.02,0.1735,1.2135,1507223,17288068.14,2767250154.9,1434510000.0
2000-04-17,'000407,胜利股份,11.53,11.9,11.11,11.9,11.95,-0.42,-3.5146,3.1436,3904369,44504011.82,2762458379.74,1432026000.0
2000-04-14,'000407,胜利股份,11.95,12.35,11.9,12.31,12.31,-0.36,-2.9245,1.7801,2210924,26685547.77,2863085658.1,1484190000.0
2000-04-13,'000407,胜利股份,12.31,12.56,12.13,12.4,12.3,0.01,0.0813,2.2495,2793899,34364251.19,2949337610.98,1528902000.0
2000-04-12,'000407,胜利股份,12.3,12.39,11.8,11.82,11.82,0.48,4.0609,3.8826,4822169,58713126.32,2946941723.4,1527660000.0
2000-04-11,'000407,胜利股份,11.82,11.86,11.6,11.85,11.86,-0.04,-0.3373,1.5755,1956761,23006086.78,2831939119.56,1468044000.0
2000-04-10,'000407,胜利股份,11.86,12.1,11.51,12.0,12.0,-0.14,-1.1667,3.2484,4034532,47038983.59,2841522669.88,1473012000.0
2000-04-07,'000407,胜利股份,12.0,12.38,11.87,12.3,12.29,-0.29,-2.3596,3.2155,3993707,47943360.62,2875065096.0,1490400000.0
2000-04-06,'000407,胜利股份,12.29,12.39,11.7,11.9,11.89,0.4,3.3642,3.7255,4627120,56171429.8,2944545835.82,1526418000.0
2000-04-05,'000407,胜利股份,11.89,12.49,11.5,12.0,12.6,-0.71,-5.6349,5.3754,6676247,80071568.0,2848710332.62,1476738000.0
2000-04-04,'000407,胜利股份,12.6,13.8,12.6,13.8,14.0,-1.4,-10.0,3.2068,3982809,51281560.0,3018818350.8,1564920000.0
2000-04-03,'000407,胜利股份,0.0,0.0,0.0,0.0,14.0,None,None,0.0,0,0.0,3354242612.0,1738800000.0
2000-03-31,'000407,胜利股份,0.0,0.0,0.0,0.0,14.0,None,None,0.0,0,0.0,3354242612.0,1738800000.0
2000-03-30,'000407,胜利股份,14.0,14.45,13.8,14.3,14.18,-0.18,-1.2694,3.6312,4509969,63605781.0,3354242612.0,1738800000.0
2000-03-29,'000407,胜利股份,14.18,14.59,13.8,14.31,14.18,0.0,0.0,5.8204,7228941,103030693.0,3397368588.44,1761156000.0
2000-03-28,'000407,胜利股份,14.18,15.0,13.5,14.0,13.72,0.46,3.3528,6.7632,8399939,119963958.0,3397368588.44,1761156000.0
2000-03-27,'000407,胜利股份,13.72,14.3,13.33,13.6,13.5,0.22,1.6296,5.9046,7333514,100884205.0,3287157759.76,1704024000.0
2000-03-24,'000407,胜利股份,13.5,14.7,13.48,14.65,14.9,-1.4,-9.396,5.9402,7377751,104953932.0,3234448233.0,1676700000.0
2000-03-23,'000407,胜利股份,14.9,15.15,14.1,14.98,14.79,0.11,0.7437,8.17,10147176,147013702.0,3569872494.2,1850580000.0
2000-03-22,'000407,胜利股份,14.79,14.9,13.6,14.55,14.55,0.24,1.6495,9.6928,12038417,171113274.0,3543517730.82,1836918000.0
2000-03-21,'000407,胜利股份,14.55,15.68,14.5,15.0,15.2,-0.65,-4.2763,11.2215,13937059,209754253.0,3486016428.9,1807110000.0
2000-03-20,'000407,胜利股份,15.2,15.99,14.02,14.49,14.77,0.43,2.9113,11.6877,12096768,179813674.0,3310560000.0,1573200000.0
2000-03-17,'000407,胜利股份,14.77,16.19,14.5,15.49,15.39,-0.62,-4.0286,12.1512,12576523,189336224.0,3216906000.0,1528695000.0
2000-03-16,'000407,胜利股份,15.39,16.58,14.0,15.0,15.1,0.29,1.9205,15.3371,15873892,247861576.0,3351942000.0,1592865000.0
2000-03-15,'000407,胜利股份,0.0,0.0,0.0,0.0,15.1,None,None,0.0,0,0.0,3288780000.0,1562850000.0
2000-03-14,'000407,胜利股份,0.0,0.0,0.0,0.0,15.1,None,None,0.0,0,0.0,3288780000.0,1562850000.0
2000-03-13,'000407,胜利股份,15.1,15.1,14.06,14.1,13.73,1.37,9.9782,11.8957,12312016,184882861.0,3288780000.0,1562850000.0
2000-03-10,'000407,胜利股份,13.73,13.73,12.51,12.51,12.48,1.25,10.016,13.6852,14164202,190789203.0,2990394000.0,1421055000.0
2000-03-09,'000407,胜利股份,12.48,13.5,12.4,13.3,13.01,-0.53,-4.0738,6.5733,6803322,88534929.0,2718144000.0,1291680000.0
2000-03-08,'000407,胜利股份,13.01,13.37,12.25,13.0,12.88,0.13,1.0093,7.3704,7628356,98549428.0,2833578000.0,1346535000.0
2000-03-07,'000407,胜利股份,12.88,13.0,11.5,12.4,12.54,0.34,2.7113,10.5005,10868037,135783515.0,2805264000.0,1333080000.0
2000-03-06,'000407,胜利股份,12.54,12.54,11.67,11.67,11.4,1.14,10.0,18.0642,18696491,232481952.0,2731212000.0,1297890000.0
2000-03-03,'000407,胜利股份,11.4,12.2,11.25,11.45,11.1,0.3,2.7027,3.1744,3285487,37916049.0,2482920000.0,1179900000.0
2000-03-02,'000407,胜利股份,11.1,11.36,10.81,11.1,11.11,-0.01,-0.09,2.5523,2641612,29217946.0,2417580000.0,1148850000.0
2000-03-01,'000407,胜利股份,11.11,11.45,11.0,11.18,11.17,-0.06,-0.5372,3.3878,3506412,39366293.0,2419758000.0,1149885000.0
2000-02-29,'000407,胜利股份,11.17,11.8,10.66,11.68,11.51,-0.34,-2.954,5.5031,5695704,63649863.0,2432826000.0,1156095000.0
2000-02-28,'000407,胜利股份,11.51,11.82,10.6,10.76,10.76,0.75,6.9703,7.9336,8211300,93358008.0,2506878000.0,1191285000.0
2000-02-25,'000407,胜利股份,10.76,10.83,10.05,10.47,10.38,0.38,3.6609,6.5841,6814588,71787913.46,2343528000.0,1113660000.0
2000-02-24,'000407,胜利股份,10.38,10.59,9.78,10.2,10.13,0.25,2.4679,3.4349,3555088,36056318.0,2260764000.0,1074330000.0
2000-02-23,'000407,胜利股份,10.13,10.98,10.13,10.92,11.25,-1.12,-9.9556,7.0663,7313570,75660482.0,2206314000.0,1048455000.0
2000-02-22,'000407,胜利股份,11.25,12.5,11.25,12.48,12.5,-1.25,-10.0,8.8951,9206377,109717360.0,2450250000.0,1164375000.0
2000-02-21,'000407,胜利股份,12.5,12.51,11.42,12.0,11.92,0.58,4.8658,17.7004,18319956,219747328.0,2722500000.0,1293750000.0
2000-02-18,'000407,胜利股份,11.92,12.35,10.61,11.59,11.68,0.24,2.0548,14.6262,15138126,174721446.0,2596176000.0,1233720000.0
2000-02-17,'000407,胜利股份,11.68,11.68,10.5,11.68,10.62,1.06,9.9812,23.9104,24747263,283451438.37,2543904000.0,1208880000.0
2000-02-16,'000407,胜利股份,10.62,10.62,9.6,9.65,9.65,0.97,10.0518,12.4862,12923182,135851296.99,2313036000.0,1099170000.0
2000-02-15,'000407,胜利股份,9.65,9.91,9.21,9.29,9.01,0.64,7.1032,11.9476,12365744,120077484.4,2101770000.0,998775000.0
2000-02-14,'000407,胜利股份,9.01,9.01,8.4,8.65,8.21,0.8,9.7442,6.9128,7154785,63735430.14,1962378000.0,932535000.0
2000-01-28,'000407,胜利股份,8.21,8.68,8.15,8.35,8.12,0.09,1.1084,1.8395,1903878,15728856.02,1788138000.0,849735000.0
2000-01-27,'000407,胜利股份,8.12,8.25,8.08,8.18,8.2,-0.08,-0.9756,2.2013,2278330,18503900.14,1768536000.0,840420000.0
2000-01-26,'000407,胜利股份,8.2,8.34,8.14,8.3,8.25,-0.05,-0.6061,0.9848,1019223,8372120.29,1785960000.0,848700000.0
2000-01-25,'000407,胜利股份,8.25,8.5,8.06,8.2,8.23,0.02,0.243,1.9895,2059090,16989745.11,1796850000.0,853875000.0
2000-01-24,'000407,胜利股份,8.23,8.3,8.0,8.1,8.31,-0.08,-0.9627,3.2053,3317508,26813338.74,1792494000.0,851805000.0
2000-01-21,'000407,胜利股份,8.31,8.7,8.26,8.45,8.41,-0.1,-1.1891,2.0918,2165036,18193342.37,1809918000.0,860085000.0
2000-01-20,'000407,胜利股份,8.41,8.75,8.36,8.55,8.6,-0.19,-2.2093,1.3057,1351367,11432239.92,1831698000.0,870435000.0
2000-01-19,'000407,胜利股份,8.6,8.76,8.37,8.5,8.47,0.13,1.5348,1.5112,1564095,13401205.76,1873080000.0,890100000.0
2000-01-18,'000407,胜利股份,8.47,8.55,8.2,8.25,8.19,0.28,3.4188,2.0869,2159918,18248278.92,1844766000.0,876645000.0
2000-01-17,'000407,胜利股份,8.19,8.26,8.06,8.17,8.17,0.02,0.2448,0.8048,832993,6772513.05,1783782000.0,847665000.0
2000-01-14,'000407,胜利股份,8.17,8.18,8.04,8.05,8.09,0.08,0.9889,0.7467,772847,6265172.34,1779426000.0,845595000.0
2000-01-13,'000407,胜利股份,8.09,8.4,8.01,8.3,8.23,-0.14,-1.7011,1.4345,1484687,12177210.06,1762002000.0,837315000.0
2000-01-12,'000407,胜利股份,8.23,8.75,8.14,8.69,8.69,-0.46,-5.2934,2.0125,2082958,17378620.92,1792494000.0,851805000.0
2000-01-11,'000407,胜利股份,8.69,9.08,8.6,8.96,8.95,-0.26,-2.905,2.9792,3083442,27118458.75,1892682000.0,899415000.0
2000-01-10,'000407,胜利股份,8.95,9.16,8.6,9.0,8.97,-0.02,-0.223,4.4493,4604999,40621101.03,1949310000.0,926325000.0
2000-01-07,'000407,胜利股份,8.97,9.17,8.76,9.08,9.07,-0.1,-1.1025,8.4618,8757956,78240948.83,1953666000.0,928395000.0
2000-01-06,'000407,胜利股份,9.07,9.17,8.5,8.6,8.34,0.73,8.753,9.2624,9586584,86226861.96,1975446000.0,938745000.0
2000-01-05,'000407,胜利股份,8.34,8.83,8.1,8.1,8.1,0.24,2.963,1.9435,2011493,17166247.68,1816452000.0,863190000.0
2000-01-04,'000407,胜利股份,8.1,8.12,7.85,7.9,7.96,0.14,1.7588,0.5049,522525,4197306.17,1764180000.0,838350000.0
1999-12-30,'000407,胜利股份,7.96,7.98,7.68,7.68,7.69,0.27,3.5111,0.2217,229500,1807264.15,1733688000.0,823860000.0
1999-12-29,'000407,胜利股份,7.69,7.79,7.66,7.71,7.79,-0.1,-1.2837,0.1691,175057,1347346.82,1674882000.0,795915000.0
1999-12-28,'000407,胜利股份,7.79,7.94,7.73,7.94,7.96,-0.17,-2.1357,0.1624,168123,1309832.29,1696662000.0,806265000.0
1999-12-27,'000407,胜利股份,7.96,7.98,7.6,7.92,7.96,0.0,0.0,0.596,616878,4809730.15,1733688000.0,823860000.0
1999-12-24,'000407,胜利股份,7.96,8.04,7.79,8.0,8.0,-0.04,-0.5,0.9819,1016300,8126159.0,1733688000.0,823860000.0
1999-12-23,'000407,胜利股份,8.0,8.1,8.0,8.1,8.05,-0.05,-0.6211,0.658,681031,5450542.0,1742400000.0,828000000.0
1999-12-22,'000407,胜利股份,8.05,8.05,7.98,8.01,8.05,0.0,0.0,0.4914,508589,4076252.11,1753290000.0,833175000.0
1999-12-21,'000407,胜利股份,8.05,8.05,7.99,8.04,8.08,-0.03,-0.3713,0.8233,852087,6822191.28,1753290000.0,833175000.0
1999-12-17,'000407,胜利股份,8.08,8.08,7.98,8.03,8.05,0.03,0.3727,0.6257,647634,5188885.2,1759824000.0,836280000.0
1999-12-16,'000407,胜利股份,8.05,8.06,7.89,8.0,8.01,0.04,0.4994,0.5362,554937,4426286.59,1753290000.0,833175000.0
1999-12-15,'000407,胜利股份,8.01,8.02,7.75,8.0,7.81,0.2,2.5608,0.5993,620304,4939744.21,1744578000.0,829035000.0
1999-12-14,'000407,胜利股份,7.81,7.95,7.66,7.78,7.79,0.02,0.2567,0.2648,274075,2137375.1,1701018000.0,808335000.0
1999-12-13,'000407,胜利股份,7.79,8.0,7.58,8.0,7.65,0.14,1.8301,0.4763,492972,3777793.21,1696662000.0,806265000.0
1999-12-10,'000407,胜利股份,7.65,7.76,7.52,7.67,7.69,-0.04,-0.5202,0.229,236989,1812971.54,1666170000.0,791775000.0
1999-12-09,'000407,胜利股份,7.69,7.95,7.66,7.95,7.82,-0.13,-1.6624,0.2246,232418,1805160.38,1674882000.0,795915000.0
1999-12-08,'000407,胜利股份,7.82,7.95,7.82,7.88,7.89,-0.07,-0.8872,0.2022,209250,1646620.0,1703196000.0,809370000.0
1999-12-07,'000407,胜利股份,7.89,8.0,7.86,7.9,7.89,0.0,0.0,0.1459,151025,1193961.22,1718442000.0,816615000.0
1999-12-06,'000407,胜利股份,7.89,8.0,7.88,7.98,7.98,-0.09,-1.1278,0.3151,326100,2583795.0,1718442000.0,816615000.0
1999-12-03,'000407,胜利股份,7.98,8.15,7.95,8.12,8.08,-0.1,-1.2376,0.4362,451456,3622583.22,1738044000.0,825930000.0
1999-12-02,'000407,胜利股份,8.08,8.3,8.05,8.18,8.16,-0.08,-0.9804,0.7838,811283,6620985.31,1759824000.0,836280000.0
1999-12-01,'000407,胜利股份,8.16,8.26,7.89,7.89,7.84,0.32,4.0816,1.4199,1469588,11967410.73,1777248000.0,844560000.0
1999-11-30,'000407,胜利股份,7.84,7.89,7.62,7.89,7.73,0.11,1.423,0.2052,212332,1659181.85,1707552000.0,811440000.0
1999-11-29,'000407,胜利股份,7.73,7.8,7.7,7.76,7.76,-0.03,-0.3866,0.168,173911,1345390.96,1683594000.0,800055000.0
1999-11-26,'000407,胜利股份,7.76,7.99,7.7,7.91,7.93,-0.17,-2.1438,0.3391,351000,2746970.4,1690128000.0,803160000.0
1999-11-25,'000407,胜利股份,7.93,8.0,7.81,7.99,8.0,-0.07,-0.875,0.5672,587064,4662232.74,1727154000.0,820755000.0
1999-11-24,'000407,胜利股份,8.0,8.05,7.79,7.82,7.82,0.18,2.3018,0.7614,788031,6248263.9,1742400000.0,828000000.0
1999-11-23,'000407,胜利股份,7.82,7.82,7.7,7.8,7.78,0.04,0.5141,0.3889,402495,3129596.42,1703196000.0,809370000.0
1999-11-22,'000407,胜利股份,7.78,7.8,7.53,7.65,7.65,0.13,1.6993,0.4155,430052,3315867.3,1694484000.0,805230000.0
1999-11-19,'000407,胜利股份,7.65,7.7,7.5,7.68,7.65,0.0,0.0,0.3296,341166,2585757.86,1666170000.0,791775000.0
1999-11-18,'000407,胜利股份,7.65,7.72,7.2,7.31,7.29,0.36,4.9383,0.6094,630748,4761762.6,1666170000.0,791775000.0
1999-11-17,'000407,胜利股份,7.29,7.32,7.08,7.24,7.24,0.05,0.6906,0.319,330130,2367995.54,1587762000.0,754515000.0
1999-11-16,'000407,胜利股份,7.24,7.34,7.18,7.2,7.24,0.0,0.0,0.2613,270421,1955119.53,1576872000.0,749340000.0
1999-11-15,'000407,胜利股份,7.24,7.35,7.16,7.35,7.32,-0.08,-1.0929,0.1928,199590,1443883.6,1576872000.0,749340000.0
1999-11-12,'000407,胜利股份,7.32,7.48,7.28,7.48,7.36,-0.04,-0.5435,0.2355,243700,1790534.55,1594296000.0,757620000.0
1999-11-11,'000407,胜利股份,7.36,7.55,7.35,7.51,7.6,-0.24,-3.1579,0.3401,352050,2611816.57,1603008000.0,761760000.0
1999-11-10,'000407,胜利股份,7.6,7.7,7.45,7.65,7.6,0.0,0.0,0.4556,471587,3550613.37,1655280000.0,786600000.0
1999-11-09,'000407,胜利股份,7.6,7.89,7.6,7.7,7.71,-0.11,-1.4267,0.2372,245532,1886428.9,1655280000.0,786600000.0
1999-11-08,'000407,胜利股份,7.71,7.76,7.7,7.7,7.7,0.01,0.1299,0.1757,181800,1402679.0,1679238000.0,797985000.0
1999-11-05,'000407,胜利股份,7.7,7.85,7.7,7.75,7.79,-0.09,-1.1553,0.1702,176150,1366845.5,1677060000.0,796950000.0
1999-11-04,'000407,胜利股份,7.79,7.86,7.69,7.75,7.8,-0.01,-0.1282,0.2263,234200,1822000.0,1696662000.0,806265000.0
1999-11-03,'000407,胜利股份,7.8,7.86,7.77,7.86,7.85,-0.05,-0.6369,0.3289,340441,2657068.18,1698840000.0,807300000.0
1999-11-02,'000407,胜利股份,7.85,7.95,7.79,7.8,7.87,-0.02,-0.2541,0.2736,283164,2225042.3,1709730000.0,812475000.0
1999-11-01,'000407,胜利股份,7.87,7.95,7.81,7.88,7.96,-0.09,-1.1307,0.354,366350,2890076.78,1714086000.0,814545000.0
1999-10-29,'000407,胜利股份,7.96,8.14,7.76,7.92,7.83,0.13,1.6603,0.7433,769296,6159569.03,1733688000.0,823860000.0
1999-10-28,'000407,胜利股份,7.83,8.12,7.8,8.09,8.08,-0.25,-3.0941,0.4116,425960,3367629.87,1705374000.0,810405000.0
1999-10-27,'000407,胜利股份,8.08,8.09,7.9,8.04,7.84,0.24,3.0612,0.678,701734,5620824.81,1759824000.0,836280000.0
1999-10-26,'000407,胜利股份,7.84,7.9,7.67,7.7,7.77,0.07,0.9009,0.439,454343,3535052.4,1707552000.0,811440000.0
1999-10-25,'000407,胜利股份,7.77,8.02,7.76,8.0,7.99,-0.22,-2.7534,0.3011,311605,2434761.77,1692306000.0,804195000.0
1999-10-22,'000407,胜利股份,7.99,8.15,7.8,7.92,7.95,0.04,0.5031,0.8467,876370,6992303.51,1740222000.0,826965000.0
1999-10-21,'000407,胜利股份,7.95,8.0,7.6,7.99,8.03,-0.08,-0.9963,1.2032,1245263,9740786.61,1731510000.0,822825000.0
1999-10-20,'000407,胜利股份,8.03,8.16,7.95,8.06,8.06,-0.03,-0.3722,0.574,396050,3176198.79,1165956000.0,554070000.0
1999-10-19,'000407,胜利股份,8.06,8.34,8.05,8.34,12.61,-4.55,-36.0825,0.4854,334921,2726010.67,1170312000.0,556140000.0
1999-10-18,'000407,胜利股份,12.61,13.0,12.55,12.9,12.87,-0.26,-2.0202,1.8341,1265538,16016082.39,1830972000.0,870090000.0
1999-10-15,'000407,胜利股份,12.87,13.0,12.7,12.8,12.71,0.16,1.2589,0.9275,639955,8234480.28,1868724000.0,888030000.0
1999-10-14,'000407,胜利股份,12.71,12.98,12.66,12.98,12.88,-0.17,-1.3199,0.6135,423336,5426895.02,1845492000.0,876990000.0
1999-10-13,'000407,胜利股份,12.88,13.18,12.88,13.14,13.05,-0.17,-1.3027,0.9471,653500,8518726.44,1870176000.0,888720000.0
1999-10-12,'000407,胜利股份,13.05,13.17,12.8,12.8,12.68,0.37,2.918,0.8919,615398,8015246.76,1894860000.0,900450000.0
1999-10-11,'000407,胜利股份,12.68,12.75,12.1,12.73,12.83,-0.15,-1.1691,0.561,387090,4885362.48,1841136000.0,874920000.0
1999-10-08,'000407,胜利股份,0.0,0.0,0.0,0.0,12.83,None,None,0.0,0,0.0,1862916000.0,885270000.0
1999-09-30,'000407,胜利股份,12.83,12.85,12.65,12.78,12.78,0.05,0.3912,0.8014,552954,7060172.18,1862916000.0,885270000.0
1999-09-29,'000407,胜利股份,12.78,12.86,12.75,12.81,12.78,0.0,0.0,0.3913,269980,3456408.4,1855656000.0,881820000.0
1999-09-28,'000407,胜利股份,12.78,12.85,12.69,12.8,12.81,-0.03,-0.2342,0.2634,181726,2317500.04,1855656000.0,881820000.0
1999-09-27,'000407,胜利股份,12.81,12.91,12.79,12.85,12.79,0.02,0.1564,0.425,293250,3761619.46,1860012000.0,883890000.0
1999-09-24,'000407,胜利股份,12.79,12.89,12.62,12.89,12.62,0.17,1.3471,0.3775,260490,3312058.67,1857108000.0,882510000.0
1999-09-23,'000407,胜利股份,12.62,12.7,12.51,12.7,12.69,-0.07,-0.5516,0.4865,335716,4228901.01,1832424000.0,870780000.0
1999-09-22,'000407,胜利股份,12.69,12.9,12.64,12.85,12.84,-0.15,-1.1682,0.4157,286850,3653702.6,1842588000.0,875610000.0
1999-09-21,'000407,胜利股份,12.84,12.84,12.63,12.7,12.73,0.11,0.8641,0.3863,266568,3394763.84,1864368000.0,885960000.0
1999-09-20,'000407,胜利股份,12.73,12.99,12.7,12.7,12.88,-0.15,-1.1646,0.4853,334848,4281867.89,1848396000.0,878370000.0
1999-09-17,'000407,胜利股份,12.88,12.99,12.8,12.8,12.84,0.04,0.3115,0.5033,347252,4473446.53,1870176000.0,888720000.0
1999-09-16,'000407,胜利股份,12.84,12.9,12.76,12.9,12.9,-0.06,-0.4651,0.5983,412844,5293491.3,1864368000.0,885960000.0
1999-09-15,'000407,胜利股份,12.9,13.06,12.88,13.04,13.04,-0.14,-1.0736,0.7483,516300,6678306.26,1873080000.0,890100000.0
1999-09-14,'000407,胜利股份,13.04,13.1,12.9,13.0,12.97,0.07,0.5397,1.0222,705285,9175512.26,1893408000.0,899760000.0
1999-09-13,'000407,胜利股份,12.97,12.99,12.61,12.89,12.99,-0.02,-0.154,1.4004,966308,12381706.83,1883244000.0,894930000.0
1999-09-10,'000407,胜利股份,12.99,13.5,12.95,13.5,13.3,-0.31,-2.3308,2.2849,1576550,20769026.95,1886148000.0,896310000.0
1999-09-09,'000407,胜利股份,13.3,13.32,12.42,12.61,12.5,0.8,6.4,3.6782,2537950,32913270.35,1931160000.0,917700000.0
1999-09-08,'000407,胜利股份,12.5,13.1,12.2,13.0,13.01,-0.51,-3.9201,2.8735,1982712,24838154.67,1815000000.0,862500000.0
1999-09-07,'000407,胜利股份,13.01,13.25,12.92,13.0,13.01,0.0,0.0,0.5903,407334,5307385.72,1889052000.0,897690000.0
1999-09-06,'000407,胜利股份,13.01,13.16,13.0,13.16,13.24,-0.23,-1.7372,0.8565,591013,7694756.53,1889052000.0,897690000.0
1999-09-03,'000407,胜利股份,13.24,13.4,13.09,13.4,13.31,-0.07,-0.5259,1.0565,728974,9661025.52,1922448000.0,913560000.0
1999-09-02,'000407,胜利股份,13.31,13.54,13.06,13.15,13.15,0.16,1.2167,1.0961,756278,9999282.95,1932612000.0,918390000.0
1999-09-01,'000407,胜利股份,13.15,13.29,13.06,13.29,13.28,-0.13,-0.9789,1.062,732782,9632586.98,1909380000.0,907350000.0
1999-08-31,'000407,胜利股份,13.28,13.33,13.1,13.28,13.28,0.0,0.0,1.2294,848298,11218904.58,1928256000.0,916320000.0
1999-08-30,'000407,胜利股份,13.28,13.5,13.25,13.5,13.5,-0.22,-1.6296,0.8488,585650,7809479.0,1928256000.0,916320000.0
1999-08-27,'000407,胜利股份,13.5,13.76,13.23,13.46,13.33,0.17,1.2753,3.2468,2240317,30238935.95,1960200000.0,931500000.0
1999-08-26,'000407,胜利股份,13.33,13.35,13.1,13.12,13.26,0.07,0.5279,1.3442,927515,12279147.99,1935516000.0,919770000.0
1999-08-25,'000407,胜利股份,13.26,13.6,13.18,13.57,13.57,-0.31,-2.2845,2.392,1650487,21909672.44,1925352000.0,914940000.0
1999-08-24,'000407,胜利股份,13.57,13.71,13.47,13.5,13.52,0.05,0.3698,1.954,1348265,18264224.0,1970364000.0,936330000.0
1999-08-23,'000407,胜利股份,13.52,13.65,13.45,13.65,13.68,-0.16,-1.1696,1.9398,1338432,18131988.39,1963104000.0,932880000.0
1999-08-20,'000407,胜利股份,13.68,14.03,13.53,14.0,13.99,-0.31,-2.2159,3.1188,2151960,29626717.13,1986336000.0,943920000.0
1999-08-19,'000407,胜利股份,13.99,14.2,13.02,13.22,13.23,0.76,5.7445,6.3545,4384632,59652024.5,2031348000.0,965310000.0
1999-08-18,'000407,胜利股份,13.23,13.25,12.9,13.22,13.22,0.01,0.0756,1.4112,973742,12719937.12,1920996000.0,912870000.0
1999-08-17,'000407,胜利股份,13.22,13.48,12.96,13.0,13.0,0.22,1.6923,3.1707,2187793,28932840.34,1919544000.0,912180000.0
1999-08-16,'000407,胜利股份,13.0,13.14,12.81,13.1,13.04,-0.04,-0.3067,1.6524,1140170,14781041.88,1887600000.0,897000000.0
1999-08-13,'000407,胜利股份,13.04,13.09,12.86,13.0,12.91,0.13,1.007,1.8363,1267055,16448982.67,1893408000.0,899760000.0
1999-08-12,'000407,胜利股份,12.91,13.2,12.81,13.08,13.07,-0.16,-1.2242,2.0366,1405274,18184968.2,1874532000.0,890790000.0
1999-08-11,'000407,胜利股份,13.07,13.2,12.85,12.95,12.9,0.17,1.3178,3.5758,2467275,32243017.85,1897764000.0,901830000.0
1999-08-10,'000407,胜利股份,12.9,13.1,12.85,12.85,13.1,-0.2,-1.5267,2.4404,1683910,21808506.95,1873080000.0,890100000.0
1999-08-09,'000407,胜利股份,13.1,13.3,12.9,13.2,13.19,-0.09,-0.6823,3.6474,2516737,32854405.28,1902120000.0,903900000.0
1999-08-06,'000407,胜利股份,13.19,13.5,12.8,13.5,13.19,0.0,0.0,8.3319,5749003,75039938.99,1915188000.0,910110000.0
1999-08-05,'000407,胜利股份,13.19,13.2,12.72,12.78,12.5,0.69,5.52,16.0377,11066012,143164947.77,1915188000.0,910110000.0
1999-08-04,'000407,胜利股份,12.5,12.5,12.0,12.19,11.36,1.14,10.0352,16.7342,11546619,143941615.16,1815000000.0,862500000.0
1999-08-03,'000407,胜利股份,11.36,11.55,10.8,10.9,10.96,0.4,3.6496,7.722,5328183,59973524.97,1649472000.0,783840000.0
1999-08-02,'000407,胜利股份,10.96,11.01,10.18,10.2,10.01,0.95,9.4905,8.3454,5758318,62969549.05,1591392000.0,756240000.0
1999-07-30,'000407,胜利股份,10.01,10.12,9.9,9.98,9.93,0.08,0.8056,0.8095,558537,5603322.45,1453452000.0,690690000.0
1999-07-29,'000407,胜利股份,9.93,10.1,9.88,10.1,9.99,-0.06,-0.6006,0.5018,346269,3454849.82,1441836000.0,685170000.0
1999-07-28,'000407,胜利股份,9.99,10.17,9.9,10.0,9.94,0.05,0.503,0.7849,541554,5439021.76,1450548000.0,689310000.0
1999-07-27,'000407,胜利股份,9.94,10.1,9.81,10.1,9.99,-0.05,-0.5005,0.6975,481248,4766475.51,1443288000.0,685860000.0
1999-07-26,'000407,胜利股份,9.99,10.17,9.59,9.7,9.7,0.29,2.9897,1.0284,709608,6919839.69,1450548000.0,689310000.0
1999-07-23,'000407,胜利股份,9.7,9.89,9.58,9.75,9.58,0.12,1.2526,0.9382,647386,6287579.69,1408440000.0,669300000.0
1999-07-22,'000407,胜利股份,9.58,10.29,9.2,10.29,10.19,-0.61,-5.9863,1.3711,946076,9311538.14,1391016000.0,661020000.0
1999-07-21,'000407,胜利股份,10.2,10.38,9.88,10.1,10.22,-0.02,-0.1957,2.3437,1617143,16434167.89,1481040000.0,703800000.0
1999-07-20,'000407,胜利股份,10.22,10.22,9.0,9.2,9.29,0.93,10.0108,1.6571,1143376,10891713.93,1483944000.0,705180000.0
1999-07-19,'000407,胜利股份,9.29,9.81,9.1,9.75,10.0,-0.71,-7.1,1.1755,811111,7724906.39,1348908000.0,641010000.0
1999-07-16,'000407,胜利股份,10.0,10.2,9.99,10.2,10.3,-0.3,-2.9126,1.3723,946920,9505564.95,1452000000.0,690000000.0
1999-07-15,'000407,胜利股份,10.3,10.35,10.01,10.22,10.2,0.1,0.9804,1.1487,792573,8023979.45,1495560000.0,710700000.0
1999-07-14,'000407,胜利股份,10.2,10.4,9.96,10.02,10.03,0.17,1.6949,1.1884,819965,8314197.73,1481040000.0,703800000.0
1999-07-13,'000407,胜利股份,10.03,10.2,9.91,10.2,10.34,-0.31,-2.9981,2.0796,1434940,14397243.07,1456356000.0,692070000.0
1999-07-12,'000407,胜利股份,10.34,10.58,10.19,10.58,10.68,-0.34,-3.1835,2.1696,1496998,15444331.04,1501368000.0,713460000.0
1999-07-09,'000407,胜利股份,10.68,10.7,10.3,10.7,10.7,-0.02,-0.1869,2.8398,1959434,20500195.25,1550736000.0,736920000.0
1999-07-08,'000407,胜利股份,10.7,10.88,10.5,10.78,10.7,0.0,0.0,2.4503,1690698,18049442.21,1553640000.0,738300000.0
1999-07-07,'000407,胜利股份,10.7,11.0,10.25,10.45,10.6,0.1,0.9434,3.4207,2360262,24892322.84,1553640000.0,738300000.0
1999-07-06,'000407,胜利股份,10.6,11.4,10.5,11.4,11.5,-0.9,-7.8261,3.7936,2617558,28302644.83,1539120000.0,731400000.0
1999-07-05,'000407,胜利股份,11.5,11.75,10.98,11.0,10.81,0.69,6.383,10.8173,7463944,85540990.38,1669800000.0,793500000.0
1999-07-02,'000407,胜利股份,10.81,10.89,9.9,10.2,10.14,0.67,6.6075,5.8613,4044312,42457844.67,1569612000.0,745890000.0
1999-07-01,'000407,胜利股份,10.14,11.36,10.11,11.3,11.23,-1.09,-9.7061,5.5303,3815935,40170512.85,1472328000.0,699660000.0
1999-06-30,'000407,胜利股份,11.23,11.52,10.55,10.56,10.54,0.69,6.5465,8.3456,5758498,63899346.6,1630596000.0,774870000.0
1999-06-29,'000407,胜利股份,10.54,10.79,10.28,10.55,10.49,0.05,0.4766,5.1021,3520438,36950664.89,1530408000.0,727260000.0
1999-06-28,'000407,胜利股份,10.49,10.52,9.85,9.85,9.87,0.62,6.2817,6.0305,4161017,42972047.29,1523148000.0,723810000.0
1999-06-25,'000407,胜利股份,9.87,10.57,9.85,10.47,10.37,-0.5,-4.8216,6.2071,4282915,44031418.24,1433124000.0,681030000.0
1999-06-24,'000407,胜利股份,10.37,10.38,10.01,10.25,10.2,0.17,1.6667,5.8706,4050745,41323026.35,1505724000.0,715530000.0
1999-06-23,'000407,胜利股份,10.2,10.4,9.9,10.1,10.09,0.11,1.0902,4.7206,3257181,33164239.8,1481040000.0,703800000.0
1999-06-22,'000407,胜利股份,10.09,10.18,9.8,10.18,10.2,-0.11,-1.0784,4.5714,3154299,31416754.24,1465068000.0,696210000.0
1999-06-21,'000407,胜利股份,10.2,10.23,9.5,9.58,9.59,0.61,6.3608,7.9188,5463973,54600745.6,1481040000.0,703800000.0
1999-06-18,'000407,胜利股份,9.59,9.8,9.21,9.6,9.55,0.04,0.4188,8.395,3516981,33792967.08,1392468000.0,401760391.2
1999-06-17,'000407,胜利股份,9.55,9.56,9.17,9.44,9.37,0.18,1.921,6.2376,2613153,24632566.9,1386660000.0,400084644.0
1999-06-16,'000407,胜利股份,9.37,9.39,8.99,9.0,9.03,0.34,3.7652,5.3236,2230232,20417369.26,1360524000.0,392543781.6
1999-06-15,'000407,胜利股份,9.03,9.96,8.8,9.85,9.78,-0.75,-7.6687,8.2602,3460511,32922175.14,1311156000.0,378299930.4
1999-06-14,'000407,胜利股份,9.78,9.97,8.9,9.1,9.06,0.72,7.947,11.8983,4984615,47690421.4,1420056000.0,409720190.4
1999-06-11,'000407,胜利股份,9.06,9.15,8.85,8.94,8.96,0.1,1.1161,2.2362,936847,8463847.12,1315512000.0,379556740.8
1999-06-10,'000407,胜利股份,8.96,9.2,8.9,9.16,9.07,-0.11,-1.2128,3.4411,1441600,13065855.46,1300992000.0,375367372.8
1999-06-09,'000407,胜利股份,9.07,9.24,9.05,9.24,9.26,-0.19,-2.0518,3.3932,1421520,12979848.67,1316964000.0,379975677.6
1999-06-08,'000407,胜利股份,9.26,9.29,8.78,9.1,9.01,0.25,2.7747,10.027,4200679,37901403.34,1344552000.0,387935476.8
1999-06-07,'000407,胜利股份,9.01,9.01,8.13,8.2,8.19,0.82,10.0122,7.1634,3001024,26268579.12,1308252000.0,377462056.8
1999-06-04,'000407,胜利股份,8.19,8.2,8.08,8.08,8.14,0.05,0.6143,1.0769,451165,3677342.51,1189188000.0,343109239.2
1999-06-03,'000407,胜利股份,8.14,8.27,8.05,8.27,8.32,-0.18,-2.1635,1.4872,623051,5064207.2,1181928000.0,341014555.2
1999-06-02,'000407,胜利股份,8.32,8.8,8.31,8.56,8.48,-0.16,-1.8868,2.0094,841800,7166511.13,1208064000.0,348555417.6
1999-06-01,'000407,胜利股份,8.48,8.48,8.25,8.3,8.24,0.24,2.9126,1.843,772100,6472421.14,1231296000.0,355258406.4
1999-05-31,'000407,胜利股份,8.24,8.59,8.15,8.48,8.48,-0.24,-2.8302,1.7392,728623,6074829.58,1196448000.0,345203923.2
1999-05-28,'000407,胜利股份,8.48,8.84,8.45,8.82,8.75,-0.27,-3.0857,2.1781,912500,7837914.16,1231296000.0,355258406.4
1999-05-27,'000407,胜利股份,8.75,8.77,8.35,8.54,8.42,0.33,3.9192,3.4244,1434609,12185726.61,1270500000.0,366569700.0
1999-05-26,'000407,胜利股份,8.42,8.57,7.92,7.98,8.0,0.42,5.25,2.6618,1115118,9275586.65,1222584000.0,352744785.6
1999-05-25,'000407,胜利股份,8.0,8.44,7.9,8.25,8.25,-0.25,-3.0303,2.1948,919493,7578355.66,1161600000.0,335149440.0
1999-05-24,'000407,胜利股份,8.25,8.25,7.8,7.96,8.01,0.24,2.9963,1.8557,777422,6255107.99,1197900000.0,345622860.0
1999-05-21,'000407,胜利股份,8.01,8.12,7.91,8.12,8.05,-0.04,-0.4969,0.9083,380510,3048735.6,1163052000.0,335568376.8
1999-05-20,'000407,胜利股份,8.05,8.1,7.7,7.85,7.82,0.23,2.9412,1.0208,427635,3387001.75,1168860000.0,337244124.0
1999-05-19,'000407,胜利股份,7.82,7.85,7.3,7.32,7.36,0.46,6.25,0.486,203600,1557080.5,1135464000.0,327608577.6
1999-05-18,'000407,胜利股份,7.36,7.48,7.3,7.4,7.31,0.05,0.684,0.2573,107788,795512.8,1068672000.0,308337484.8
1999-05-17,'000407,胜利股份,7.31,7.5,7.29,7.48,7.47,-0.16,-2.1419,0.3134,131284,967512.36,1061412000.0,306242800.8
1999-05-14,'000407,胜利股份,7.47,7.7,7.4,7.7,7.85,-0.38,-4.8408,0.2038,85400,641065.62,1084644000.0,312945789.6
1999-05-13,'000407,胜利股份,0.0,0.0,0.0,0.0,7.85,None,None,0.0,0,0.0,1139820000.0,328865388.0
1999-05-12,'000407,胜利股份,7.85,7.9,7.72,7.9,7.87,-0.02,-0.2541,0.307,128606,1007700.45,1139820000.0,328865388.0
1999-05-11,'000407,胜利股份,7.87,7.97,7.7,7.7,7.75,0.12,1.5484,0.2977,124700,973675.0,1142724000.0,329703261.6
1999-05-10,'000407,胜利股份,7.75,8.0,7.7,7.98,8.11,-0.36,-4.439,0.776,325100,2527897.25,1125300000.0,324676020.0
1999-05-07,'000407,胜利股份,8.11,8.3,8.08,8.3,8.22,-0.11,-1.3382,0.2609,109300,889100.64,1177572000.0,339757744.8
1999-05-06,'000407,胜利股份,8.22,8.32,8.16,8.27,8.26,-0.04,-0.4843,0.3072,128696,1058480.44,1193544000.0,344366049.6
1999-05-05,'000407,胜利股份,8.26,8.28,7.98,8.12,8.15,0.11,1.3497,0.4123,172708,1405689.7,1199352000.0,346041796.8
1999-05-04,'000407,胜利股份,8.15,8.2,8.0,8.09,8.09,0.06,0.7417,0.4752,199064,1612548.04,1183380000.0,341433492.0
1999-04-30,'000407,胜利股份,8.09,8.12,7.98,8.06,8.06,0.03,0.3722,0.475,198980,1600838.5,1174668000.0,338919871.2
1999-04-29,'000407,胜利股份,8.06,8.09,7.88,7.88,7.88,0.18,2.2843,0.2529,105933,847516.03,1170312000.0,337663060.8
1999-04-28,'000407,胜利股份,7.88,8.05,7.86,7.87,7.87,0.01,0.1271,0.3941,165110,1307009.6,1144176000.0,330122198.4
1999-04-27,'000407,胜利股份,7.87,8.05,7.85,8.05,8.13,-0.26,-3.198,0.3521,147500,1170120.0,1142724000.0,329703261.6
1999-04-26,'000407,胜利股份,8.13,8.17,7.9,8.16,8.14,-0.01,-0.1229,0.537,224964,1805500.02,1180476000.0,340595618.4
1999-04-23,'000407,胜利股份,8.14,8.24,7.96,8.1,8.06,0.08,0.9926,0.5486,229830,1857574.06,1181928000.0,341014555.2
1999-04-22,'000407,胜利股份,8.06,8.1,7.76,8.09,8.13,-0.07,-0.861,0.9569,400888,3170046.69,1170312000.0,337663060.8
1999-04-21,'000407,胜利股份,8.13,8.33,8.0,8.33,8.33,-0.2,-2.401,0.5651,236750,1935270.5,1180476000.0,340595618.4
1999-04-20,'000407,胜利股份,8.33,8.33,8.1,8.11,8.11,0.22,2.7127,0.359,150389,1231006.43,1209516000.0,348974354.4
1999-04-19,'000407,胜利股份,8.11,8.18,8.0,8.13,8.2,-0.09,-1.0976,0.4903,205409,1663813.27,1177572000.0,339757744.8
1999-04-16,'000407,胜利股份,8.2,8.4,8.12,8.33,8.31,-0.11,-1.3237,0.6,251361,2067417.15,1190640000.0,343528176.0
1999-04-15,'000407,胜利股份,8.31,8.43,8.25,8.35,8.33,-0.02,-0.2401,0.5991,250967,2091248.74,1206612000.0,348136480.8
1999-04-14,'000407,胜利股份,8.33,8.58,8.3,8.31,8.36,-0.03,-0.3589,0.5454,228488,1916629.22,1209516000.0,348974354.4
1999-04-13,'000407,胜利股份,8.36,8.48,8.29,8.45,8.5,-0.14,-1.6471,0.9671,405135,3376734.19,1213872000.0,350231164.8
1999-04-12,'000407,胜利股份,8.5,8.67,8.38,8.61,8.68,-0.18,-2.0737,0.9643,403970,3424411.34,1234200000.0,356096280.0
1999-04-09,'000407,胜利股份,8.68,8.75,8.65,8.67,8.78,-0.1,-1.139,0.7539,315850,2745211.5,1260336000.0,363637142.4
1999-04-08,'000407,胜利股份,8.78,8.98,8.64,8.98,8.92,-0.14,-1.5695,0.6685,280063,2461617.07,1274856000.0,367826510.4
1999-04-07,'000407,胜利股份,8.92,8.97,8.61,8.7,8.72,0.2,2.2936,1.5211,637236,5633609.38,1295184000.0,373691625.6
1999-04-06,'000407,胜利股份,8.72,8.84,8.68,8.84,8.82,-0.1,-1.1338,1.0262,429898,3758557.39,1266144000.0,365312889.6
1999-04-05,'000407,胜利股份,8.82,8.88,8.75,8.8,8.76,0.06,0.6849,1.2949,542469,4779027.24,1280664000.0,369502257.6
1999-04-02,'000407,胜利股份,8.76,8.79,8.6,8.72,8.69,0.07,0.8055,1.565,655619,5717304.58,1271952000.0,366988636.8
1999-04-01,'000407,胜利股份,8.69,8.7,8.35,8.4,8.38,0.31,3.6993,1.7773,744594,6397865.39,1261788000.0,364056079.2
1999-03-31,'000407,胜利股份,8.38,8.4,8.27,8.3,8.33,0.05,0.6002,0.5847,244959,2041872.15,1216776000.0,351069038.4
1999-03-30,'000407,胜利股份,8.33,8.55,8.32,8.55,8.52,-0.19,-2.23,0.549,230000,1938007.0,1209516000.0,348974354.4
1999-03-29,'000407,胜利股份,8.52,8.53,8.31,8.38,8.39,0.13,1.5495,0.7068,296105,2484684.71,1237104000.0,356934153.6
1999-03-26,'000407,胜利股份,8.39,8.4,8.23,8.25,8.26,0.13,1.5738,0.4984,208796,1737281.04,1218228000.0,351487975.2
1999-03-25,'000407,胜利股份,8.26,8.42,8.26,8.42,8.45,-0.19,-2.2485,0.6664,279200,2327271.5,1199352000.0,346041796.8
1999-03-24,'000407,胜利股份,8.45,8.57,8.4,8.48,8.49,-0.04,-0.4711,0.8233,344903,2927108.04,1226940000.0,354001596.0
1999-03-23,'000407,胜利股份,8.49,8.65,7.81,8.65,8.53,-0.04,-0.4689,0.8272,346539,2919743.3,1232748000.0,355677343.2
1999-03-22,'000407,胜利股份,8.53,8.66,8.48,8.65,8.57,-0.04,-0.4667,1.1769,493039,4225719.5,1238556000.0,357353090.4
1999-03-19,'000407,胜利股份,8.57,8.59,8.26,8.3,8.11,0.46,5.672,1.5742,659481,5600367.59,1244364000.0,359028837.6
1999-03-18,'000407,胜利股份,8.11,8.2,8.1,8.19,8.17,-0.06,-0.7344,0.4738,198505,1617529.66,1177572000.0,339757744.8
1999-03-17,'000407,胜利股份,8.17,8.41,8.15,8.41,8.33,-0.16,-1.9208,0.6522,273229,2271047.62,1186284000.0,342271365.6
1999-03-16,'000407,胜利股份,8.33,8.39,8.26,8.3,8.41,-0.08,-0.9512,0.6257,262134,2179363.68,1209516000.0,348974354.4
1999-03-15,'000407,胜利股份,8.41,8.47,8.26,8.32,8.29,0.12,1.4475,0.9471,396774,3331866.21,1221132000.0,352325848.8
1999-03-12,'000407,胜利股份,8.29,8.35,8.1,8.2,8.14,0.15,1.8428,0.6751,282842,2328281.03,1203708000.0,347298607.2
1999-03-11,'000407,胜利股份,8.14,8.2,7.95,7.95,7.96,0.18,2.2613,0.6675,279622,2266546.16,1181928000.0,341014555.2
1999-03-10,'000407,胜利股份,7.96,8.13,7.82,8.11,8.15,-0.19,-2.3313,0.5815,243603,1947646.68,1155792000.0,333473692.8
1999-03-09,'000407,胜利股份,8.15,8.3,8.15,8.25,8.24,-0.09,-1.0922,0.5492,230100,1887652.0,1183380000.0,341433492.0
1999-03-08,'000407,胜利股份,8.24,8.26,8.11,8.16,8.15,0.09,1.1043,0.5325,223100,1825822.5,1196448000.0,345203923.2
1999-03-05,'000407,胜利股份,8.15,8.25,8.06,8.2,8.18,-0.03,-0.3667,0.5246,219780,1793248.54,1183380000.0,341433492.0
1999-03-04,'000407,胜利股份,8.18,8.19,7.86,8.06,8.03,0.15,1.868,0.5977,250387,2021123.12,1187736000.0,342690302.4
1999-03-03,'000407,胜利股份,8.03,8.05,7.65,7.7,7.69,0.34,4.4213,0.5774,241881,1920388.09,1165956000.0,336406250.4
1999-03-02,'000407,胜利股份,7.69,7.86,7.62,7.75,7.79,-0.1,-1.2837,0.3195,133850,1033511.0,1116588000.0,322162399.2
1999-03-01,'000407,胜利股份,7.79,7.86,7.61,7.68,7.63,0.16,2.097,0.3291,137878,1067871.26,1131108000.0,326351767.2
1999-02-09,'000407,胜利股份,7.63,7.67,7.5,7.5,7.4,0.23,3.1081,0.4143,173577,1315313.09,1107876000.0,319648778.4
1999-02-08,'000407,胜利股份,7.4,7.78,7.36,7.6,7.65,-0.25,-3.268,0.6573,275362,2079061.88,1074480000.0,310013232.0
1999-02-05,'000407,胜利股份,7.65,7.99,7.6,7.95,8.0,-0.35,-4.375,0.6796,284700,2214995.4,1110780000.0,320486652.0
1999-02-04,'000407,胜利股份,8.0,8.2,8.0,8.2,8.18,-0.18,-2.2005,0.5652,236800,1906634.5,1161600000.0,335149440.0
1999-02-03,'000407,胜利股份,8.18,8.38,8.16,8.35,8.37,-0.19,-2.27,0.3586,150245,1235243.35,1187736000.0,342690302.4
1999-02-02,'000407,胜利股份,8.37,8.37,8.1,8.2,8.21,0.16,1.9488,0.3759,157468,1288180.2,1215324000.0,350650101.6
1999-02-01,'000407,胜利股份,8.21,8.4,8.2,8.4,8.45,-0.24,-2.8402,0.9103,381361,3148693.2,1192092000.0,343947112.8
1999-01-29,'000407,胜利股份,8.45,8.6,8.36,8.6,8.53,-0.08,-0.9379,0.4372,183141,1545503.15,1226940000.0,354001596.0
1999-01-28,'000407,胜利股份,8.53,8.66,8.5,8.66,8.66,-0.13,-1.5012,0.3464,145124,1237271.41,1238556000.0,357353090.4
1999-01-27,'000407,胜利股份,8.66,8.74,8.48,8.5,8.4,0.26,3.0952,0.5266,220618,1886965.55,1257432000.0,362799268.8
1999-01-26,'000407,胜利股份,8.4,8.56,8.38,8.48,8.54,-0.14,-1.6393,0.8679,363600,3069785.0,1219680000.0,351906912.0
1999-01-25,'000407,胜利股份,8.54,8.7,8.48,8.7,8.75,-0.21,-2.4,0.9104,381400,3267507.97,1240008000.0,357772027.2
1999-01-22,'000407,胜利股份,8.75,8.98,8.7,8.98,8.8,-0.05,-0.5682,0.4982,208700,1841449.0,1270500000.0,366569700.0
1999-01-21,'000407,胜利股份,8.8,8.88,8.62,8.79,8.79,0.01,0.1138,0.4103,171869,1502839.43,1277760000.0,368664384.0
1999-01-20,'000407,胜利股份,8.79,9.0,8.72,8.85,8.87,-0.08,-0.9019,0.3045,127587,1128025.48,1276308000.0,368245447.2
1999-01-19,'000407,胜利股份,8.87,8.96,8.65,8.75,8.73,0.14,1.6037,0.5994,251117,2229964.93,1287924000.0,371596941.6
1999-01-18,'000407,胜利股份,8.73,8.74,8.35,8.48,8.5,0.23,2.7059,0.4202,176020,1499959.2,1267596000.0,365731826.4
1999-01-15,'000407,胜利股份,8.5,8.77,8.5,8.75,8.71,-0.21,-2.411,0.5156,216000,1854990.0,1234200000.0,356096280.0
1999-01-14,'000407,胜利股份,8.71,8.8,8.6,8.65,8.7,0.01,0.1149,0.2981,124881,1084340.16,1264692000.0,364893952.8
1999-01-13,'000407,胜利股份,8.7,8.84,8.6,8.65,8.76,-0.06,-0.6849,0.3554,148889,1297427.52,1263240000.0,364475016.0
1999-01-12,'000407,胜利股份,8.76,9.12,8.7,8.98,9.03,-0.27,-2.99,0.3782,158445,1415514.83,1271952000.0,366988636.8
1999-01-11,'000407,胜利股份,9.03,9.1,8.85,9.08,9.01,0.02,0.222,0.5938,248767,2229966.76,1311156000.0,378299930.4
1999-01-08,'000407,胜利股份,9.01,9.05,8.68,8.68,8.68,0.33,3.8018,1.0797,452319,4024993.64,1308252000.0,377462056.8
1999-01-07,'000407,胜利股份,8.68,8.8,8.63,8.69,8.72,-0.04,-0.4587,0.29,121505,1055640.3,1260336000.0,363637142.4
1999-01-06,'000407,胜利股份,8.72,8.75,8.58,8.61,8.58,0.14,1.6317,0.3662,153415,1332787.2,1266144000.0,365312889.6
1999-01-05,'000407,胜利股份,8.58,8.65,8.36,8.4,8.5,0.08,0.9412,0.3791,158831,1345448.6,1245816000.0,359447774.4
1999-01-04,'000407,胜利股份,8.5,8.8,8.49,8.8,8.84,-0.34,-3.8462,0.3056,128045,1103593.05,1234200000.0,356096280.0
1998-12-31,'000407,胜利股份,8.84,8.95,8.65,8.8,8.79,0.05,0.5688,0.5704,238945,2110956.14,1283568000.0,370340131.2
1998-12-30,'000407,胜利股份,8.79,8.87,8.25,8.44,8.44,0.35,4.1469,0.5043,211283,1816646.8,1276308000.0,368245447.2
1998-12-29,'000407,胜利股份,8.44,8.78,8.4,8.6,8.52,-0.08,-0.939,0.399,167172,1422004.93,1225488000.0,353582659.2
1998-12-28,'000407,胜利股份,8.52,8.8,8.51,8.76,8.7,-0.18,-2.069,0.3249,136100,1172695.0,1237104000.0,356934153.6
1998-12-25,'000407,胜利股份,8.7,8.88,8.66,8.66,8.78,-0.08,-0.9112,0.2514,105322,922684.4,1263240000.0,364475016.0
1998-12-24,'000407,胜利股份,8.78,8.88,8.6,8.65,8.69,0.09,1.0357,0.3958,165797,1443173.29,1274856000.0,367826510.4
1998-12-23,'000407,胜利股份,8.69,8.98,8.66,8.98,8.95,-0.26,-2.905,0.549,230009,2030306.61,1261788000.0,364056079.2
1998-12-22,'000407,胜利股份,8.95,8.95,8.58,8.65,8.5,0.45,5.2941,0.8149,341375,3003858.13,1299540000.0,374948436.0
1998-12-21,'000407,胜利股份,8.5,8.65,8.31,8.4,8.36,0.14,1.6746,0.4445,186215,1578620.45,1234200000.0,356096280.0
1998-12-18,'000407,胜利股份,8.36,8.55,8.23,8.36,8.49,-0.13,-1.5312,0.7553,316419,2649693.34,1213872000.0,350231164.8
1998-12-17,'000407,胜利股份,8.49,8.84,8.41,8.71,8.79,-0.3,-3.413,0.9659,404653,3471194.14,1232748000.0,355677343.2
1998-12-16,'000407,胜利股份,8.79,9.1,8.75,8.99,8.99,-0.2,-2.2247,0.4676,195900,1743957.0,1276308000.0,368245447.2
1998-12-15,'000407,胜利股份,8.99,9.15,8.72,9.15,9.21,-0.22,-2.3887,1.3274,556096,4949355.65,1305348000.0,376624183.2
1998-12-14,'000407,胜利股份,9.21,9.58,9.2,9.4,9.5,-0.29,-3.0526,0.3886,162800,1527512.0,1337292000.0,385840792.8
1998-12-11,'000407,胜利股份,9.5,9.54,9.26,9.28,9.3,0.2,2.1505,0.7289,305374,2880088.24,1379400000.0,397989960.0
1998-12-10,'000407,胜利股份,9.3,9.44,9.26,9.26,9.26,0.04,0.432,0.6162,258165,2405112.97,1350360000.0,389611224.0
1998-12-09,'000407,胜利股份,9.26,9.31,9.2,9.31,9.26,0.0,0.0,0.2673,112000,1037105.61,1344552000.0,387935476.8
1998-12-08,'000407,胜利股份,9.26,9.3,9.11,9.18,9.18,0.08,0.8715,0.3499,146600,1347425.5,1344552000.0,387935476.8
1998-12-07,'000407,胜利股份,9.18,9.4,9.15,9.2,9.2,-0.02,-0.2174,0.5899,247116,2283042.13,1332936000.0,384583982.4
1998-12-04,'000407,胜利股份,9.2,9.39,9.15,9.25,9.2,0.0,0.0,0.8025,336177,3103673.96,1335840000.0,385421856.0
1998-12-03,'000407,胜利股份,9.2,9.33,9.16,9.32,9.35,-0.15,-1.6043,0.3929,164600,1522913.27,1335840000.0,385421856.0
1998-12-02,'000407,胜利股份,9.35,9.35,9.05,9.18,9.21,0.14,1.5201,1.0415,436321,3988779.12,1357620000.0,391705908.0
1998-12-01,'000407,胜利股份,9.21,9.5,9.2,9.4,9.41,-0.2,-2.1254,0.7514,314772,2931956.6,1337292000.0,385840792.8
1998-11-30,'000407,胜利股份,9.41,9.5,9.28,9.5,9.51,-0.1,-1.0515,0.9805,410762,3849333.41,1366332000.0,394219528.8
1998-11-27,'000407,胜利股份,9.51,9.74,9.38,9.68,9.58,-0.07,-0.7307,1.5891,665734,6353867.96,1380852000.0,398408896.8
1998-11-26,'000407,胜利股份,9.58,9.95,9.5,9.75,9.72,-0.14,-1.4403,1.7668,740177,7206724.75,1391016000.0,401341454.4
1998-11-25,'000407,胜利股份,9.72,10.22,9.72,10.1,10.09,-0.37,-3.667,1.3976,585500,5787959.55,1411344000.0,407206569.6
1998-11-24,'000407,胜利股份,10.09,10.37,10.06,10.33,10.26,-0.17,-1.6569,1.1982,501970,5086339.85,1465068000.0,422707231.2
1998-11-23,'000407,胜利股份,10.26,10.34,10.07,10.18,10.14,0.12,1.1834,1.1599,485910,4955116.27,1489752000.0,429829156.8
1998-11-20,'000407,胜利股份,10.14,10.28,10.07,10.08,10.12,0.02,0.1976,1.5915,666722,6762413.06,1472328000.0,424801915.2
1998-11-19,'000407,胜利股份,10.12,10.43,10.1,10.19,10.19,-0.07,-0.6869,2.1345,894241,9176731.72,1469424000.0,423964041.6
1998-11-18,'000407,胜利股份,10.19,10.55,10.1,10.53,10.52,-0.33,-3.1369,3.3164,1389343,14271469.81,1479588000.0,426896599.2
1998-11-17,'000407,胜利股份,10.52,10.85,10.46,10.75,10.7,-0.18,-1.6822,3.6139,1514000,16031053.42,1527504000.0,440721513.6
1998-11-16,'000407,胜利股份,10.7,10.88,10.43,10.63,10.68,0.02,0.1873,6.0823,2548091,27101634.91,1553640000.0,448262376.0
1998-11-13,'000407,胜利股份,10.68,10.99,10.18,10.4,10.28,0.4,3.8911,13.9263,5834236,61757516.75,1550736000.0,447424502.4
1998-11-12,'000407,胜利股份,10.28,10.3,9.69,9.69,9.69,0.59,6.0888,8.4097,3523150,35346962.67,1492656000.0,430667030.4
1998-11-11,'000407,胜利股份,9.69,9.84,9.51,9.84,9.84,-0.15,-1.5244,1.6515,691873,6693122.83,1406988000.0,405949759.2
1998-11-10,'000407,胜利股份,9.84,9.94,9.64,9.65,9.63,0.21,2.1807,4.0344,1690155,16628472.43,1428768000.0,412233811.2
1998-11-09,'000407,胜利股份,9.63,9.68,9.46,9.46,9.48,0.15,1.5823,1.9725,826339,7918846.7,1398276000.0,403436138.4
1998-11-06,'000407,胜利股份,9.48,9.7,9.45,9.53,9.53,-0.05,-0.5247,1.4602,611730,5823742.61,1376496000.0,397152086.4
1998-11-05,'000407,胜利股份,9.53,9.58,9.41,9.43,9.46,0.07,0.74,1.2914,541017,5135044.18,1383756000.0,399246770.4
1998-11-04,'000407,胜利股份,9.46,9.8,9.43,9.65,9.65,-0.19,-1.9689,1.5045,630300,6016423.5,1373592000.0,396314212.8
1998-11-03,'000407,胜利股份,9.65,9.92,9.61,9.9,9.83,-0.18,-1.8311,1.9111,800643,7758513.33,1401180000.0,404274012.0
1998-11-02,'000407,胜利股份,9.83,9.9,9.6,9.65,9.51,0.32,3.3649,4.6058,1929548,18894447.8,1427316000.0,411814874.4
1998-10-30,'000407,胜利股份,9.51,9.6,9.25,9.3,9.31,0.2,2.1482,2.6407,1106272,10472437.17,1380852000.0,398408896.8
1998-10-29,'000407,胜利股份,9.31,9.45,9.22,9.45,9.45,-0.14,-1.4815,1.1869,497225,4633258.31,1351812000.0,390030160.8
1998-10-28,'000407,胜利股份,9.45,9.46,8.85,9.0,9.01,0.44,4.8835,1.9647,823066,7612630.5,1372140000.0,395895276.0
1998-10-27,'000407,胜利股份,9.01,9.08,8.8,9.05,9.0,0.01,0.1111,0.8916,373510,3334470.72,1308252000.0,377462056.8
1998-10-26,'000407,胜利股份,9.0,9.0,8.42,8.83,8.99,0.01,0.1112,1.2996,544470,4747994.16,1306800000.0,377043120.0
1998-10-23,'000407,胜利股份,8.99,9.2,8.95,9.2,9.17,-0.18,-1.9629,1.1034,462255,4191243.35,1305348000.0,376624183.2
1998-10-22,'000407,胜利股份,9.17,9.19,8.81,8.93,9.03,0.14,1.5504,1.4146,592646,5306641.61,1331484000.0,384165045.6
1998-10-21,'000407,胜利股份,9.03,9.4,9.01,9.35,9.42,-0.39,-4.1401,1.5447,647139,5923733.9,1311156000.0,378299930.4
1998-10-20,'000407,胜利股份,9.42,9.73,9.4,9.71,9.68,-0.26,-2.686,0.8434,353322,3360296.64,1367784000.0,394638465.6
1998-10-19,'000407,胜利股份,9.68,9.7,9.39,9.41,9.34,0.34,3.6403,1.6902,708093,6757724.25,1405536000.0,405530822.4
1998-10-16,'000407,胜利股份,9.34,9.48,9.3,9.3,9.28,0.06,0.6466,0.9758,408799,3839850.39,1356168000.0,391286971.2
1998-10-15,'000407,胜利股份,9.28,9.33,9.1,9.3,9.27,0.01,0.1079,1.2187,510541,4699825.21,1347456000.0,388773350.4
1998-10-14,'000407,胜利股份,9.27,9.44,9.2,9.35,9.41,-0.14,-1.4878,0.7097,297322,2759240.68,1346004000.0,388354413.6
1998-10-13,'000407,胜利股份,9.41,9.46,9.3,9.35,9.3,0.11,1.1828,1.1008,461147,4330842.76,1366332000.0,394219528.8
1998-10-12,'000407,胜利股份,9.3,9.35,9.09,9.27,9.24,0.06,0.6494,1.1047,462788,4245548.04,1350360000.0,389611224.0
1998-10-09,'000407,胜利股份,9.24,9.42,9.24,9.35,9.32,-0.08,-0.8584,0.7702,322650,3000946.79,1341648000.0,387097603.2
1998-10-08,'000407,胜利股份,9.32,9.36,9.08,9.15,9.18,0.14,1.5251,0.7488,313714,2891070.04,1353264000.0,390449097.6
1998-10-07,'000407,胜利股份,9.18,9.35,9.13,9.2,9.26,-0.08,-0.8639,0.9868,413398,3807713.0,1332936000.0,384583982.4
1998-10-06,'000407,胜利股份,9.26,9.51,9.25,9.5,9.55,-0.29,-3.0366,1.3591,569391,5334436.95,1344552000.0,387935476.8
1998-10-05,'000407,胜利股份,9.55,9.69,9.5,9.69,9.76,-0.21,-2.1516,1.0196,427148,4076902.1,1386660000.0,400084644.0
1998-09-30,'000407,胜利股份,9.76,9.8,9.5,9.56,9.56,0.2,2.0921,1.0618,444837,4288042.6,1417152000.0,408882316.8
1998-09-29,'000407,胜利股份,9.56,9.75,9.51,9.6,9.66,-0.1,-1.0352,1.0588,443591,4266508.2,1388112000.0,400503580.8
1998-09-28,'000407,胜利股份,9.66,9.9,9.5,9.8,9.71,-0.05,-0.5149,1.2483,522976,5040773.53,1402632000.0,404692948.8
1998-09-25,'000407,胜利股份,9.71,9.78,9.45,9.78,9.78,-0.07,-0.7157,1.9849,831556,8001711.39,1409892000.0,406787632.8
1998-09-24,'000407,胜利股份,9.78,10.19,9.75,9.95,9.94,-0.16,-1.6097,2.7904,1168983,11680710.24,1420056000.0,409720190.4
1998-09-23,'000407,胜利股份,9.94,9.95,9.63,9.9,9.86,0.08,0.8114,2.4584,1029910,10059944.84,1443288000.0,416423179.2
1998-09-22,'000407,胜利股份,9.86,10.2,9.8,10.0,9.92,-0.06,-0.6048,7.4658,3127712,31246850.73,1431672000.0,413071684.8
1998-09-21,'000407,胜利股份,9.92,10.0,9.35,9.35,9.34,0.58,6.2099,7.6888,3221122,31548116.74,1440384000.0,415585305.6
1998-09-18,'000407,胜利股份,9.34,9.58,9.0,9.0,9.0,0.34,3.7778,4.8226,2020379,18884418.9,1356168000.0,391286971.2
1998-09-17,'000407,胜利股份,9.0,9.45,8.9,9.38,9.29,-0.29,-3.1216,2.2773,954050,8756722.74,1306800000.0,377043120.0
1998-09-16,'000407,胜利股份,9.29,9.43,9.09,9.16,9.21,0.08,0.8686,1.8631,780507,7167331.48,1348908000.0,389192287.2
1998-09-15,'000407,胜利股份,9.21,9.53,9.2,9.49,9.45,-0.24,-2.5397,2.2292,933908,8710711.12,1337292000.0,385840792.8
1998-09-14,'000407,胜利股份,9.45,9.6,9.21,9.38,9.25,0.2,2.1622,3.0059,1259284,11909853.29,1372140000.0,395895276.0
1998-09-11,'000407,胜利股份,9.25,9.45,9.18,9.38,9.38,-0.13,-1.3859,2.2131,927149,8588807.89,1343100000.0,387516540.0
1998-09-10,'000407,胜利股份,9.38,9.52,9.18,9.3,9.25,0.13,1.4054,2.9504,1236013,11507482.64,1361976000.0,392962718.4
1998-09-09,'000407,胜利股份,9.25,9.25,8.96,8.97,9.05,0.2,2.2099,1.8982,795211,7276882.83,1343100000.0,387516540.0
1998-09-08,'000407,胜利股份,9.05,9.4,9.04,9.32,9.32,-0.27,-2.897,2.1597,904757,8297658.55,1314060000.0,379137804.0
1998-09-07,'000407,胜利股份,9.32,9.33,8.75,9.06,9.0,0.32,3.5556,3.1461,1318018,12003600.96,1353264000.0,390449097.6
1998-09-04,'000407,胜利股份,9.0,9.2,8.9,8.95,8.84,0.16,1.81,3.2136,1346292,12256750.67,1306800000.0,377043120.0
1998-09-03,'000407,胜利股份,8.84,8.9,8.65,8.78,8.64,0.2,2.3148,1.7811,746164,6582379.91,1283568000.0,370340131.2
1998-09-02,'000407,胜利股份,8.64,8.85,8.3,8.51,8.66,-0.02,-0.2309,1.8466,773616,6733063.62,1254528000.0,361961395.2
1998-09-01,'000407,胜利股份,8.66,8.85,8.32,8.5,8.56,0.1,1.1682,2.3234,973369,8471097.41,1257432000.0,362799268.8
1998-08-31,'000407,胜利股份,8.56,8.79,7.75,8.39,8.44,0.12,1.4218,2.7661,1158828,9517527.73,1242912000.0,358609900.8
1998-08-28,'000407,胜利股份,8.44,8.59,8.3,8.4,8.48,-0.04,-0.4717,1.3404,561536,4765876.38,1225488000.0,353582659.2
1998-08-27,'000407,胜利股份,8.48,8.6,8.35,8.39,8.53,-0.05,-0.5862,1.5114,633189,5356968.1,1231296000.0,355258406.4
1998-08-26,'000407,胜利股份,8.53,8.95,8.45,8.95,8.8,-0.27,-3.0682,1.7065,714933,6176428.32,1238556000.0,357353090.4
1998-08-25,'000407,胜利股份,8.8,8.84,8.29,8.6,8.61,0.19,2.2067,2.956,1238359,10547809.49,1277760000.0,368664384.0
1998-08-24,'000407,胜利股份,8.61,8.96,8.5,8.5,8.42,0.19,2.2565,5.1192,2144617,18707693.65,1250172000.0,360704584.8
1998-08-21,'000407,胜利股份,8.42,8.48,7.96,8.0,7.99,0.43,5.3817,3.9661,1661564,13840311.67,1222584000.0,352744785.6
1998-08-20,'000407,胜利股份,7.99,8.0,7.35,7.59,7.55,0.44,5.8278,2.606,1091741,8492661.01,1160148000.0,334730503.2
1998-08-19,'000407,胜利股份,7.55,7.59,7.0,7.0,6.96,0.59,8.477,1.7304,724942,5347005.02,1096260000.0,316297284.0
1998-08-18,'000407,胜利股份,6.96,7.38,6.8,6.8,7.28,-0.32,-4.3956,1.5565,652096,4673781.0,1010592000.0,291580012.8
1998-08-17,'000407,胜利股份,7.28,8.02,7.28,8.02,8.09,-0.81,-10.0124,1.5879,665230,4961028.51,1057056000.0,304985990.4
1998-08-14,'000407,胜利股份,8.09,8.61,8.05,8.61,8.62,-0.53,-6.1485,1.0987,460300,3843746.55,1174668000.0,338919871.2
1998-08-13,'000407,胜利股份,8.62,8.68,8.38,8.52,8.52,0.1,1.1737,1.0963,459283,3923738.66,1251624000.0,361123521.6
1998-08-12,'000407,胜利股份,8.52,8.86,8.31,8.8,8.8,-0.28,-3.1818,1.2203,511241,4341304.63,1237104000.0,356934153.6
1998-08-11,'000407,胜利股份,8.8,9.19,8.79,8.89,8.95,-0.15,-1.676,1.2852,538400,4824655.64,1277760000.0,368664384.0
1998-08-10,'000407,胜利股份,8.95,9.65,8.9,9.6,9.68,-0.73,-7.5413,2.3605,988900,9087803.79,1299540000.0,374948436.0
1998-08-07,'000407,胜利股份,9.68,9.98,9.5,9.9,10.17,-0.49,-4.8181,1.5766,660480,6416931.88,1405536000.0,405530822.4
1998-08-06,'000407,胜利股份,10.17,10.28,10.1,10.1,10.09,0.08,0.7929,2.5839,1082497,11035243.71,1476684000.0,426058725.6
1998-08-05,'000407,胜利股份,10.09,10.09,9.82,9.88,9.88,0.21,2.1255,0.7392,309658,3083614.16,1465068000.0,422707231.2
1998-08-04,'000407,胜利股份,9.88,9.95,9.81,9.95,9.98,-0.1,-1.002,1.1268,472070,4666272.4,1434576000.0,413909558.4
1998-08-03,'000407,胜利股份,9.98,10.25,9.9,10.15,10.23,-0.25,-2.4438,2.4085,1009001,10083181.11,1449096000.0,418098926.4
1998-07-31,'000407,胜利股份,10.23,10.42,10.01,10.01,9.9,0.33,3.3333,9.3252,3906670,39846122.12,1485396000.0,428572346.4
1998-07-30,'000407,胜利股份,9.9,9.93,9.58,9.82,9.8,0.1,1.0204,2.9728,1245401,12157913.09,1437480000.0,414747432.0
1998-07-29,'000407,胜利股份,9.8,9.98,9.65,9.84,9.86,-0.06,-0.6085,2.1068,882600,8657637.98,1422960000.0,410558064.0
1998-07-28,'000407,胜利股份,9.86,9.93,9.65,9.68,9.9,-0.04,-0.404,2.241,938850,9188280.57,1431672000.0,413071684.8
1998-07-27,'000407,胜利股份,9.9,10.2,9.7,10.0,9.98,-0.08,-0.8016,1.7784,745030,7375145.54,1437480000.0,414747432.0
1998-07-24,'000407,胜利股份,9.98,10.11,9.75,9.85,9.87,0.11,1.1145,3.5826,1500863,14889991.89,1449096000.0,418098926.4
1998-07-23,'000407,胜利股份,9.87,9.98,9.68,9.71,9.8,0.07,0.7143,1.8563,777665,7628275.29,1433124000.0,413490621.6
1998-07-22,'000407,胜利股份,9.8,10.2,9.7,10.15,10.01,-0.21,-2.0979,2.7006,1131384,11236421.74,1422960000.0,410558064.0
1998-07-21,'000407,胜利股份,10.01,10.44,9.91,10.05,10.19,-0.18,-1.7664,4.6657,1954650,19948107.77,1453452000.0,419355736.8
1998-07-20,'000407,胜利股份,10.19,10.35,9.98,10.18,10.16,0.03,0.2953,4.7187,1976849,20145579.93,1479588000.0,426896599.2
1998-07-17,'000407,胜利股份,10.16,10.29,9.8,9.8,9.88,0.28,2.834,6.8428,2866692,29068300.8,1475232000.0,425639788.8
1998-07-16,'000407,胜利股份,9.88,9.96,9.65,9.78,9.76,0.12,1.2295,2.6632,1115707,10989392.86,1434576000.0,413909558.4
1998-07-15,'000407,胜利股份,9.76,9.8,9.5,9.65,9.72,0.04,0.4115,2.081,871800,8447400.58,1417152000.0,408882316.8
1998-07-14,'000407,胜利股份,9.72,9.89,9.5,9.8,9.85,-0.13,-1.3198,1.217,509850,4930666.59,1411344000.0,407206569.6
1998-07-13,'000407,胜利股份,9.85,10.0,9.62,9.99,9.95,-0.1,-1.005,1.2582,527095,5115767.76,1430220000.0,412652748.0
1998-07-10,'000407,胜利股份,9.95,10.0,9.7,9.78,9.77,0.18,1.8424,1.5895,665912,6529902.18,1444740000.0,416842116.0
1998-07-09,'000407,胜利股份,9.77,9.88,9.64,9.72,9.74,0.03,0.308,1.3282,556423,5406578.68,1418604000.0,409301253.6
1998-07-08,'000407,胜利股份,9.74,10.05,9.7,9.95,9.95,-0.21,-2.1106,2.404,1007138,9932777.21,1414248000.0,408044443.2
1998-07-07,'000407,胜利股份,9.95,10.1,9.6,9.83,9.83,0.12,1.2208,3.6358,1523167,15092664.83,1444740000.0,416842116.0
1998-07-06,'000407,胜利股份,9.83,9.9,9.55,9.75,9.72,0.11,1.1317,1.5445,647061,6261200.41,1427316000.0,411814874.4
1998-07-03,'000407,胜利股份,9.72,9.99,9.66,9.85,9.85,-0.13,-1.3198,1.7665,740055,7210166.51,1411344000.0,407206569.6
1998-07-02,'000407,胜利股份,9.85,10.0,9.55,10.0,9.97,-0.12,-1.2036,2.5512,1068790,10424380.9,1430220000.0,412652748.0
1998-07-01,'000407,胜利股份,9.97,10.5,9.8,10.41,10.2,-0.23,-2.2549,3.1733,1329412,13309010.4,1447644000.0,417679989.6
1998-06-30,'000407,胜利股份,10.2,10.54,10.0,10.4,10.37,-0.17,-1.6393,2.9287,1226940,12434033.4,1481040000.0,427315536.0
1998-06-29,'000407,胜利股份,10.37,10.94,10.25,10.86,10.78,-0.41,-3.8033,4.9396,2069385,21741730.99,1505724000.0,434437461.6
1998-06-26,'000407,胜利股份,10.78,11.1,10.5,10.56,10.58,0.2,1.8904,8.5309,3573919,38875724.65,1565256000.0,451613870.4
1998-06-25,'000407,胜利股份,10.58,11.05,10.43,10.9,10.89,-0.31,-2.8466,4.5657,1912727,20599333.32,1536216000.0,443235134.4
1998-06-24,'000407,胜利股份,10.89,10.99,10.69,10.7,10.69,0.2,1.8709,6.9513,2912156,31661153.9,1581228000.0,456222175.2
1998-06-23,'000407,胜利股份,10.69,10.8,10.36,10.36,10.42,0.27,2.5912,7.3049,3060274,32421573.32,1552188000.0,447843439.2
1998-06-22,'000407,胜利股份,10.42,10.6,10.33,10.5,10.42,0.0,0.0,2.9285,1226861,12782383.3,1512984000.0,436532145.6
1998-06-19,'000407,胜利股份,10.42,10.45,10.0,10.01,10.06,0.36,3.5785,4.4641,1870161,19228058.35,1512984000.0,436532145.6
1998-06-18,'000407,胜利股份,10.06,10.3,9.89,10.0,10.08,-0.02,-0.1984,2.5081,700500,7048699.3,973808000.0,280966947.2
1998-06-17,'000407,胜利股份,10.08,10.49,9.88,10.1,15.2,-5.12,-33.6842,4.4019,1229425,12608551.69,975744000.0,281525529.6
1998-06-16,'000407,胜利股份,15.2,15.48,14.0,15.35,15.33,-0.13,-0.848,5.6402,1575261,23778280.08,1471360000.0,424522624.0
1998-06-15,'000407,胜利股份,15.33,15.71,15.05,15.71,15.65,-0.32,-2.0447,3.2999,921636,14145593.21,1483944000.0,428153409.6
1998-06-12,'000407,胜利股份,15.65,15.75,15.01,15.2,14.95,0.7,4.6823,8.2018,2290679,35379970.02,1514920000.0,437090728.0
1998-06-11,'000407,胜利股份,14.95,15.2,14.78,14.95,14.95,0.0,0.0,1.7252,481831,7208776.96,1447160000.0,417540344.0
1998-06-10,'000407,胜利股份,14.95,15.15,14.8,14.85,14.7,0.25,1.7007,1.8068,504622,7536196.37,1447160000.0,417540344.0
1998-06-09,'000407,胜利股份,14.7,15.3,14.5,15.08,15.1,-0.4,-2.649,1.9196,536138,7921070.66,1422960000.0,410558064.0
1998-06-08,'000407,胜利股份,15.1,15.55,14.9,15.5,15.44,-0.34,-2.2021,2.2706,634171,9664248.97,1461680000.0,421729712.0
1998-06-05,'000407,胜利股份,15.44,15.55,14.76,15.0,14.98,0.46,3.0708,4.7932,1338701,20228718.06,1494592000.0,431225612.8
1998-06-04,'000407,胜利股份,14.98,15.36,14.85,15.36,15.36,-0.38,-2.474,2.9733,830428,12475335.65,1450064000.0,418378217.6
1998-06-03,'000407,胜利股份,15.36,15.78,15.2,15.75,15.58,-0.22,-1.4121,3.5421,989274,15213807.26,1486848000.0,428991283.2
1998-06-02,'000407,胜利股份,15.58,15.79,15.29,15.38,15.38,0.2,1.3004,2.6751,747120,11597853.25,1508144000.0,435135689.6
1998-06-01,'000407,胜利股份,15.38,15.56,15.22,15.56,15.53,-0.15,-0.9659,2.3967,669382,10262475.98,1488784000.0,429549865.6
1998-05-29,'000407,胜利股份,15.53,15.8,15.25,15.7,15.68,-0.15,-0.9566,3.1865,889949,13777651.68,1503304000.0,433739233.6
1998-05-28,'000407,胜利股份,15.68,15.87,15.4,15.62,15.67,0.01,0.0638,1.9145,534693,8355466.13,1517824000.0,437928601.6
1998-05-27,'000407,胜利股份,15.67,16.0,15.49,15.8,15.77,-0.1,-0.6341,2.7502,768099,11997330.31,1516856000.0,437649310.4
1998-05-26,'000407,胜利股份,15.77,15.9,15.41,15.66,15.63,0.14,0.8957,2.9526,824628,12839148.86,1526536000.0,440442222.4
1998-05-25,'000407,胜利股份,15.63,16.35,15.56,16.0,16.03,-0.4,-2.4953,4.8095,1343261,21244133.77,1512984000.0,436532145.6
1998-05-22,'000407,胜利股份,16.03,16.48,16.0,16.2,16.2,-0.17,-1.0494,2.2298,622768,10034251.88,1551704000.0,447703793.6
1998-05-21,'000407,胜利股份,16.2,16.43,16.1,16.43,16.42,-0.22,-1.3398,1.3935,389192,6288457.02,1568160000.0,452451744.0
1998-05-20,'000407,胜利股份,16.42,16.86,15.95,16.56,16.48,-0.06,-0.3641,2.3127,645913,10508452.81,1589456000.0,458596150.4
1998-05-19,'000407,胜利股份,16.48,17.0,16.25,16.26,16.58,-0.1,-0.6031,2.0859,582571,9638054.54,1595264000.0,460271897.6
1998-05-18,'000407,胜利股份,0.0,0.0,0.0,0.0,16.58,None,None,0.0,0,0.0,1604944000.0,463064809.6
1998-05-15,'000407,胜利股份,16.58,18.4,16.5,18.3,17.97,-1.39,-7.7351,5.1205,1430106,24431784.09,1604944000.0,463064809.6
1998-05-14,'000407,胜利股份,17.97,17.97,16.36,16.36,16.35,1.62,9.9083,9.7754,2730185,49008753.2,1739496000.0,501886286.4
1998-05-13,'000407,胜利股份,16.35,16.38,16.06,16.18,16.09,0.26,1.6159,0.8839,246875,3997556.19,1582680000.0,456641112.0
1998-05-12,'000407,胜利股份,16.09,16.3,15.9,16.11,16.16,-0.07,-0.4332,1.0388,290138,4648863.01,1557512000.0,449379540.8
1998-05-11,'000407,胜利股份,16.16,17.4,16.1,16.7,16.73,-0.57,-3.4071,1.8338,512161,8574444.67,1564288000.0,451334579.2
1998-05-08,'000407,胜利股份,16.73,16.8,15.75,15.98,16.2,0.53,3.2716,8.0029,2235143,36187046.67,1619464000.0,467254177.6
1998-05-07,'000407,胜利股份,16.2,16.96,16.0,16.88,16.86,-0.66,-3.9146,2.5051,699653,11433189.14,1568160000.0,452451744.0
1998-05-06,'000407,胜利股份,16.86,17.4,16.4,16.58,16.65,0.21,1.2613,2.0441,570903,9582441.32,1632048000.0,470884963.2
1998-05-05,'000407,胜利股份,16.65,16.97,16.31,16.7,16.89,-0.24,-1.421,2.7989,781700,13049787.25,1611720000.0,465019848.0
1998-05-04,'000407,胜利股份,16.89,16.98,16.0,16.66,16.34,0.55,3.366,8.1831,2285477,38102790.92,1634952000.0,471722836.8
1998-04-30,'000407,胜利股份,16.34,16.4,15.5,15.63,15.57,0.77,4.9454,7.2262,2018215,32329060.65,1581712000.0,456361820.8
1998-04-29,'000407,胜利股份,15.57,15.85,15.36,15.5,15.47,0.1,0.6464,1.8038,503775,7848231.63,1507176000.0,434856398.4
1998-04-28,'000407,胜利股份,15.47,15.8,15.03,15.03,14.99,0.48,3.2021,3.3462,934556,14456143.83,1497496000.0,432063486.4
1998-04-27,'000407,胜利股份,14.99,15.48,14.98,15.48,15.32,-0.33,-2.154,1.7823,497782,7508884.18,1451032000.0,418657508.8
1998-04-24,'000407,胜利股份,15.32,15.5,14.92,15.05,15.29,0.03,0.1962,3.3886,946393,14373915.16,1482976000.0,427874118.4
1998-04-23,'000407,胜利股份,15.29,15.65,14.96,15.1,15.4,-0.11,-0.7143,4.3294,1209157,18390776.24,1480072000.0,427036244.8
1998-04-22,'000407,胜利股份,15.4,15.45,14.88,15.2,15.06,0.34,2.2576,3.6151,1009654,15258520.9,1490720000.0,430108448.0
1998-04-21,'000407,胜利股份,15.06,15.49,14.85,15.49,15.02,0.04,0.2663,1.6508,461041,6930591.01,1457808000.0,420612547.2
1998-04-20,'000407,胜利股份,15.02,15.39,14.52,14.88,14.99,0.03,0.2001,5.17,1443927,21741024.69,1453936000.0,419495382.4
1998-04-17,'000407,胜利股份,14.99,15.79,14.83,15.79,15.89,-0.9,-5.6639,3.6223,1011675,15425565.78,1451032000.0,418657508.8
1998-04-16,'000407,胜利股份,15.89,16.29,15.56,15.56,16.06,-0.17,-1.0585,3.1656,884119,14029263.34,1538152000.0,443793716.8
1998-04-15,'000407,胜利股份,16.06,16.17,15.15,15.15,15.56,0.5,3.2134,9.6024,2681875,42755187.88,1554608000.0,448541667.2
1998-04-14,'000407,胜利股份,15.56,15.62,14.75,15.6,15.31,0.25,1.6329,6.817,1903935,28911255.46,1506208000.0,434577107.2
1998-04-13,'000407,胜利股份,15.31,15.6,13.98,13.98,14.2,1.11,7.8169,11.8267,3303085,49578227.51,1482008000.0,427594827.2
1998-04-10,'000407,胜利股份,14.2,14.22,13.78,13.8,13.9,0.3,2.1583,4.3773,1222545,17175421.75,1374560000.0,396593504.0
1998-04-09,'000407,胜利股份,13.9,14.2,13.52,13.92,14.0,-0.1,-0.7143,5.4758,1529339,21085022.73,1345520000.0,388214768.0
1998-04-08,'000407,胜利股份,14.0,14.4,13.75,14.11,14.0,0.0,0.0,5.7423,1603786,22480909.81,1355200000.0,391007680.0
1998-04-07,'000407,胜利股份,14.0,14.2,13.55,13.7,13.65,0.35,2.5641,8.6275,2409579,33526355.34,1355200000.0,391007680.0
1998-04-06,'000407,胜利股份,13.65,13.75,13.15,13.15,13.2,0.45,3.4091,5.0585,1412787,19116831.87,1321320000.0,381232488.0
1998-04-03,'000407,胜利股份,13.2,13.4,13.0,13.2,13.3,-0.1,-0.7519,1.6905,472143,6216704.73,1277760000.0,368664384.0
1998-04-02,'000407,胜利股份,13.3,13.45,12.88,12.88,12.87,0.43,3.3411,3.9849,1112947,14583904.59,1287440000.0,371457296.0
1998-04-01,'000407,胜利股份,12.87,13.2,12.83,13.0,12.97,-0.1,-0.771,2.023,564997,7369251.75,1245816000.0,359447774.4
1998-03-31,'000407,胜利股份,12.97,13.15,12.8,12.99,12.9,0.07,0.5426,2.0713,578504,7517089.19,1255496000.0,362240686.4
1998-03-30,'000407,胜利股份,12.9,12.99,12.55,12.75,12.61,0.29,2.2998,1.8738,523344,6703201.79,1248720000.0,360285648.0
1998-03-27,'000407,胜利股份,12.61,12.76,12.35,12.61,12.59,0.02,0.1589,1.6883,471516,5881267.76,1220648000.0,352186203.2
1998-03-26,'000407,胜利股份,12.59,12.81,12.4,12.55,12.55,0.04,0.3187,1.3843,386616,4854970.96,1218712000.0,351627620.8
1998-03-25,'000407,胜利股份,12.55,12.99,12.5,12.99,12.74,-0.19,-1.4914,0.8182,228522,2883371.01,1214840000.0,350510456.0
1998-03-24,'000407,胜利股份,12.74,12.81,12.54,12.6,12.68,0.06,0.4732,0.7762,216781,2758352.23,1233232000.0,355816988.8
1998-03-23,'000407,胜利股份,12.68,12.72,12.49,12.7,12.66,0.02,0.158,1.0267,286752,3600015.65,1227424000.0,354141241.6
1998-03-20,'000407,胜利股份,12.66,13.1,12.58,12.7,12.79,-0.13,-1.0164,0.8771,244975,3104465.9,1225488000.0,353582659.2
1998-03-19,'000407,胜利股份,12.79,13.24,12.7,13.0,12.98,-0.19,-1.4638,3.3342,931215,12115270.44,1238072000.0,357213444.8
1998-03-18,'000407,胜利股份,12.98,13.12,12.65,12.72,12.73,0.25,1.9639,4.6227,1291091,16619390.31,1256464000.0,362519977.6
1998-03-17,'000407,胜利股份,12.73,12.85,12.6,12.74,12.74,-0.01,-0.0785,2.7003,754175,9605823.63,1232264000.0,355537697.6
1998-03-16,'000407,胜利股份,12.74,12.9,12.58,12.8,12.59,0.15,1.1914,4.0854,1141023,14482277.95,1233232000.0,355816988.8
1998-03-13,'000407,胜利股份,12.59,12.9,12.01,12.15,12.15,0.44,3.6214,3.7322,1042370,13159613.49,1218712000.0,351627620.8
1998-03-12,'000407,胜利股份,12.15,12.35,11.92,12.35,12.44,-0.29,-2.3312,0.3877,108274,1308862.49,1176120000.0,339338808.0
1998-03-11,'000407,胜利股份,12.44,12.6,12.2,12.45,12.5,-0.06,-0.48,0.7465,208488,2587492.1,1204192000.0,347438252.8
1998-03-10,'000407,胜利股份,12.5,12.56,12.3,12.4,12.54,-0.04,-0.319,0.9157,255738,3167438.85,1210000000.0,349114000.0
1998-03-09,'000407,胜利股份,12.54,12.58,12.16,12.3,12.2,0.34,2.7869,2.7383,764776,9518013.85,1213872000.0,350231164.8
1998-03-06,'000407,胜利股份,12.2,12.3,12.01,12.3,12.17,0.03,0.2465,0.3761,105048,1275256.4,1180960000.0,340735264.0
1998-03-05,'000407,胜利股份,12.17,12.5,12.02,12.5,12.27,-0.1,-0.815,0.5247,146546,1785448.92,1178056000.0,339897390.4
1998-03-04,'000407,胜利股份,12.27,12.48,11.7,11.7,11.88,0.39,3.2828,1.3807,385604,4674974.54,1187736000.0,342690302.4
1998-03-03,'000407,胜利股份,11.88,11.89,11.6,11.7,11.76,0.12,1.0204,0.4207,117489,1381281.21,1149984000.0,331797945.6
1998-03-02,'000407,胜利股份,11.76,11.9,11.51,11.51,11.82,-0.06,-0.5076,1.4799,413321,4862135.25,1138368000.0,328446451.2
1998-02-27,'000407,胜利股份,11.82,12.1,11.81,11.9,12.14,-0.32,-2.6359,0.5021,140236,1670705.41,1144176000.0,330122198.4
1998-02-26,'000407,胜利股份,12.14,12.31,11.68,12.04,12.04,0.1,0.8306,0.8357,233399,2805732.44,1175152000.0,339059516.8
1998-02-25,'000407,胜利股份,12.04,12.2,11.8,12.1,12.29,-0.25,-2.0342,1.1131,310884,3737888.91,1165472000.0,336266604.8
1998-02-24,'000407,胜利股份,12.29,12.4,12.1,12.38,12.34,-0.05,-0.4052,0.6195,173032,2120108.87,1189672000.0,343248884.8
1998-02-23,'000407,胜利股份,12.34,12.49,12.0,12.2,12.33,0.01,0.0811,1.2842,358655,4367972.86,1194512000.0,344645340.8
1998-02-20,'000407,胜利股份,12.33,12.55,12.27,12.52,12.5,-0.17,-1.36,0.9865,275534,3400436.2,1193544000.0,344366049.6
1998-02-19,'000407,胜利股份,12.5,12.7,12.41,12.7,12.72,-0.22,-1.7296,1.0151,283515,3560583.61,1210000000.0,349114000.0
1998-02-18,'000407,胜利股份,12.72,12.9,12.58,12.85,12.85,-0.13,-1.0117,1.1919,332900,4219731.16,1231296000.0,355258406.4
1998-02-17,'000407,胜利股份,12.85,12.99,12.55,12.79,12.8,0.05,0.3906,2.7453,766746,9804227.93,1243880000.0,358889192.0
1998-02-16,'000407,胜利股份,12.8,13.0,12.57,12.89,12.92,-0.12,-0.9288,1.6377,457396,5811707.54,1239040000.0,357492736.0
1998-02-13,'000407,胜利股份,12.92,13.18,12.55,12.69,12.7,0.22,1.7323,1.5637,436715,5592578.75,1250656000.0,360844230.4
1998-02-12,'000407,胜利股份,12.7,13.2,12.7,13.01,13.12,-0.42,-3.2012,1.6509,461082,5926239.6,1229360000.0,354699824.0
1998-02-11,'000407,胜利股份,13.12,13.2,12.8,13.0,12.88,0.24,1.8634,1.4942,417307,5415043.32,1270016000.0,366430054.4
1998-02-10,'000407,胜利股份,12.88,13.28,12.72,13.24,13.18,-0.3,-2.2762,4.0905,1142442,14803549.68,1246784000.0,359727065.6
1998-02-09,'000407,胜利股份,13.18,13.58,12.9,13.3,13.0,0.18,1.3846,4.5901,1281972,16962950.43,1275824000.0,368105801.6
1998-01-23,'000407,胜利股份,13.0,13.45,12.9,13.21,13.13,-0.13,-0.9901,2.6356,736094,9698619.95,1258400000.0,363078560.0
1998-01-22,'000407,胜利股份,13.13,13.15,12.6,12.68,12.41,0.72,5.8018,4.6497,1298613,16805388.31,1270984000.0,366709345.6
1998-01-21,'000407,胜利股份,12.41,12.9,12.28,12.6,12.49,-0.08,-0.6405,2.4661,688751,8711349.04,1201288000.0,346600379.2
1998-01-20,'000407,胜利股份,12.49,12.98,12.3,12.69,12.6,-0.11,-0.873,6.5186,1820589,23095114.76,1209032000.0,348834708.8
1998-01-19,'000407,胜利股份,12.6,13.75,12.5,13.0,12.77,-0.17,-1.3312,13.2876,3711104,48846450.33,1219680000.0,351906912.0
1998-01-16,'000407,胜利股份,12.77,13.0,12.5,12.8,12.84,-0.07,-0.5452,3.9747,1110103,14216707.67,1236136000.0,356654862.4
1998-01-15,'000407,胜利股份,12.84,12.9,11.88,12.28,12.05,0.79,6.556,8.0175,2239222,28164830.37,1242912000.0,358609900.8
1998-01-14,'000407,胜利股份,12.05,12.2,11.5,11.5,11.58,0.47,4.0587,4.7763,1333991,15993163.23,1166440000.0,336545896.0
1998-01-13,'000407,胜利股份,11.58,12.15,11.02,12.0,12.24,-0.66,-5.3922,5.4745,1528993,17663066.09,1120944000.0,323419209.6
1998-01-12,'000407,胜利股份,12.24,12.7,11.6,12.1,12.16,0.08,0.6579,5.7407,1603319,20005705.42,1184832000.0,341852428.8
1998-01-09,'000407,胜利股份,12.16,12.35,11.9,12.25,12.3,-0.14,-1.1382,2.5948,724695,8772856.12,1177088000.0,339618099.2
1998-01-08,'000407,胜利股份,12.3,12.5,12.12,12.4,12.4,-0.1,-0.8065,3.8199,1066865,13108079.98,1190640000.0,343528176.0
1998-01-07,'000407,胜利股份,12.4,12.55,12.0,12.27,12.27,0.13,1.0595,3.7621,1050711,13017787.07,1200320000.0,346321088.0
1998-01-06,'000407,胜利股份,12.27,12.28,11.7,11.88,11.82,0.45,3.8071,6.1883,1728345,20890590.41,1187736000.0,342690302.4
1998-01-05,'000407,胜利股份,11.82,11.99,11.64,11.99,11.8,0.02,0.1695,2.5958,724989,8568091.35,1144176000.0,330122198.4
1997-12-31,'000407,胜利股份,11.8,11.88,11.42,11.58,11.54,0.26,2.253,1.5357,428920,5019798.16,1142240000.0,329563616.0
1997-12-30,'000407,胜利股份,11.54,11.82,11.5,11.8,11.77,-0.23,-1.9541,1.3954,389711,4533586.61,1117072000.0,322302044.8
1997-12-29,'000407,胜利股份,11.77,12.1,11.5,12.0,11.7,0.07,0.5983,3.9081,1091497,12847629.34,1139336000.0,328725742.4
1997-12-26,'000407,胜利股份,11.7,12.87,11.68,12.85,11.7,0.0,0.0,3.6567,1021279,12320230.99,1132560000.0,326770704.0
1997-12-25,'000407,胜利股份,11.7,11.85,11.22,11.22,11.2,0.5,4.4643,4.0535,1132108,13177484.66,1132560000.0,326770704.0
1997-12-24,'000407,胜利股份,11.2,11.47,11.14,11.2,11.09,0.11,0.9919,2.1851,610270,6889573.65,1084160000.0,312806144.0
1997-12-23,'000407,胜利股份,11.09,11.35,10.88,11.1,10.92,0.17,1.5568,1.9219,536756,5962655.57,1073512000.0,309733940.8
1997-12-22,'000407,胜利股份,10.92,11.26,10.8,11.26,11.26,-0.34,-3.0195,2.2644,632439,6928752.12,1057056000.0,304985990.4
1997-12-19,'000407,胜利股份,11.26,11.4,11.0,11.15,11.15,0.11,0.9865,1.3143,367083,4137836.93,1089968000.0,314481891.2
1997-12-18,'000407,胜利股份,11.15,11.3,11.1,11.2,11.28,-0.13,-1.1525,1.6035,447832,5005533.32,1079320000.0,311409688.0
1997-12-17,'000407,胜利股份,11.28,11.6,11.24,11.56,11.64,-0.36,-3.0928,1.2852,358958,4082184.74,1091904000.0,315040473.6
1997-12-16,'000407,胜利股份,11.64,11.74,11.4,11.61,11.42,0.22,1.9264,1.6636,464615,5360714.82,1126752000.0,325094956.8
1997-12-15,'000407,胜利股份,11.42,11.75,11.34,11.61,11.58,-0.16,-1.3817,2.9981,837344,9562353.99,1105456000.0,318950550.4
1997-12-12,'000407,胜利股份,11.58,11.85,11.49,11.85,11.59,-0.01,-0.0863,3.5856,1001417,11685022.86,1120944000.0,323419209.6
1997-12-11,'000407,胜利股份,11.59,11.99,11.48,11.99,12.01,-0.42,-3.4971,3.6864,1029579,11962456.88,1121912000.0,323698500.8
1997-12-10,'000407,胜利股份,12.01,12.5,11.88,12.3,12.35,-0.34,-2.753,3.739,1044271,12545145.19,1162568000.0,335428731.2
1997-12-09,'000407,胜利股份,12.35,12.38,11.71,11.78,11.94,0.41,3.4338,5.9725,1668065,20197527.8,1195480000.0,344924632.0
1997-12-08,'000407,胜利股份,11.94,12.18,11.74,11.88,11.87,0.07,0.5897,1.3972,317873,3794001.88,939081000.0,271635000.0
1997-12-05,'000407,胜利股份,11.87,12.17,11.62,11.68,11.61,0.26,2.2394,1.1254,256020,3033848.3,933575500.0,270042500.0
1997-12-04,'000407,胜利股份,11.61,11.67,11.25,11.26,11.26,0.35,3.1083,0.6154,139999,1614952.34,913126500.0,264127500.0
1997-12-03,'000407,胜利股份,11.26,11.58,11.16,11.58,11.45,-0.19,-1.6594,0.196,44600,506865.0,885599000.0,256165000.0
1997-12-02,'000407,胜利股份,11.45,11.55,11.38,11.4,11.4,0.05,0.4386,0.4241,96476,1105356.96,900542500.0,260487500.0
1997-12-01,'000407,胜利股份,11.4,11.63,11.28,11.3,11.35,0.05,0.4405,0.4447,101173,1157429.56,896610000.0,259350000.0
1997-11-28,'000407,胜利股份,11.35,11.38,11.1,11.2,11.24,0.11,0.9786,0.6123,139296,1566056.28,892677500.0,258212500.0
1997-11-27,'000407,胜利股份,11.24,11.6,11.2,11.6,11.58,-0.34,-2.9361,0.3385,77000,881498.52,884026000.0,255710000.0
1997-11-26,'000407,胜利股份,11.58,11.68,11.2,11.68,11.43,0.15,1.3123,0.4461,101499,1158056.07,910767000.0,263445000.0
1997-11-25,'000407,胜利股份,11.43,11.6,11.33,11.33,11.45,-0.02,-0.1747,0.4162,94695,1079605.1,898969500.0,260032500.0
1997-11-24,'000407,胜利股份,11.45,11.8,11.32,11.8,11.83,-0.38,-3.2122,0.7329,166730,1913911.2,900542500.0,260487500.0
1997-11-21,'000407,胜利股份,11.83,12.1,11.79,12.0,12.15,-0.32,-2.6337,0.6782,154300,1837501.16,930429500.0,269132500.0
1997-11-20,'000407,胜利股份,12.15,12.35,12.0,12.2,12.08,0.07,0.5795,0.6281,142900,1735058.0,955597500.0,276412500.0
1997-11-19,'000407,胜利股份,12.08,12.56,11.8,12.3,12.31,-0.23,-1.8684,1.0869,247270,2994608.3,950092000.0,274820000.0
1997-11-18,'000407,胜利股份,12.31,12.75,12.3,12.75,12.4,-0.09,-0.7258,0.5799,131932,1643282.28,968181500.0,280052500.0
1997-11-17,'000407,胜利股份,12.4,13.0,12.38,12.7,12.72,-0.32,-2.5157,1.044,237500,2965186.6,975260000.0,282100000.0
1997-11-14,'000407,胜利股份,12.72,13.3,12.55,13.3,12.85,-0.13,-1.0117,0.596,135600,1744290.6,1000428000.0,289380000.0
1997-11-13,'000407,胜利股份,12.85,12.85,12.35,12.4,12.64,0.21,1.6614,0.9052,205925,2581184.87,1010652500.0,292337500.0
1997-11-12,'000407,胜利股份,12.64,13.15,12.61,12.9,12.87,-0.23,-1.7871,0.8978,204250,2628184.8,994136000.0,287560000.0
1997-11-11,'000407,胜利股份,12.87,12.94,12.5,12.75,12.99,-0.12,-0.9238,0.8762,199346,2544975.36,1012225500.0,292792500.0
1997-11-10,'000407,胜利股份,12.99,13.78,12.8,13.65,13.5,-0.51,-3.7778,2.0022,455500,6036790.04,1021663500.0,295522500.0
1997-11-07,'000407,胜利股份,13.5,13.55,12.62,12.98,12.81,0.69,5.3864,2.3812,541719,7108380.15,1061775000.0,307125000.0
1997-11-06,'000407,胜利股份,12.81,13.28,12.75,13.05,12.96,-0.15,-1.1574,1.5269,347377,4552796.23,1007506500.0,291427500.0
1997-11-05,'000407,胜利股份,12.96,13.0,12.71,12.86,12.76,0.2,1.5674,0.4759,108260,1396225.0,1019304000.0,294840000.0
1997-11-04,'000407,胜利股份,12.76,12.96,12.36,12.39,12.36,0.4,3.2362,1.2741,289862,3677897.7,1003574000.0,290290000.0
1997-11-03,'000407,胜利股份,12.36,12.73,12.3,12.62,12.58,-0.22,-1.7488,1.4764,335875,4181984.34,972114000.0,281190000.0
1997-10-31,'000407,胜利股份,12.58,12.6,12.09,12.5,12.73,-0.15,-1.1783,1.9443,442333,5484898.66,989417000.0,286195000.0
1997-10-30,'000407,胜利股份,12.73,13.3,12.65,13.2,13.05,-0.32,-2.4521,2.9939,681110,8860997.46,1001214500.0,289607500.0
1997-10-29,'000407,胜利股份,13.05,13.09,12.58,12.9,12.88,0.17,1.3199,2.9381,668408,8608335.05,1026382500.0,296887500.0
1997-10-28,'000407,胜利股份,12.88,13.7,12.5,13.7,13.7,-0.82,-5.9854,7.028,1598877,21014291.3,1013012000.0,293020000.0
1997-10-27,'000407,胜利股份,13.7,14.13,13.5,13.81,13.73,-0.03,-0.2185,7.1419,1624790,22332256.65,1077505000.0,311675000.0
1997-10-24,'000407,胜利股份,13.73,13.8,13.01,13.12,13.12,0.61,4.6494,5.2955,1204732,16146837.77,1079864500.0,312357500.0
1997-10-23,'000407,胜利股份,13.12,13.5,12.71,13.25,13.31,-0.19,-1.4275,4.8089,1094014,14313472.92,1031888000.0,298480000.0
1997-10-22,'000407,胜利股份,13.31,14.3,13.12,13.19,13.09,0.22,1.6807,14.6986,3343930,45506496.79,1046831500.0,302802500.0
1997-10-21,'000407,胜利股份,13.09,13.09,11.86,12.0,11.9,1.19,10.0,7.6441,1739030,21932098.33,1029528500.0,297797500.0
1997-10-20,'000407,胜利股份,11.9,11.98,11.6,11.6,11.48,0.42,3.6585,3.5805,814561,9641256.48,935935000.0,270725000.0
1997-10-17,'000407,胜利股份,11.48,11.6,11.28,11.45,12.53,-1.05,-8.3799,3.4581,786710,9018804.95,902902000.0,261170000.0
1997-10-16,'000407,胜利股份,12.53,12.59,12.0,12.0,12.2,0.33,2.7049,4.403,1001684,12394600.36,985484500.0,285057500.0
1997-10-15,'000407,胜利股份,12.2,12.3,12.09,12.3,12.2,0.0,0.0,1.8441,419543,5108722.38,959530000.0,277550000.0
1997-10-14,'000407,胜利股份,12.2,12.4,12.1,12.38,12.47,-0.27,-2.1652,1.1126,253119,3095525.47,959530000.0,277550000.0
1997-10-13,'000407,胜利股份,12.47,12.81,12.37,12.45,12.35,0.12,0.9717,2.2556,513150,6468680.47,980765500.0,283692500.0
1997-10-10,'000407,胜利股份,12.35,12.4,11.99,12.01,12.01,0.34,2.831,1.4971,340590,4165821.3,971327500.0,280962500.0
1997-10-09,'000407,胜利股份,12.01,12.18,11.95,12.0,12.21,-0.2,-1.638,0.7949,180850,2179863.5,944586500.0,273227500.0
1997-10-08,'000407,胜利股份,12.21,12.35,11.88,12.0,11.81,0.4,3.387,1.9322,439567,5318936.65,960316500.0,277777500.0
1997-10-07,'000407,胜利股份,11.81,11.89,11.68,11.7,11.76,0.05,0.4252,0.3725,84739,993101.52,928856500.0,268677500.0
1997-10-06,'000407,胜利股份,11.76,12.0,11.73,11.75,11.77,-0.01,-0.085,0.673,153100,1809983.0,924924000.0,267540000.0
1997-09-30,'000407,胜利股份,11.77,11.98,11.58,11.68,11.65,0.12,1.03,1.033,235000,2752395.4,925710500.0,267767500.0
1997-09-29,'000407,胜利股份,11.65,12.08,11.56,12.0,12.17,-0.52,-4.2728,1.1785,268101,3135378.71,916272500.0,265037500.0
1997-09-26,'000407,胜利股份,12.17,12.6,11.76,11.9,11.88,0.29,2.4411,2.3934,544501,6600153.98,957170500.0,276867500.0
1997-09-25,'000407,胜利股份,11.88,12.0,11.53,11.78,11.78,0.1,0.8489,1.4915,339318,4017371.32,934362000.0,270270000.0
1997-09-24,'000407,胜利股份,11.78,11.86,10.95,11.38,10.8,0.98,9.0741,4.262,969594,11198395.4,926497000.0,267995000.0
1997-09-23,'000407,胜利股份,10.8,11.9,10.66,11.8,11.79,-0.99,-8.3969,1.4646,333206,3815849.76,849420000.0,245700000.0
1997-09-22,'000407,胜利股份,11.79,12.65,11.6,12.65,12.51,-0.72,-5.7554,1.7169,390600,4758223.0,927283500.0,268222500.0
1997-09-19,'000407,胜利股份,12.51,13.0,12.4,13.0,12.73,-0.22,-1.7282,3.1857,724749,9176264.33,983911500.0,284602500.0
1997-09-18,'000407,胜利股份,12.73,12.73,11.51,11.6,11.55,1.18,10.2165,6.2669,1425716,17250753.56,1001214500.0,289607500.0
1997-09-17,'000407,胜利股份,11.55,12.0,11.51,11.98,11.84,-0.29,-2.4493,0.8967,204000,2385250.0,908407500.0,262762500.0
1997-09-16,'000407,胜利股份,11.84,11.98,11.62,11.8,11.9,-0.06,-0.5042,0.7159,162871,1919901.3,931216000.0,269360000.0
1997-09-15,'000407,胜利股份,11.9,12.2,11.81,12.05,12.23,-0.33,-2.6983,0.8396,191000,2287779.29,935935000.0,270725000.0
1997-09-12,'000407,胜利股份,12.23,12.5,12.2,12.46,12.5,-0.27,-2.16,0.8334,189600,2345521.0,961889500.0,278232500.0
1997-09-11,'000407,胜利股份,12.5,12.89,12.3,12.64,12.61,-0.11,-0.8723,1.182,268910,3420242.23,983125000.0,284375000.0
1997-09-10,'000407,胜利股份,12.61,12.8,12.46,12.5,12.5,0.11,0.88,0.8484,193000,2416759.5,991776500.0,286877500.0
1997-09-09,'000407,胜利股份,12.5,13.09,12.5,12.8,12.85,-0.35,-2.7237,1.2013,273300,3486316.72,983125000.0,284375000.0
1997-09-08,'000407,胜利股份,12.85,13.15,12.78,13.01,12.95,-0.1,-0.7722,1.6935,385277,4995970.19,1010652500.0,292337500.0
1997-09-05,'000407,胜利股份,12.95,13.2,12.75,13.2,13.14,-0.19,-1.446,1.4009,318700,4132208.0,1018517500.0,294612500.0
1997-09-04,'000407,胜利股份,13.14,13.15,12.6,12.6,12.55,0.59,4.7012,3.3868,770501,9958006.19,1033461000.0,298935000.0
1997-09-03,'000407,胜利股份,12.55,12.68,12.38,12.5,12.5,0.05,0.4,1.9639,446797,5610869.73,987057500.0,285512500.0
1997-09-02,'000407,胜利股份,12.5,12.55,11.96,12.18,12.1,0.4,3.3058,2.743,624026,7609269.99,983125000.0,284375000.0
1997-09-01,'000407,胜利股份,12.1,12.4,12.0,12.38,12.38,-0.28,-2.2617,1.2057,274300,3328150.0,951665000.0,275275000.0
1997-08-29,'000407,胜利股份,12.38,12.6,12.28,12.52,12.53,-0.15,-1.1971,1.5545,353646,4390262.36,973687000.0,281645000.0
1997-08-28,'000407,胜利股份,12.53,12.96,12.5,12.84,12.87,-0.34,-2.6418,1.4791,336490,4249651.2,985484500.0,285057500.0
1997-08-27,'000407,胜利股份,12.87,12.88,12.43,12.48,12.39,0.48,3.8741,2.1904,498312,6300134.36,1012225500.0,292792500.0
1997-08-26,'000407,胜利股份,12.39,12.5,12.2,12.38,12.53,-0.14,-1.1173,1.6329,371476,4570488.71,974473500.0,281872500.0
1997-08-25,'000407,胜利股份,12.53,12.69,12.25,12.69,12.54,-0.01,-0.0797,1.7804,405046,5015245.32,985484500.0,285057500.0
1997-08-22,'000407,胜利股份,12.54,12.6,12.1,12.33,12.32,0.22,1.7857,1.5153,344742,4284371.86,986271000.0,285285000.0
1997-08-21,'000407,胜利股份,12.32,12.37,11.89,11.9,11.9,0.42,3.5294,1.7502,398165,4846533.83,968968000.0,280280000.0
1997-08-20,'000407,胜利股份,11.9,11.9,11.4,11.9,11.6,0.3,2.5862,1.0873,247350,2874880.5,935935000.0,270725000.0
1997-08-19,'000407,胜利股份,11.6,12.3,11.58,12.0,11.87,-0.27,-2.2746,1.5477,352100,4145973.0,912340000.0,263900000.0
1997-08-18,'000407,胜利股份,11.87,12.75,11.7,12.7,12.79,-0.92,-7.1931,1.7782,404550,4900778.5,933575500.0,270042500.0
1997-08-15,'000407,胜利股份,12.79,13.02,12.2,12.7,12.79,0.0,0.0,2.103,478427,6001508.91,1005933500.0,290972500.0
1997-08-14,'000407,胜利股份,12.79,12.8,12.4,12.5,12.6,0.19,1.5079,2.1195,482190,6059053.62,1005933500.0,290972500.0
1997-08-13,'000407,胜利股份,12.6,13.47,12.6,13.2,13.29,-0.69,-5.1919,1.8616,423520,5518625.2,990990000.0,286650000.0
1997-08-12,'000407,胜利股份,13.29,13.59,13.0,13.08,13.08,0.21,1.6055,3.5337,803910,10696616.64,1045258500.0,302347500.0
1997-08-11,'000407,胜利股份,13.08,13.19,12.79,12.92,12.9,0.18,1.3953,2.8902,657511,8558369.53,1028742000.0,297570000.0
1997-08-08,'000407,胜利股份,12.9,13.45,12.85,13.4,13.28,-0.38,-2.8614,3.3985,773151,10029305.36,1014585000.0,293475000.0
1997-08-07,'000407,胜利股份,13.28,13.67,12.87,13.5,13.57,-0.29,-2.1371,3.5269,802380,10593370.6,1044472000.0,302120000.0
1997-08-06,'000407,胜利股份,13.57,14.3,13.51,14.3,14.14,-0.57,-4.0311,2.2334,508100,7054821.7,1067280500.0,308717500.0
1997-08-05,'000407,胜利股份,14.14,14.49,13.95,14.15,14.21,-0.07,-0.4926,2.698,613800,8648742.72,1112111000.0,321685000.0
1997-08-04,'000407,胜利股份,14.21,14.6,13.9,13.9,13.9,0.31,2.2302,6.8317,1554223,22218361.53,1117616500.0,323277500.0
1997-08-01,'000407,胜利股份,13.9,14.28,13.32,13.98,14.74,-0.84,-5.6988,9.4252,2144222,29670093.07,1093235000.0,316225000.0
1997-07-31,'000407,胜利股份,14.74,15.5,14.5,15.5,15.43,-0.69,-4.4718,10.8926,2478070,37112504.56,1159301000.0,335335000.0
1997-07-30,'000407,胜利股份,15.43,15.68,14.2,15.0,15.18,0.25,1.6469,12.0299,2736794,41039745.22,1213569500.0,351032500.0
1997-07-29,'000407,胜利股份,15.18,15.8,14.7,15.2,16.24,-1.06,-6.5271,7.0218,1597462,24344198.43,1193907000.0,345345000.0
1997-07-28,'000407,胜利股份,16.24,17.5,16.24,17.5,18.2,-1.96,-10.7692,3.9561,900004,14952818.0,1277276000.0,369460000.0
1997-07-25,'000407,胜利股份,18.2,18.7,17.0,18.5,18.7,-0.5,-2.6738,9.1669,2085468,37197298.6,1431430000.0,414050000.0
1997-07-24,'000407,胜利股份,18.7,19.46,18.6,19.0,19.44,-0.74,-3.8066,2.5982,591100,11271649.77,1470755000.0,425425000.0
1997-07-23,'000407,胜利股份,19.44,19.98,19.0,19.45,19.4,0.04,0.2062,3.3856,770219,15048595.6,1528956000.0,442260000.0
1997-07-22,'000407,胜利股份,19.4,19.8,18.8,19.2,19.38,0.02,0.1032,2.6712,607694,11718636.86,1525810000.0,441350000.0
1997-07-21,'000407,胜利股份,19.38,20.1,19.0,19.0,19.06,0.32,1.6789,6.8566,1559867,30625714.07,1524237000.0,440895000.0
1997-07-18,'000407,胜利股份,19.06,19.45,18.5,19.23,19.22,-0.16,-0.8325,4.5057,1025036,19618006.0,1499069000.0,433615000.0
1997-07-17,'000407,胜利股份,19.22,19.49,17.9,18.15,18.23,0.99,5.4306,5.8653,1334346,25256764.04,1511653000.0,437255000.0
1997-07-16,'000407,胜利股份,18.23,18.35,17.6,18.35,18.09,0.14,0.7739,4.9338,1122448,20234790.8,1433789500.0,414732500.0
1997-07-15,'000407,胜利股份,18.09,18.4,17.5,17.7,17.89,0.2,1.1179,6.5432,1488589,26644953.42,1422778500.0,411547500.0
1997-07-14,'000407,胜利股份,17.89,18.2,16.45,17.0,16.78,1.11,6.615,12.5095,2845900,49495355.3,1407048500.0,406997500.0
1997-07-11,'000407,胜利股份,16.78,16.99,15.31,15.31,15.45,1.33,8.6084,7.7829,1770609,28559972.55,1319747000.0,381745000.0
1997-07-10,'000407,胜利股份,15.45,15.96,15.2,15.55,15.48,-0.03,-0.1938,2.4754,563143,8825148.5,1215142500.0,351487500.0
1997-07-09,'000407,胜利股份,15.48,15.65,14.9,15.0,15.49,-0.01,-0.0646,2.4048,547083,8314062.67,1217502000.0,352170000.0
1997-07-08,'000407,胜利股份,15.49,15.78,14.71,15.02,15.5,-0.01,-0.0645,3.9319,894517,13579133.91,1218288500.0,352397500.0
1997-07-07,'000407,胜利股份,15.5,16.7,15.1,16.1,15.92,-0.42,-2.6382,9.1379,2078881,33278859.66,1219075000.0,352625000.0
1997-07-04,'000407,胜利股份,15.92,16.0,15.01,15.01,15.41,0.51,3.3095,4.064,924563,14483106.15,1252108000.0,362180000.0
1997-07-03,'000407,胜利股份,15.41,16.0,14.9,15.62,15.59,-0.18,-1.1546,4.2452,965790,14807712.3,1211996500.0,350577500.0
1997-07-02,'000407,胜利股份,15.59,16.68,14.7,16.5,16.3,-0.71,-4.3558,5.0974,1159669,18196843.12,1226153500.0,354672500.0
1997-06-27,'000407,胜利股份,16.3,16.48,15.9,15.9,15.95,0.35,2.1944,5.9365,1350554,21893314.96,1281995000.0,370825000.0
1997-06-26,'000407,胜利股份,15.95,16.2,15.6,15.95,15.97,-0.02,-0.1252,3.277,745514,11894231.08,1254467500.0,362862500.0
1997-06-25,'000407,胜利股份,15.97,16.06,15.28,15.38,15.15,0.82,5.4125,7.725,1757434,27774584.93,1256040500.0,363317500.0
1997-06-24,'000407,胜利股份,15.15,15.35,14.91,15.0,15.01,0.14,0.9327,5.4604,1242234,18790829.33,1191547500.0,344662500.0
1997-06-23,'000407,胜利股份,15.01,15.8,14.46,15.65,15.4,-0.39,-2.5325,11.5451,2626513,39918433.08,1180536500.0,341477500.0
1997-06-20,'000407,胜利股份,15.4,15.41,14.2,14.2,14.01,1.39,9.9215,13.3043,3026734,45519147.51,1211210000.0,350350000.0
1997-06-19,'000407,胜利股份,14.01,14.1,13.6,13.7,13.84,0.17,1.2283,6.1048,1388845,19442903.96,1101886500.0,318727500.0
1997-06-18,'000407,胜利股份,13.84,14.2,13.63,13.8,13.89,-0.05,-0.36,5.5761,1268561,17754300.7,1088516000.0,314860000.0
1997-06-17,'000407,胜利股份,13.89,14.4,13.7,13.9,13.92,-0.03,-0.2155,8.1641,1857329,25982130.95,1092448500.0,315997500.0
1997-06-16,'000407,胜利股份,13.92,14.16,13.3,13.3,12.87,1.05,8.1585,17.7807,4045116,56020883.42,1094808000.0,316680000.0
1997-06-13,'000407,胜利股份,12.87,13.15,11.8,12.0,12.54,0.33,2.6316,6.3605,1447014,18552991.9,1012225500.0,292792500.0
1997-06-12,'000407,胜利股份,12.54,12.7,12.15,12.45,12.48,0.06,0.4808,3.4486,784550,9826376.1,986271000.0,285285000.0
1997-06-11,'000407,胜利股份,12.48,12.58,11.41,11.93,12.11,0.37,3.0553,3.7765,859149,10342905.26,981552000.0,283920000.0
1997-06-10,'000407,胜利股份,12.11,13.26,11.91,13.26,12.98,-0.87,-6.7026,4.244,965518,11926299.8,952451500.0,275502500.0
1997-06-09,'000407,胜利股份,12.98,13.1,12.1,12.18,12.08,0.9,7.4503,8.9168,2028563,25834959.27,1020877000.0,295295000.0
1997-06-06,'000407,胜利股份,12.08,12.15,11.23,11.5,12.36,-0.28,-2.2654,4.3331,985791,11645070.15,950092000.0,274820000.0
1997-06-05,'000407,胜利股份,12.36,12.45,11.79,11.99,11.99,0.37,3.0859,3.1909,725924,8739585.63,972114000.0,281190000.0
1997-06-04,'000407,胜利股份,11.99,12.02,11.63,12.0,11.78,0.21,1.7827,1.951,443842,5265623.74,943013500.0,272772500.0
1997-06-03,'000407,胜利股份,11.78,11.8,11.4,11.7,11.52,0.26,2.2569,2.0324,462378,5366560.04,926497000.0,267995000.0
1997-06-02,'000407,胜利股份,11.52,11.57,11.1,11.2,10.98,0.54,4.918,1.7241,392236,4471820.63,906048000.0,262080000.0
1997-05-30,'000407,胜利股份,10.98,10.98,10.63,10.75,10.8,0.18,1.6667,0.947,215438,2332709.37,863577000.0,249795000.0
1997-05-29,'000407,胜利股份,10.8,10.98,10.5,10.6,10.7,0.1,0.9346,1.5981,363559,3923670.5,849420000.0,245700000.0
1997-05-28,'000407,胜利股份,10.7,10.95,10.61,10.8,10.89,-0.19,-1.7447,0.8706,198060,2129984.64,841555000.0,243425000.0
1997-05-27,'000407,胜利股份,10.89,10.95,10.53,10.79,10.5,0.39,3.7143,1.3106,298164,3207751.52,856498500.0,247747500.0
1997-05-26,'000407,胜利股份,10.5,10.9,10.3,10.5,10.62,-0.12,-1.1299,1.3503,307182,3239337.5,825825000.0,238875000.0
1997-05-23,'000407,胜利股份,10.62,11.0,10.37,10.81,10.8,-0.18,-1.6667,1.5873,361100,3833836.8,835263000.0,241605000.0
1997-05-22,'000407,胜利股份,10.8,11.4,10.8,10.8,12.0,-1.2,-10.0,2.4173,549928,5972868.4,849420000.0,245700000.0
1997-05-21,'000407,胜利股份,12.0,12.39,11.75,12.28,12.3,-0.3,-2.439,1.3198,300250,3615909.34,943800000.0,273000000.0
1997-05-20,'000407,胜利股份,12.3,12.4,12.02,12.2,12.03,0.27,2.2444,1.2673,288300,3507079.0,967395000.0,279825000.0
1997-05-19,'000407,胜利股份,12.03,12.3,11.66,11.66,11.77,0.26,2.209,1.9355,440318,5258735.22,946159500.0,273682500.0
1997-05-16,'000407,胜利股份,11.77,12.6,11.57,12.35,12.9,-1.13,-8.7597,4.3977,1000474,11940106.98,925710500.0,267767500.0
1997-05-15,'000407,胜利股份,12.9,12.93,12.2,12.36,12.35,0.55,4.4534,2.3623,537420,6815484.2,1014585000.0,293475000.0
1997-05-14,'000407,胜利股份,12.35,13.0,12.3,13.0,13.03,-0.68,-5.2187,2.8743,653910,8245947.1,971327500.0,280962500.0
1997-05-13,'000407,胜利股份,13.03,13.6,12.6,13.6,13.5,-0.47,-3.4815,3.8161,868170,11372952.0,1024809500.0,296432500.0
1997-05-12,'000407,胜利股份,13.5,13.6,13.0,13.0,12.99,0.51,3.9261,8.718,1983356,26364974.48,1061775000.0,307125000.0
1997-05-09,'000407,胜利股份,12.99,13.0,12.2,12.37,12.43,0.56,4.5052,6.0935,1386275,17444183.05,1021663500.0,295522500.0
1997-05-08,'000407,胜利股份,12.43,13.19,12.4,13.0,13.1,-0.67,-5.1145,5.3536,1217950,15579016.9,977619500.0,282782500.0
1997-05-07,'000407,胜利股份,13.1,13.65,13.0,13.5,13.45,-0.35,-2.6022,6.908,1571562,20719325.73,1030315000.0,298025000.0
1997-05-06,'000407,胜利股份,13.45,13.45,12.6,13.16,13.0,0.45,3.4615,12.2757,2792721,36090162.05,1057842500.0,305987500.0
1997-05-05,'000407,胜利股份,13.0,13.2,12.7,12.7,12.67,0.33,2.6046,7.115,1618673,20931454.9,1022450000.0,295750000.0
1997-04-30,'000407,胜利股份,12.67,12.85,12.5,12.8,12.54,0.13,1.0367,2.1606,491527,6217602.31,996495500.0,288242500.0
1997-04-29,'000407,胜利股份,0.0,0.0,0.0,0.0,12.54,None,None,0.0,0,0.0,986271000.0,285285000.0
1997-04-28,'000407,胜利股份,12.54,13.0,12.5,12.6,12.88,-0.34,-2.6398,4.3455,988602,12514378.76,986271000.0,285285000.0
1997-04-25,'000407,胜利股份,12.88,13.3,12.8,13.12,13.1,-0.22,-1.6794,6.5537,1490974,19231745.76,1013012000.0,293020000.0
1997-04-24,'000407,胜利股份,13.1,13.5,12.99,13.4,13.49,-0.39,-2.891,7.5779,1723980,22619142.33,1030315000.0,298025000.0
1997-04-23,'000407,胜利股份,13.49,14.44,13.4,14.44,13.58,-0.09,-0.6627,13.9479,3173140,43603573.53,1060988500.0,306897500.0
1997-04-22,'000407,胜利股份,13.58,13.62,12.75,12.86,12.87,0.71,5.5167,17.5052,3982440,53346909.21,1068067000.0,308945000.0
1997-04-21,'000407,胜利股份,12.87,13.25,12.7,12.8,12.61,0.26,2.0619,10.2359,2328670,30229615.62,1012225500.0,292792500.0
1997-04-18,'000407,胜利股份,12.61,12.7,12.25,12.5,12.64,-0.03,-0.2373,4.4321,1008314,12598926.51,991776500.0,286877500.0
1997-04-17,'000407,胜利股份,12.64,12.82,12.45,12.82,12.8,-0.16,-1.25,6.1706,1403816,17669377.93,994136000.0,287560000.0
1997-04-16,'000407,胜利股份,12.8,13.05,12.7,12.98,12.7,0.1,0.7874,13.5725,3087751,39655210.22,1006720000.0,291200000.0
1997-04-15,'000407,胜利股份,12.7,13.0,12.51,12.8,12.68,0.02,0.1577,16.202,3685944,46976612.47,998855000.0,288925000.0
1997-04-14,'000407,胜利股份,12.68,12.7,11.9,11.97,11.59,1.09,9.4047,25.9358,5900400,73537521.26,997282000.0,288470000.0
1997-04-11,'000407,胜利股份,11.59,11.65,11.38,11.65,11.73,-0.14,-1.1935,2.6546,603927,6941504.95,911553500.0,263672500.0
1997-04-10,'000407,胜利股份,11.73,12.15,11.7,12.11,11.97,-0.24,-2.005,2.9459,670202,7964715.6,922564500.0,266857500.0
1997-04-09,'000407,胜利股份,11.97,12.18,11.56,11.6,11.56,0.41,3.5467,8.9446,2034904,24211141.3,941440500.0,272317500.0
1997-04-08,'000407,胜利股份,11.56,11.9,11.3,11.5,11.64,-0.08,-0.6873,3.1187,709511,8236443.79,909194000.0,262990000.0
1997-04-07,'000407,胜利股份,11.64,11.9,11.5,11.75,11.75,-0.11,-0.9362,2.9622,673909,7800777.22,915486000.0,264810000.0
1997-04-04,'000407,胜利股份,11.75,11.98,11.67,11.84,11.83,-0.08,-0.6762,3.8767,881950,10404752.8,924137500.0,267312500.0
1997-04-03,'000407,胜利股份,11.83,12.0,11.69,11.95,11.97,-0.14,-1.1696,2.0296,461735,5452443.8,930429500.0,269132500.0
1997-04-02,'000407,胜利股份,11.97,12.45,11.96,12.45,12.23,-0.26,-2.1259,4.8741,1108860,13378851.42,941440500.0,272317500.0
1997-04-01,'000407,胜利股份,12.23,12.6,11.99,12.04,11.99,0.24,2.0017,8.3055,1889494,23085443.03,961889500.0,278232500.0
1997-03-31,'000407,胜利股份,11.99,12.0,11.62,11.8,11.79,0.2,1.6964,5.7333,1304325,15486378.02,943013500.0,272772500.0
1997-03-28,'000407,胜利股份,11.79,11.95,11.55,11.6,11.72,0.07,0.5973,5.6598,1287600,15140753.7,927283500.0,268222500.0
1997-03-27,'000407,胜利股份,11.72,11.8,11.45,11.75,11.75,-0.03,-0.2553,8.7469,1989910,23095024.89,921778000.0,266630000.0
1997-03-26,'000407,胜利股份,11.75,12.1,11.16,11.8,12.16,-0.41,-3.3717,8.4689,1926667,22517279.24,924137500.0,267312500.0
1997-03-25,'000407,胜利股份,12.16,12.28,12.0,12.19,12.18,-0.02,-0.1642,4.9812,1133220,13793914.48,956384000.0,276640000.0
1997-03-24,'000407,胜利股份,12.18,12.5,12.01,12.45,12.18,0.0,0.0,4.6141,1049714,12806747.36,957957000.0,277095000.0
1997-03-21,'000407,胜利股份,12.18,12.2,11.8,11.9,11.94,0.24,2.0101,3.0221,687520,8270511.8,957957000.0,277095000.0
1997-03-20,'000407,胜利股份,11.94,12.63,11.91,12.4,12.26,-0.32,-2.6101,5.1864,1179900,14461075.72,939081000.0,271635000.0
1997-03-19,'000407,胜利股份,12.26,12.45,11.96,12.22,12.2,0.06,0.4918,4.0422,919593,11161644.42,964249000.0,278915000.0
1997-03-18,'000407,胜利股份,12.2,12.69,12.1,12.46,12.48,-0.28,-2.2436,4.9415,1124198,13865738.52,959530000.0,277550000.0
1997-03-17,'000407,胜利股份,12.48,12.65,12.03,12.33,12.08,0.4,3.3113,13.3907,3046386,37703815.57,981552000.0,283920000.0
1997-03-14,'000407,胜利股份,12.08,12.08,11.7,11.99,12.02,0.06,0.4992,6.2964,1432433,17073189.2,950092000.0,274820000.0
1997-03-13,'000407,胜利股份,12.02,12.35,11.7,12.0,11.98,0.04,0.3339,9.264,2107564,25335554.48,945373000.0,273455000.0
1997-03-12,'000407,胜利股份,11.98,11.99,11.6,11.63,11.59,0.39,3.365,11.8049,2685621,31717043.14,942227000.0,272545000.0
1997-03-11,'000407,胜利股份,11.59,11.75,11.2,11.3,11.24,0.35,3.1139,6.151,1399351,16081091.63,911553500.0,263672500.0
1997-03-10,'000407,胜利股份,11.24,11.35,11.15,11.3,11.19,0.05,0.4468,2.917,663626,7445645.56,884026000.0,255710000.0
1997-03-07,'000407,胜利股份,11.19,11.35,11.1,11.2,11.2,-0.01,-0.0893,2.7182,618380,6940055.98,880093500.0,254572500.0
1997-03-06,'000407,胜利股份,11.2,11.23,10.9,11.08,11.12,0.08,0.7194,2.7143,617501,6890272.93,880880000.0,254800000.0
1997-03-05,'000407,胜利股份,11.12,11.73,11.09,11.7,11.53,-0.41,-3.5559,3.4392,782412,8898720.52,874588000.0,252980000.0
1997-03-04,'000407,胜利股份,11.53,11.74,11.3,11.3,11.4,0.13,1.1404,7.1319,1622512,18726333.79,906834500.0,262307500.0
1997-03-03,'000407,胜利股份,11.4,11.4,10.9,10.95,10.98,0.42,3.8251,6.0004,1365088,15332229.04,896610000.0,259350000.0
1997-02-28,'000407,胜利股份,10.98,10.98,10.6,10.9,10.92,0.06,0.5495,3.1657,720189,7777660.2,863577000.0,249795000.0
1997-02-27,'000407,胜利股份,10.92,11.18,10.86,11.0,10.98,-0.06,-0.5464,4.1057,934050,10274962.5,858858000.0,248430000.0
1997-02-26,'000407,胜利股份,10.98,11.01,10.66,10.8,10.7,0.28,2.6168,3.0325,689894,7477598.34,863577000.0,249795000.0
1997-02-25,'000407,胜利股份,10.7,10.8,10.46,10.46,10.46,0.24,2.2945,1.8721,425910,4544378.88,841555000.0,243425000.0
1997-02-24,'000407,胜利股份,10.46,10.55,10.39,10.39,10.43,0.03,0.2876,2.3456,533620,5600188.0,822679000.0,237965000.0
1997-02-21,'000407,胜利股份,10.43,10.49,10.3,10.3,10.21,0.22,2.1548,2.0249,460659,4780773.7,820319500.0,237282500.0
1997-02-20,'000407,胜利股份,10.21,10.4,9.5,9.5,10.55,-0.34,-3.2227,4.1152,936207,9352426.75,803016500.0,232277500.0
1997-02-19,'000407,胜利股份,10.55,10.8,10.08,10.21,10.04,0.51,5.0797,2.5712,584952,6074608.22,829757500.0,240012500.0
1997-02-18,'000407,胜利股份,10.04,11.15,10.04,11.15,11.15,-1.11,-9.9552,2.987,679550,7151564.52,789646000.0,228410000.0
1997-02-17,'000407,胜利股份,11.15,11.38,10.9,11.2,11.22,-0.07,-0.6239,1.7566,399617,4464349.77,876947500.0,253662500.0
1997-01-31,'000407,胜利股份,11.22,11.28,11.1,11.1,11.23,-0.01,-0.089,2.9851,679111,7614808.14,882453000.0,255255000.0
1997-01-30,'000407,胜利股份,11.23,11.4,11.1,11.2,11.14,0.09,0.8079,3.619,823328,9247541.6,883239500.0,255482500.0
1997-01-29,'000407,胜利股份,11.14,11.16,11.0,11.13,11.13,0.01,0.0898,2.2614,514469,5710521.65,876161000.0,253435000.0
1997-01-28,'000407,胜利股份,11.13,11.4,11.04,11.35,11.3,-0.17,-1.5044,2.8379,645630,7209424.85,875374500.0,253207500.0
1997-01-27,'000407,胜利股份,11.3,11.47,11.17,11.35,11.23,0.07,0.6233,4.4009,1001205,11303710.25,888745000.0,257075000.0
1997-01-24,'000407,胜利股份,11.23,11.4,10.8,10.9,10.89,0.34,3.1221,6.2354,1418544,15804133.59,883239500.0,255482500.0
1997-01-23,'000407,胜利股份,10.89,11.0,10.75,10.8,10.75,0.14,1.3023,3.2628,742276,8075451.85,856498500.0,247747500.0
1997-01-22,'000407,胜利股份,10.75,10.76,10.55,10.63,10.63,0.12,1.1289,2.6743,608407,6501497.03,845487500.0,244562500.0
1997-01-21,'000407,胜利股份,10.63,10.85,10.6,10.78,10.75,-0.12,-1.1163,1.598,363538,3883119.54,836049500.0,241832500.0
1997-01-20,'000407,胜利股份,10.75,10.84,10.55,10.63,10.66,0.09,0.8443,2.5108,571206,6141813.78,845487500.0,244562500.0
1997-01-17,'000407,胜利股份,10.66,10.8,10.35,10.45,10.49,0.17,1.6206,3.1219,710240,7548399.17,838409000.0,242515000.0
1997-01-16,'000407,胜利股份,10.49,10.63,10.16,10.55,10.62,-0.13,-1.2241,1.664,378560,3930256.0,825038500.0,238647500.0
1997-01-15,'000407,胜利股份,10.62,10.7,10.4,10.5,10.5,0.12,1.1429,1.9906,452866,4774845.32,835263000.0,241605000.0
1997-01-14,'000407,胜利股份,10.5,10.8,10.45,10.8,10.86,-0.36,-3.3149,2.6119,594217,6270804.16,825825000.0,238875000.0
1997-01-13,'000407,胜利股份,10.86,11.0,10.6,10.6,10.48,0.38,3.626,3.5392,805170,8754030.54,854139000.0,247065000.0
1997-01-10,'000407,胜利股份,10.48,10.56,10.2,10.2,10.43,0.05,0.4794,1.828,415867,4334222.53,824252000.0,238420000.0
1997-01-09,'000407,胜利股份,10.43,10.6,10.38,10.4,10.36,0.07,0.6757,1.8116,412145,4315717.43,820319500.0,237282500.0
1997-01-08,'000407,胜利股份,10.36,10.7,10.12,10.56,10.57,-0.21,-1.9868,2.8523,648904,6727839.36,814814000.0,235690000.0
1997-01-07,'000407,胜利股份,10.57,10.75,9.5,9.6,10.01,0.56,5.5944,4.8509,1103585,11358668.34,831330500.0,240467500.0
1997-01-06,'000407,胜利股份,10.01,10.82,10.0,10.8,11.05,-1.04,-9.4118,4.1796,950870,9885895.66,787286500.0,227727500.0
1997-01-03,'000407,胜利股份,11.05,11.65,10.9,11.65,11.78,-0.73,-6.1969,6.9301,1576596,17653380.83,869082500.0,251387500.0
1997-01-02,'000407,胜利股份,11.78,12.3,11.5,11.64,11.42,0.36,3.1524,17.6973,4026147,48058715.02,926497000.0,267995000.0
1996-12-31,'000407,胜利股份,11.42,11.72,10.2,10.98,10.67,0.75,7.0291,20.7829,4728100,53699908.0,898183000.0,259805000.0
1996-12-30,'000407,胜利股份,10.67,10.67,9.8,9.8,9.7,0.97,10.0,8.8255,2007800,20650060.0,839195500.0,242742500.0
1996-12-27,'000407,胜利股份,9.7,9.71,9.25,9.3,9.08,0.62,6.8282,5.9305,1349200,12828372.0,762905000.0,220675000.0
1996-12-26,'000407,胜利股份,9.08,9.25,8.9,9.12,9.05,0.03,0.3315,2.4308,553000,5035465.0,714142000.0,206570000.0
1996-12-25,'000407,胜利股份,9.06,9.2,8.3,8.9,8.78,0.28,3.1891,4.007,911600,8021940.0,712569000.0,206115000.0
1996-12-24,'000407,胜利股份,8.7,9.85,8.7,9.75,9.53,-0.83,-8.7093,2.7745,631200,5906642.0,684255000.0,197925000.0
1996-12-23,'000407,胜利股份,9.55,9.9,9.2,9.2,9.2,0.35,3.8043,3.8629,878800,8401524.0,751107500.0,217262500.0
1996-12-20,'000407,胜利股份,9.2,9.71,9.2,9.22,10.22,-1.02,-9.9804,2.8097,639200,5912873.5,723580000.0,209300000.0
1996-12-19,'000407,胜利股份,10.22,11.36,10.22,11.3,11.36,-1.14,-10.0352,3.3974,772900,8195423.5,803803000.0,232505000.0
1996-12-18,'000407,胜利股份,11.37,11.5,9.52,9.52,10.58,0.79,7.4669,5.5235,1256600,12833726.0,894250500.0,258667500.0
1996-12-17,'000407,胜利股份,10.58,10.58,10.58,10.58,11.75,-1.17,-9.9574,0.2985,67900,718382.0,832117000.0,240695000.0
1996-12-16,'000407,胜利股份,11.75,11.75,11.75,11.75,13.06,-1.31,-10.0306,0.3262,74200,871850.0,924137500.0,267312500.0
1996-12-13,'000407,胜利股份,13.0,13.8,13.0,13.8,13.86,-0.86,-6.2049,4.233,963000,13025494.0,1022450000.0,295750000.0
1996-12-12,'000407,胜利股份,13.86,14.32,13.68,14.28,14.1,-0.24,-1.7021,10.2145,2323800,32808900.0,1090089000.0,315315000.0
1996-12-11,'000407,胜利股份,14.1,14.25,13.8,14.0,13.98,0.12,0.8584,11.1446,2535400,35599016.0,1108965000.0,320775000.0
1996-12-10,'000407,胜利股份,13.98,14.28,13.45,13.8,13.8,0.18,1.3043,14.2673,3245800,45282980.0,1099527000.0,318045000.0
1996-12-09,'000407,胜利股份,13.8,13.85,13.36,13.6,13.55,0.25,1.845,8.4927,1932100,26305076.0,1085370000.0,313950000.0
1996-12-06,'000407,胜利股份,13.55,13.9,13.4,13.8,13.7,-0.15,-1.0949,7.924,1802700,24419220.0,1065707500.0,308262500.0
1996-12-05,'000407,胜利股份,13.7,14.05,13.25,13.5,13.33,0.37,2.7757,13.2145,3006300,41188580.0,1077505000.0,311675000.0
1996-12-04,'000407,胜利股份,13.33,13.5,12.85,13.0,12.75,0.58,4.549,13.9688,3177900,42350544.0,1048404500.0,303257500.0
1996-12-03,'000407,胜利股份,12.75,12.8,12.3,12.4,12.46,0.29,2.3274,4.1987,955200,12053000.0,1002787500.0,290062500.0
1996-12-02,'000407,胜利股份,12.46,12.95,12.3,12.8,12.65,-0.19,-1.502,3.1499,716600,8922185.0,979979000.0,283465000.0
1996-11-29,'000407,胜利股份,12.65,13.1,12.45,13.0,12.8,-0.15,-1.1719,5.4141,1231700,15750229.0,994922500.0,287787500.0
1996-11-28,'000407,胜利股份,12.8,12.99,12.05,12.21,12.45,0.35,2.8112,6.0963,1386900,17396642.0,1006720000.0,291200000.0
1996-11-27,'000407,胜利股份,12.45,12.8,12.35,12.69,12.75,-0.3,-2.3529,4.7653,1084100,13609317.0,979192500.0,283237500.0
1996-11-26,'000407,胜利股份,12.75,13.24,12.0,13.2,13.1,-0.35,-2.6718,6.3266,1439300,18347672.0,1002787500.0,290062500.0
1996-11-25,'000407,胜利股份,13.1,13.35,12.7,13.0,12.85,0.25,1.9455,12.6901,2887000,37380304.0,1030315000.0,298025000.0
1996-11-22,'000407,胜利股份,12.85,12.86,11.5,12.3,12.8,0.05,0.3906,11.3235,2576100,31362134.0,1010652500.0,292337500.0
1996-11-21,'000407,胜利股份,12.8,14.3,12.6,13.2,13.1,-0.3,-2.2901,20.6945,4708000,63779604.0,1006720000.0,291200000.0
1996-11-20,'000407,胜利股份,13.1,13.38,12.4,12.6,12.6,0.5,3.9683,23.1815,5273800,68723144.0,1030315000.0,298025000.0
1996-11-19,'000407,胜利股份,12.6,12.7,11.65,11.9,11.82,0.78,6.599,18.8343,4284800,52039520.0,990990000.0,286650000.0
1996-11-18,'000407,胜利股份,11.82,12.0,11.6,11.6,11.53,0.29,2.5152,13.1631,2994600,35289460.0,929643000.0,268905000.0
1996-11-15,'000407,胜利股份,11.53,11.6,11.28,11.34,11.34,0.19,1.6755,17.2097,3915200,44878324.0,906834500.0,262307500.0
1996-11-14,'000407,胜利股份,11.34,11.68,11.2,11.3,11.22,0.12,1.0695,15.4207,3508200,40059412.0,891891000.0,257985000.0
1996-11-13,'000407,胜利股份,11.22,11.28,10.7,10.91,10.85,0.37,3.4101,19.9648,4542000,50123068.0,882453000.0,255255000.0
1996-11-12,'000407,胜利股份,10.85,10.88,10.6,10.7,10.56,0.29,2.7462,13.7407,3126000,33709924.0,853352500.0,246837500.0
1996-11-11,'000407,胜利股份,10.56,10.58,10.3,10.3,10.17,0.39,3.8348,6.9073,1571400,16474720.0,830544000.0,240240000.0
1996-11-08,'000407,胜利股份,10.17,10.18,10.0,10.15,10.1,0.07,0.6931,2.2435,510400,5139594.5,799870500.0,231367500.0
1996-11-07,'000407,胜利股份,10.1,10.15,9.98,10.15,10.03,0.07,0.6979,2.6462,602000,6043428.0,794365000.0,229775000.0
1996-11-06,'000407,胜利股份,10.03,10.45,9.9,10.4,10.39,-0.36,-3.4649,3.1732,721900,7265064.0,788859500.0,228182500.0
1996-11-05,'000407,胜利股份,10.39,10.7,10.31,10.6,10.5,-0.11,-1.0476,4.2743,972400,10226093.0,817173500.0,236372500.0
1996-11-04,'000407,胜利股份,10.5,10.5,10.33,10.5,10.35,0.15,1.4493,3.5903,816800,8517437.0,825825000.0,238875000.0
1996-11-01,'000407,胜利股份,10.35,10.7,10.1,10.6,10.85,-0.5,-4.6083,5.9662,1357300,14194041.0,814027500.0,235462500.0
1996-10-31,'000407,胜利股份,10.85,10.9,10.6,10.75,10.65,0.2,1.8779,9.8233,2234800,24065808.0,853352500.0,246837500.0
1996-10-30,'000407,胜利股份,10.65,10.98,10.35,10.75,10.75,-0.1,-0.9302,9.3385,2124500,22738256.0,837622500.0,242287500.0
1996-10-29,'000407,胜利股份,10.75,10.99,10.6,10.8,10.5,0.25,2.381,13.8743,3156400,34043136.0,845487500.0,244562500.0
1996-10-28,'000407,胜利股份,10.5,10.6,10.1,10.2,10.3,0.2,1.9417,8.3534,1900400,19827000.0,825825000.0,238875000.0
1996-10-25,'000407,胜利股份,10.3,10.5,10.2,10.49,10.46,-0.16,-1.5296,4.6229,1051700,10870514.0,810095000.0,234325000.0
1996-10-24,'000407,胜利股份,10.46,10.62,10.28,10.35,10.22,0.24,2.3483,10.0,2275000,23735322.0,822679000.0,237965000.0
1996-10-23,'000407,胜利股份,10.22,10.38,10.0,10.15,10.11,0.11,1.088,4.3657,993200,10093601.0,803803000.0,232505000.0
1996-10-22,'000407,胜利股份,10.11,10.88,9.97,10.2,10.33,-0.22,-2.1297,8.3587,1901600,19661748.0,795151500.0,230002500.0
1996-10-21,'000407,胜利股份,10.33,10.37,10.0,10.08,10.21,0.12,1.1753,7.0835,1611500,16476489.0,812454500.0,235007500.0
1996-10-18,'000407,胜利股份,10.21,11.4,10.1,11.2,11.1,-0.89,-8.018,14.7587,3357600,35695712.0,803016500.0,232277500.0
1996-10-17,'000407,胜利股份,11.1,11.18,10.1,10.1,10.21,0.89,8.7169,27.0642,6157100,65837316.0,873015000.0,252525000.0
1996-10-16,'000407,胜利股份,10.21,10.45,9.9,10.2,10.23,-0.02,-0.1955,14.2479,3241400,33358930.0,803016500.0,232277500.0
1996-10-15,'000407,胜利股份,10.23,10.38,9.76,9.76,9.95,0.28,2.8141,14.5569,3311700,33374728.0,804589500.0,232732500.0
1996-10-14,'000407,胜利股份,9.95,10.25,9.33,9.84,9.84,0.11,1.1179,22.1105,2321600,23142438.0,601975000.0,104475000.0
1996-10-11,'000407,胜利股份,9.83,10.38,9.6,10.08,10.01,-0.18,-1.7982,14.6476,1538000,15235664.0,594715000.0,103215000.0
1996-10-10,'000407,胜利股份,13.01,13.11,12.8,12.85,12.76,0.25,1.9592,30.7514,3228900,41891856.0,787105000.0,136605000.0
1996-10-09,'000407,胜利股份,12.76,13.55,12.51,13.08,12.99,-0.23,-1.7706,27.3352,2870200,37889200.0,771980000.0,133980000.0
1996-10-08,'000407,胜利股份,12.99,13.0,12.5,12.65,11.94,1.05,8.794,43.2981,4546300,57844260.0,785895000.0,136395000.0
1996-10-07,'000407,胜利股份,11.94,12.15,11.66,11.75,11.76,0.18,1.5306,7.1486,750600,8916051.0,722370000.0,125370000.0
1996-10-04,'000407,胜利股份,11.76,11.9,11.55,11.9,11.85,-0.09,-0.7595,6.3467,666400,7776718.0,711480000.0,123480000.0
1996-10-03,'000407,胜利股份,11.85,12.4,11.85,11.85,11.9,-0.05,-0.4202,11.1114,1166700,14199871.0,716925000.0,124425000.0
1996-09-27,'000407,胜利股份,11.9,11.9,11.32,11.46,11.35,0.55,4.8458,11.4314,1200300,13992867.0,719950000.0,124950000.0
1996-09-26,'000407,胜利股份,11.35,11.55,11.17,11.2,11.08,0.27,2.4368,5.5533,583100,6631102.0,686675000.0,119175000.0
1996-09-25,'000407,胜利股份,11.08,11.39,10.9,11.3,11.25,-0.17,-1.5111,4.259,447200,4955710.5,670340000.0,116340000.0
1996-09-24,'000407,胜利股份,11.25,11.4,11.0,11.12,11.13,0.12,1.0782,8.0324,843400,9470961.0,680625000.0,118125000.0
1996-09-23,'000407,胜利股份,11.13,11.35,10.86,11.0,11.0,0.13,1.1818,4.8552,509800,5666129.0,673365000.0,116865000.0
1996-09-20,'000407,胜利股份,11.0,11.0,10.7,10.92,10.75,0.25,2.3256,3.1905,335000,3639106.25,665500000.0,115500000.0
1996-09-19,'000407,胜利股份,10.75,11.0,10.48,10.58,10.65,0.1,0.939,4.7857,502500,5364864.0,650375000.0,112875000.0
1996-09-18,'000407,胜利股份,10.65,11.51,10.6,11.44,11.51,-0.86,-7.4718,6.7524,709000,7755833.5,644325000.0,111825000.0
1996-09-17,'000407,胜利股份,11.51,11.55,11.2,11.5,11.43,0.08,0.6999,5.7343,602100,6893195.5,696355000.0,120855000.0
1996-09-16,'000407,胜利股份,11.43,11.6,10.96,11.1,11.21,0.22,1.9625,6.0105,631100,7086922.5,691515000.0,120015000.0
1996-09-13,'000407,胜利股份,11.21,11.28,10.9,11.14,11.24,-0.03,-0.2669,6.0467,634900,7033156.0,678205000.0,117705000.0
1996-09-12,'000407,胜利股份,11.24,12.05,11.08,11.97,11.98,-0.74,-6.177,6.1629,647100,7434288.5,680020000.0,118020000.0
1996-09-11,'000407,胜利股份,11.98,12.12,11.65,11.98,11.65,0.33,2.8326,9.4257,989700,11774642.0,724790000.0,125790000.0
1996-09-10,'000407,胜利股份,11.65,12.38,11.5,12.2,12.25,-0.6,-4.898,8.3467,876400,10433344.0,704825000.0,122325000.0
1996-09-09,'000407,胜利股份,12.25,12.45,12.11,12.36,12.36,-0.11,-0.89,6.919,726500,8926804.0,741125000.0,128625000.0
1996-09-06,'000407,胜利股份,12.36,12.46,12.01,12.01,12.2,0.16,1.3115,12.7533,1339100,16411417.0,747780000.0,129780000.0
1996-09-05,'000407,胜利股份,12.2,13.4,12.03,13.3,13.12,-0.92,-7.0122,18.4343,1935600,24553104.0,738100000.0,128100000.0
1996-09-04,'000407,胜利股份,13.12,13.5,12.6,12.6,12.6,0.52,4.127,26.1248,2743100,36031748.0,793760000.0,137760000.0
1996-09-03,'000407,胜利股份,12.6,13.2,11.86,12.3,12.52,0.08,0.639,31.6019,3318200,42232564.0,762300000.0,132300000.0
1996-09-02,'000407,胜利股份,12.52,12.65,12.35,12.4,12.17,0.35,2.8759,29.159,3061700,38332224.0,757460000.0,131460000.0
1996-08-30,'000407,胜利股份,12.17,12.38,11.9,12.0,11.88,0.29,2.4411,21.78,2286900,27812706.0,736285000.0,127785000.0
1996-08-29,'000407,胜利股份,11.88,11.9,11.1,11.36,11.41,0.47,4.1192,16.9343,1778100,20510044.0,718740000.0,124740000.0
1996-08-28,'000407,胜利股份,11.41,11.44,11.0,11.1,11.08,0.33,2.9783,12.3371,1295400,14597202.0,690305000.0,119805000.0
1996-08-27,'000407,胜利股份,11.08,11.08,10.5,10.5,10.52,0.56,5.3232,9.6581,1014100,11036898.0,670340000.0,116340000.0
1996-08-26,'000407,胜利股份,10.52,10.8,10.5,10.75,10.75,-0.23,-2.1395,5.8248,611600,6497359.5,636460000.0,110460000.0
1996-08-23,'000407,胜利股份,10.75,11.2,10.4,10.9,10.88,-0.13,-1.1949,6.8352,717700,7657140.0,650375000.0,112875000.0
1996-08-22,'000407,胜利股份,10.88,11.45,10.8,11.3,11.34,-0.46,-4.0564,4.2752,448900,4960459.0,658240000.0,114240000.0
1996-08-21,'000407,胜利股份,11.34,11.49,10.79,10.8,10.94,0.4,3.6563,6.9895,733900,8216060.5,686070000.0,119070000.0
1996-08-20,'000407,胜利股份,10.94,11.5,10.89,11.5,11.5,-0.56,-4.8696,5.5276,580400,6458011.0,661870000.0,114870000.0
1996-08-19,'000407,胜利股份,11.5,11.8,11.5,11.8,11.84,-0.34,-2.8716,2.6981,283300,3294587.0,695750000.0,120750000.0
1996-08-16,'000407,胜利股份,11.84,12.0,11.3,11.68,11.7,0.14,1.1966,9.9781,1047700,12121423.0,716320000.0,124320000.0
1996-08-15,'000407,胜利股份,11.7,12.1,11.6,11.95,11.95,-0.25,-2.0921,7.52,789600,9358530.0,707850000.0,122850000.0
1996-08-14,'000407,胜利股份,11.95,12.15,11.69,12.15,12.15,-0.2,-1.6461,10.259,1077200,12832463.0,722975000.0,125475000.0
1996-08-13,'000407,胜利股份,12.15,12.48,12.06,12.3,12.27,-0.12,-0.978,13.0867,1374100,16870164.0,735075000.0,127575000.0
1996-08-12,'000407,胜利股份,12.27,12.51,12.1,12.3,12.2,0.07,0.5738,18.6657,1959900,24166024.0,742335000.0,128835000.0
1996-08-09,'000407,胜利股份,12.2,12.7,12.0,12.5,12.48,-0.28,-2.2436,23.3952,2456500,30250034.0,738100000.0,128100000.0
1996-08-08,'000407,胜利股份,12.48,12.74,11.0,12.31,11.74,0.74,6.3032,38.4343,4035600,49962356.0,755040000.0,131040000.0
1996-08-07,'000407,胜利股份,11.74,12.3,11.6,12.01,11.9,-0.16,-1.3445,33.5914,3527100,41822432.0,710270000.0,123270000.0
1996-08-06,'000407,胜利股份,11.9,12.18,11.21,11.21,11.2,0.7,6.25,47.8943,5028900,59790708.0,719950000.0,124950000.0
1996-08-05,'000407,胜利股份,11.2,11.25,10.4,10.5,10.45,0.75,7.177,31.7124,3329800,36276404.0,677600000.0,117600000.0
1996-08-02,'000407,胜利股份,10.45,11.05,10.28,10.8,10.73,-0.28,-2.6095,14.1924,1490200,16049081.0,632225000.0,109725000.0
1996-08-01,'000407,胜利股份,10.73,10.95,10.55,10.7,10.73,0.0,0.0,18.519,1944500,20952644.0,649165000.0,112665000.0
1996-07-31,'000407,胜利股份,10.73,11.38,10.68,11.15,11.08,-0.35,-3.1588,23.2305,2439200,26774140.0,649165000.0,112665000.0
1996-07-30,'000407,胜利股份,11.08,11.78,10.51,11.25,11.13,-0.05,-0.4492,42.9724,4512100,51843756.0,670340000.0,116340000.0
1996-07-29,'000407,胜利股份,11.13,11.2,10.08,10.08,10.08,1.05,10.4167,48.661,5109400,55208072.0,673365000.0,116865000.0
1996-07-26,'000407,胜利股份,10.08,10.53,9.7,9.7,10.18,-0.1,-0.9823,26.2276,2753900,28444996.0,609840000.0,105840000.0
1996-07-25,'000407,胜利股份,10.18,10.58,10.0,10.16,10.13,0.05,0.4936,23.6629,2484600,25620478.0,615890000.0,106890000.0
1996-07-24,'000407,胜利股份,10.13,10.25,9.58,9.58,9.55,0.58,6.0733,25.4419,2671400,26778458.0,612865000.0,106365000.0
1996-07-23,'000407,胜利股份,9.55,9.65,9.4,9.6,9.66,-0.11,-1.1387,6.2524,656500,6250828.5,577775000.0,100275000.0
1996-07-22,'000407,胜利股份,9.66,9.7,9.4,9.7,9.75,-0.09,-0.9231,5.901,619600,5894143.5,584430000.0,101430000.0
1996-07-19,'000407,胜利股份,9.75,10.08,9.65,9.87,10.05,-0.3,-2.9851,9.9352,1043200,10296854.0,589875000.0,102375000.0
1996-07-18,'000407,胜利股份,10.05,10.08,9.0,9.8,9.95,0.1,1.005,14.2419,1495400,14780734.0,608025000.0,105525000.0
1996-07-17,'000407,胜利股份,9.95,10.17,9.63,9.8,9.92,0.03,0.3024,20.6743,2170800,21753978.0,601975000.0,104475000.0
1996-07-16,'000407,胜利股份,9.92,9.92,9.53,9.79,9.76,0.16,1.6393,9.1295,958600,9323749.0,600160000.0,104160000.0
1996-07-15,'000407,胜利股份,9.76,10.28,9.61,10.06,10.09,-0.33,-3.2706,11.0905,1164500,11438547.0,590480000.0,102480000.0
1996-07-12,'000407,胜利股份,10.09,10.3,9.72,10.0,9.85,0.24,2.4365,10.6333,1116500,11256711.0,610445000.0,105945000.0
1996-07-11,'000407,胜利股份,9.85,10.11,9.71,10.06,10.01,-0.16,-1.5984,10.4924,1101700,10854286.0,595925000.0,103425000.0
1996-07-10,'000407,胜利股份,10.01,10.37,9.85,10.35,10.12,-0.11,-1.087,26.5333,2786000,28185596.0,605605000.0,105105000.0
1996-07-09,'000407,胜利股份,10.12,10.6,10.1,10.46,10.65,-0.53,-4.9765,14.219,1493000,15328006.0,612260000.0,106260000.0
1996-07-08,'000407,胜利股份,10.65,10.66,10.0,10.58,10.0,0.65,6.5,42.8781,4502200,46919180.0,644325000.0,111825000.0
1996-07-05,'000407,胜利股份,10.0,10.58,9.84,10.58,10.58,-0.58,-5.482,47.3067,4967200,50508268.0,605000000.0,105000000.0
1996-07-04,'000407,胜利股份,10.58,11.0,9.4,9.8,10.2,0.38,3.7255,67.0619,7041500,70843536.0,640090000.0,111090000.0
1996-07-03,'000407,胜利股份,10.2,10.2,8.58,8.58,6.0,4.2,70.0,109.3486,11481600,105288464.0,617100000.0,107100000.0
