日期,股票代码,名称,收盘价,最高价,最低价,开盘价,前收盘,涨跌额,涨跌幅,换手率,成交量,成交金额,总市值,流通市值
2019-03-12,'002369,卓翼科技,10.77,11.08,10.55,10.71,10.72,0.05,0.4664,12.9228,62029671,666679820.36,6246295252.08,5169600000.0
2019-03-11,'002369,卓翼科技,10.72,10.99,10.35,10.89,10.32,0.4,3.876,14.5379,69781810,745554818.52,6217296666.88,5145600000.0
2019-03-08,'002369,卓翼科技,10.32,10.97,9.9,10.03,10.48,-0.16,-1.5267,16.4106,78771000,817312098.9,5985307985.28,4953600000.0
2019-03-07,'002369,卓翼科技,10.48,10.74,9.84,10.05,10.26,0.22,2.1442,20.1163,96558033,988407991.16,6078103457.92,5030400000.0
2019-03-06,'002369,卓翼科技,10.26,10.26,9.17,9.58,9.33,0.93,9.9678,21.875,104999830,1030845893.39,5950509683.04,4924800000.0
2019-03-05,'002369,卓翼科技,9.33,9.4,8.8,8.9,8.86,0.47,5.3047,13.3622,64138602,590083941.87,5411135998.32,4478400000.0
2019-03-04,'002369,卓翼科技,8.86,9.15,8.75,8.8,8.7,0.16,1.8391,12.5601,60288464,538794054.64,5138549297.44,4252800000.0
2019-03-01,'002369,卓翼科技,8.7,8.89,8.46,8.88,8.82,-0.12,-1.3605,6.8102,32689153,282938950.44,5045753824.8,4176000000.0
2019-02-28,'002369,卓翼科技,8.82,8.95,8.72,8.8,8.79,0.03,0.3413,6.1331,29438731,260219378.27,5115350429.28,4233600000.0
2019-02-27,'002369,卓翼科技,8.79,8.92,8.64,8.8,8.76,0.03,0.3425,7.5835,36400890,320483312.19,5097951278.16,4219200000.0
2019-02-26,'002369,卓翼科技,8.76,9.03,8.71,8.99,9.06,-0.3,-3.3113,11.2381,53942801,477982970.41,5080552127.04,4204800000.0
2019-02-25,'002369,卓翼科技,9.06,9.1,8.68,8.91,8.7,0.36,4.1379,13.1094,62924896,561307996.34,5254543638.24,4348800000.0
2019-02-22,'002369,卓翼科技,8.7,8.73,8.43,8.48,8.51,0.19,2.2327,9.8663,47358230,407544841.12,5045753824.8,4176000000.0
2019-02-21,'002369,卓翼科技,8.51,8.89,8.25,8.36,8.38,0.13,1.5513,12.501,60004614,512543058.12,4935559201.04,4084800000.0
2019-02-20,'002369,卓翼科技,8.38,8.43,8.21,8.35,8.35,0.03,0.3593,5.5857,26811344,223307339.62,4860162879.52,4022400000.0
2019-02-19,'002369,卓翼科技,8.35,8.53,8.18,8.49,8.47,-0.12,-1.4168,8.6798,41663099,347842495.64,4842763728.4,4008000000.0
2019-02-18,'002369,卓翼科技,8.47,8.5,8.23,8.32,8.22,0.25,3.0414,9.0525,43451825,364592894.98,4912360332.88,4065600000.0
2019-02-15,'002369,卓翼科技,8.22,8.32,8.06,8.14,8.16,0.06,0.7353,7.0825,33996179,278730215.7,4767367406.88,3945600000.0
2019-02-14,'002369,卓翼科技,8.16,8.38,7.97,8.05,8.08,0.08,0.9901,8.427,40449441,329948576.6,4732569104.64,3916800000.0
2019-02-13,'002369,卓翼科技,8.08,8.18,7.8,7.88,7.88,0.2,2.5381,7.6882,36903236,297253086.19,4686171368.32,3878400000.0
2019-02-12,'002369,卓翼科技,7.88,8.05,7.74,7.83,7.83,0.05,0.6386,5.6382,27063376,214006162.47,4570177027.52,3782400000.0
2019-02-11,'002369,卓翼科技,7.83,7.84,7.6,7.6,7.6,0.23,3.0263,4.1001,19680451,152662544.25,4541178442.32,3758400000.0
2019-02-01,'002369,卓翼科技,7.6,7.63,7.39,7.45,7.43,0.17,2.288,4.0258,19323798,145543383.97,4407784950.4,3648000000.0
2019-01-31,'002369,卓翼科技,7.43,7.48,7.03,7.35,7.25,0.18,2.4828,5.1574,24755693,181873518.05,4309189760.72,3566400000.0
2019-01-30,'002369,卓翼科技,7.25,7.6,7.23,7.52,7.64,-0.39,-5.1047,5.8226,27948708,207412207.5,4204794854.0,3480000000.0
2019-01-29,'002369,卓翼科技,7.64,8.13,7.36,8.04,8.18,-0.54,-6.6015,9.8947,47494594,365743946.82,4430983818.56,3667200000.0
2019-01-28,'002369,卓翼科技,8.18,8.69,8.12,8.28,8.28,-0.1,-1.2077,10.3725,49787873,416672237.76,4744168538.72,3926400000.0
2019-01-25,'002369,卓翼科技,8.28,9.27,8.24,8.78,8.44,-0.16,-1.8957,19.7741,94915836,829519958.32,4802165709.12,3974400000.0
2019-01-24,'002369,卓翼科技,8.44,8.44,7.63,7.63,7.67,0.77,10.0391,4.3613,20934450,171002133.82,4894961181.76,4051200000.0
2019-01-23,'002369,卓翼科技,7.67,7.71,7.59,7.64,7.69,-0.02,-0.2601,1.7419,8361260,63927267.75,4448382969.68,3681600000.0
2019-01-22,'002369,卓翼科技,7.69,7.82,7.52,7.56,7.58,0.11,1.4512,3.5962,17261549,132506027.24,4459982403.76,3691200000.0
2019-01-21,'002369,卓翼科技,7.58,7.68,7.5,7.53,7.53,0.05,0.664,2.2553,10825635,82325228.56,4396185516.32,3638400000.0
2019-01-18,'002369,卓翼科技,7.53,7.71,7.38,7.65,7.66,-0.13,-1.6971,3.5271,16929950,127306710.68,4367186931.12,3614400000.0
2019-01-17,'002369,卓翼科技,7.66,7.84,7.64,7.8,7.81,-0.15,-1.9206,2.872,13785684,106764288.32,4442583252.64,3676800000.0
2019-01-16,'002369,卓翼科技,7.81,8.05,7.81,7.98,7.98,-0.17,-2.1303,3.0575,14676236,116075956.53,4529579008.24,3748800000.0
2019-01-15,'002369,卓翼科技,7.98,8.07,7.86,7.87,7.96,0.02,0.2513,3.5661,17117445,136569555.14,4628174197.92,3830400000.0
2019-01-14,'002369,卓翼科技,7.96,8.21,7.85,8.21,8.2,-0.24,-2.9268,4.5781,21974744,175933380.35,4616574763.84,3820800000.0
2019-01-11,'002369,卓翼科技,8.2,8.38,7.94,7.98,7.96,0.24,3.0151,8.3598,40127165,327240943.43,4755767972.8,3936000000.0
2019-01-10,'002369,卓翼科技,7.96,8.05,7.8,7.94,7.93,0.03,0.3783,4.1599,19967660,157807447.5,4616574763.84,3820800000.0
2019-01-09,'002369,卓翼科技,7.93,8.1,7.74,7.9,7.86,0.07,0.8906,5.947,28545793,226848991.21,4599175612.72,3806400000.0
2019-01-08,'002369,卓翼科技,7.86,8.09,7.84,7.92,7.95,-0.09,-1.1321,4.2499,20399660,161987490.05,4558577593.44,3772800000.0
2019-01-07,'002369,卓翼科技,7.95,8.03,7.82,7.94,7.89,0.06,0.7605,5.3577,25716951,203864528.0,4610775046.8,3816000000.0
2019-01-04,'002369,卓翼科技,7.89,7.95,7.55,7.67,7.76,0.13,1.6753,5.0274,24131639,188593482.77,4575976744.56,3787200000.0
2019-01-03,'002369,卓翼科技,7.76,7.84,7.52,7.67,7.74,0.02,0.2584,4.797,23025697,177174127.57,4500580423.04,3724800000.0
2019-01-02,'002369,卓翼科技,7.74,7.82,7.44,7.44,7.4,0.34,4.5946,4.411,21172770,162231228.64,4488980988.96,3715200000.0
2018-12-28,'002369,卓翼科技,7.4,7.52,7.33,7.45,7.42,-0.02,-0.2695,2.0044,9620887,71494410.06,4291790609.6,3552000000.0
2018-12-27,'002369,卓翼科技,7.42,7.87,7.42,7.8,7.67,-0.25,-3.2595,3.65,17519925,135006317.35,4303390043.68,3561600000.0
2018-12-26,'002369,卓翼科技,7.67,7.84,7.47,7.5,7.54,0.13,1.7241,3.9478,18949385,144573842.53,4448382969.68,3681600000.0
2018-12-25,'002369,卓翼科技,7.54,7.58,7.13,7.29,7.43,0.11,1.4805,3.6141,17347895,127712134.8,4372986648.16,3619200000.0
2018-12-24,'002369,卓翼科技,7.43,7.45,7.15,7.22,7.23,0.2,2.7663,2.5014,12006501,88426226.34,4309189760.72,3566400000.0
2018-12-21,'002369,卓翼科技,7.23,7.35,7.18,7.24,7.29,-0.06,-0.823,1.8319,8793208,63820559.93,4193195419.92,3470400000.0
2018-12-20,'002369,卓翼科技,7.29,7.33,7.16,7.19,7.25,0.04,0.5517,1.4513,6966024,50588151.1,4227993722.16,3499200000.0
2018-12-19,'002369,卓翼科技,7.25,7.5,7.18,7.48,7.48,-0.23,-3.0749,1.7735,8512625,62567823.2,4204794854.0,3480000000.0
2018-12-18,'002369,卓翼科技,7.48,7.52,7.37,7.43,7.49,-0.01,-0.1335,1.5561,7469279,55646653.68,4338188345.92,3590400000.0
2018-12-17,'002369,卓翼科技,7.49,7.6,7.39,7.58,7.66,-0.17,-2.2193,2.0797,9982580,74766403.45,4343988062.96,3595200000.0
2018-12-14,'002369,卓翼科技,7.66,7.98,7.65,7.85,7.85,-0.19,-2.4204,3.1602,15169042,118709059.76,4442583252.64,3676800000.0
2018-12-13,'002369,卓翼科技,7.85,7.87,7.75,7.8,7.76,0.09,1.1598,2.6331,12638656,98951132.6,4552777876.4,3768000000.0
2018-12-12,'002369,卓翼科技,7.76,7.9,7.75,7.88,7.87,-0.11,-1.3977,1.9689,9450863,73728727.84,4500580423.04,3724800000.0
2018-12-11,'002369,卓翼科技,7.87,7.88,7.68,7.68,7.65,0.22,2.8758,2.9748,14278864,111368760.39,4564377310.48,3777600000.0
2018-12-10,'002369,卓翼科技,7.65,7.74,7.56,7.66,7.76,-0.11,-1.4175,1.7531,8415100,64394518.0,4436783535.6,3672000000.0
2018-12-07,'002369,卓翼科技,7.76,7.9,7.7,7.75,7.79,-0.03,-0.3851,2.614,12547268,97874972.47,4500580423.04,3724800000.0
2018-12-06,'002369,卓翼科技,7.79,7.87,7.54,7.61,7.65,0.14,1.8301,3.5622,17098636,132132340.02,4517979574.16,3739200000.0
2018-12-05,'002369,卓翼科技,7.65,7.76,7.51,7.63,7.8,-0.15,-1.9231,2.2609,10852365,82817194.29,4436783535.6,3672000000.0
2018-12-04,'002369,卓翼科技,7.8,7.85,7.7,7.78,7.81,-0.01,-0.128,2.3757,11403492,88706046.45,4523779291.2,3744000000.0
2018-12-03,'002369,卓翼科技,7.81,7.9,7.7,7.77,7.58,0.23,3.0343,3.5934,17248363,134643527.16,4529579008.24,3748800000.0
2018-11-30,'002369,卓翼科技,7.58,7.66,7.18,7.51,7.6,-0.02,-0.2632,3.8612,18533778,138461426.3,4396185516.32,3638400000.0
2018-11-29,'002369,卓翼科技,7.6,8.25,7.52,8.17,8.15,-0.55,-6.7485,5.2813,25350019,201083272.08,4407784950.4,3648000000.0
2018-11-28,'002369,卓翼科技,8.15,8.2,7.93,8.1,8.16,-0.01,-0.1225,4.0624,19499728,157653511.45,4726769387.6,3912000000.0
2018-11-27,'002369,卓翼科技,8.16,8.17,7.74,7.9,7.84,0.32,4.0816,4.596,22060710,175469277.97,4732569104.64,3916800000.0
2018-11-26,'002369,卓翼科技,7.84,8.28,7.8,8.23,8.37,-0.53,-6.3321,6.0078,28837349,231494642.63,4546978159.36,3763200000.0
2018-11-23,'002369,卓翼科技,8.37,8.5,8.06,8.3,8.15,0.22,2.6994,8.3976,40308337,334675555.61,4854363162.48,4017600000.0
2018-11-22,'002369,卓翼科技,8.15,8.43,8.04,8.3,8.28,-0.13,-1.57,5.472,26265633,215567154.1,4726769387.6,3912000000.0
2018-11-21,'002369,卓翼科技,8.28,8.4,8.06,8.38,8.46,-0.18,-2.1277,6.9781,33494983,276132704.7,4802165709.12,3974400000.0
2018-11-20,'002369,卓翼科技,8.46,8.95,8.45,8.89,8.77,-0.31,-3.5348,8.2857,39771217,345842792.6,4906560615.84,4060800000.0
2018-11-19,'002369,卓翼科技,8.77,9.05,8.29,8.39,8.47,0.3,3.5419,10.7225,51468186,445482427.03,5086351844.08,4209600000.0
2018-11-16,'002369,卓翼科技,8.47,8.79,8.01,8.1,8.03,0.44,5.4795,12.6153,60553239,508032325.08,4912360332.88,4065600000.0
2018-11-15,'002369,卓翼科技,8.03,8.18,7.89,7.97,8.04,-0.01,-0.1244,10.11,48527894,390041725.06,4657172783.12,3854400000.0
2018-11-14,'002369,卓翼科技,8.04,8.14,7.42,7.8,8.01,0.03,0.3745,12.4177,59604895,461525568.43,4662972500.16,3859200000.0
2018-11-13,'002369,卓翼科技,8.01,8.62,7.74,7.8,7.88,0.13,1.6497,15.1283,72616012,576061967.75,4645573349.04,3844800000.0
2018-11-12,'002369,卓翼科技,7.88,7.88,7.88,7.88,8.76,-0.88,-10.0457,0.2681,1287000,10141560.0,4570177027.52,3782400000.0
2018-11-09,'002369,卓翼科技,0.0,0.0,0.0,0.0,8.76,None,None,0.0,0,0.0,5080552127.04,4204800000.0
2018-11-08,'002369,卓翼科技,0.0,0.0,0.0,0.0,8.76,None,None,0.0,0,0.0,5080552127.04,4204800000.0
2018-11-07,'002369,卓翼科技,0.0,0.0,0.0,0.0,8.76,None,None,0.0,0,0.0,5080552127.04,4204800000.0
2018-11-06,'002369,卓翼科技,0.0,0.0,0.0,0.0,8.76,None,None,0.0,0,0.0,5080552127.04,4204800000.0
2018-11-05,'002369,卓翼科技,0.0,0.0,0.0,0.0,8.76,None,None,0.0,0,0.0,5080552127.04,4204800000.0
2018-11-02,'002369,卓翼科技,0.0,0.0,0.0,0.0,8.76,None,None,0.0,0,0.0,5080552127.04,4204800000.0
2018-11-01,'002369,卓翼科技,0.0,0.0,0.0,0.0,8.76,None,None,0.0,0,0.0,5080552127.04,4204800000.0
2018-10-31,'002369,卓翼科技,0.0,0.0,0.0,0.0,8.76,None,None,0.0,0,0.0,5080552127.04,4204800000.0
2018-10-30,'002369,卓翼科技,0.0,0.0,0.0,0.0,8.76,None,None,0.0,0,0.0,5080552127.04,4204800000.0
2018-10-29,'002369,卓翼科技,0.0,0.0,0.0,0.0,8.76,None,None,0.0,0,0.0,5080552127.04,4204800000.0
2018-10-26,'002369,卓翼科技,0.0,0.0,0.0,0.0,8.76,None,None,0.0,0,0.0,5080552127.04,4204800000.0
2018-10-25,'002369,卓翼科技,0.0,0.0,0.0,0.0,8.76,None,None,0.0,0,0.0,5080552127.04,4204800000.0
2018-10-24,'002369,卓翼科技,0.0,0.0,0.0,0.0,8.76,None,None,0.0,0,0.0,5080552127.04,4204800000.0
2018-10-23,'002369,卓翼科技,0.0,0.0,0.0,0.0,8.76,None,None,0.0,0,0.0,5080552127.04,4204800000.0
2018-10-22,'002369,卓翼科技,0.0,0.0,0.0,0.0,8.76,None,None,0.0,0,0.0,5080552127.04,4204800000.0
2018-10-19,'002369,卓翼科技,0.0,0.0,0.0,0.0,8.76,None,None,0.0,0,0.0,5080552127.04,4204800000.0
2018-10-18,'002369,卓翼科技,0.0,0.0,0.0,0.0,8.76,None,None,0.0,0,0.0,5080552127.04,4204800000.0
2018-10-17,'002369,卓翼科技,0.0,0.0,0.0,0.0,8.76,None,None,0.0,0,0.0,5080552127.04,4204800000.0
2018-10-16,'002369,卓翼科技,0.0,0.0,0.0,0.0,8.76,None,None,0.0,0,0.0,5080552127.04,4204800000.0
2018-10-15,'002369,卓翼科技,0.0,0.0,0.0,0.0,8.76,None,None,0.0,0,0.0,5080552127.04,4204800000.0
2018-10-12,'002369,卓翼科技,0.0,0.0,0.0,0.0,8.76,None,None,0.0,0,0.0,5080552127.04,4204800000.0
2018-10-11,'002369,卓翼科技,0.0,0.0,0.0,0.0,8.76,None,None,0.0,0,0.0,5080552127.04,4204800000.0
2018-10-10,'002369,卓翼科技,0.0,0.0,0.0,0.0,8.76,None,None,0.0,0,0.0,5080552127.04,4204800000.0
2018-10-09,'002369,卓翼科技,0.0,0.0,0.0,0.0,8.76,None,None,0.0,0,0.0,5080552127.04,4204800000.0
2018-10-08,'002369,卓翼科技,0.0,0.0,0.0,0.0,8.76,None,None,0.0,0,0.0,5080552127.04,4204800000.0
2018-09-28,'002369,卓翼科技,0.0,0.0,0.0,0.0,8.76,None,None,0.0,0,0.0,5080552127.04,4204800000.0
2018-09-27,'002369,卓翼科技,0.0,0.0,0.0,0.0,8.76,None,None,0.0,0,0.0,5080552127.04,4204800000.0
2018-09-26,'002369,卓翼科技,0.0,0.0,0.0,0.0,8.76,None,None,0.0,0,0.0,5080552127.04,4204800000.0
2018-09-25,'002369,卓翼科技,0.0,0.0,0.0,0.0,8.76,None,None,0.0,0,0.0,5080552127.04,4204800000.0
2018-09-21,'002369,卓翼科技,0.0,0.0,0.0,0.0,8.76,None,None,0.0,0,0.0,5080552127.04,4204800000.0
2018-09-20,'002369,卓翼科技,0.0,0.0,0.0,0.0,8.76,None,None,0.0,0,0.0,5080552127.04,4204800000.0
2018-09-19,'002369,卓翼科技,0.0,0.0,0.0,0.0,8.76,None,None,0.0,0,0.0,5080552127.04,4204800000.0
2018-09-18,'002369,卓翼科技,0.0,0.0,0.0,0.0,8.76,None,None,0.0,0,0.0,5080552127.04,4204800000.0
2018-09-17,'002369,卓翼科技,0.0,0.0,0.0,0.0,8.76,None,None,0.0,0,0.0,5080552127.04,4204800000.0
2018-09-14,'002369,卓翼科技,0.0,0.0,0.0,0.0,8.76,None,None,0.0,0,0.0,5080552127.04,4204800000.0
2018-09-13,'002369,卓翼科技,0.0,0.0,0.0,0.0,8.76,None,None,0.0,0,0.0,5080552127.04,4204800000.0
2018-09-12,'002369,卓翼科技,0.0,0.0,0.0,0.0,8.76,None,None,0.0,0,0.0,5080552127.04,4204800000.0
2018-09-11,'002369,卓翼科技,0.0,0.0,0.0,0.0,8.76,None,None,0.0,0,0.0,5080552127.04,4204800000.0
2018-09-10,'002369,卓翼科技,0.0,0.0,0.0,0.0,8.76,None,None,0.0,0,0.0,5080552127.04,4204800000.0
2018-09-07,'002369,卓翼科技,0.0,0.0,0.0,0.0,8.76,None,None,0.0,0,0.0,5080552127.04,4204800000.0
2018-09-06,'002369,卓翼科技,0.0,0.0,0.0,0.0,8.76,None,None,0.0,0,0.0,5080552127.04,4204800000.0
2018-09-05,'002369,卓翼科技,0.0,0.0,0.0,0.0,8.76,None,None,0.0,0,0.0,5080552127.04,4204800000.0
2018-09-04,'002369,卓翼科技,0.0,0.0,0.0,0.0,8.76,None,None,0.0,0,0.0,5080552127.04,4204800000.0
2018-09-03,'002369,卓翼科技,0.0,0.0,0.0,0.0,8.76,None,None,0.0,0,0.0,5080552127.04,4204800000.0
2018-08-31,'002369,卓翼科技,0.0,0.0,0.0,0.0,8.76,None,None,0.0,0,0.0,5080552127.04,4204800000.0
2018-08-30,'002369,卓翼科技,0.0,0.0,0.0,0.0,8.76,None,None,0.0,0,0.0,5080552127.04,4204800000.0
2018-08-29,'002369,卓翼科技,0.0,0.0,0.0,0.0,8.76,None,None,0.0,0,0.0,5080552127.04,4204800000.0
2018-08-28,'002369,卓翼科技,0.0,0.0,0.0,0.0,8.76,None,None,0.0,0,0.0,5080552127.04,4204800000.0
2018-08-27,'002369,卓翼科技,0.0,0.0,0.0,0.0,8.76,None,None,0.0,0,0.0,5080552127.04,4204800000.0
2018-08-24,'002369,卓翼科技,0.0,0.0,0.0,0.0,8.76,None,None,0.0,0,0.0,5080552127.04,4204800000.0
2018-08-23,'002369,卓翼科技,0.0,0.0,0.0,0.0,8.76,None,None,0.0,0,0.0,5080552127.04,4204800000.0
2018-08-22,'002369,卓翼科技,0.0,0.0,0.0,0.0,8.76,None,None,0.0,0,0.0,5080552127.04,4204800000.0
2018-08-21,'002369,卓翼科技,0.0,0.0,0.0,0.0,8.76,None,None,0.0,0,0.0,5080552127.04,4204800000.0
2018-08-20,'002369,卓翼科技,0.0,0.0,0.0,0.0,8.76,None,None,0.0,0,0.0,5080552127.04,4204800000.0
2018-08-17,'002369,卓翼科技,0.0,0.0,0.0,0.0,8.76,None,None,0.0,0,0.0,5080552127.04,4204800000.0
2018-08-16,'002369,卓翼科技,0.0,0.0,0.0,0.0,8.76,None,None,0.0,0,0.0,5080552127.04,4204800000.0
2018-08-15,'002369,卓翼科技,0.0,0.0,0.0,0.0,8.76,None,None,0.0,0,0.0,5080552127.04,4204800000.0
2018-08-14,'002369,卓翼科技,0.0,0.0,0.0,0.0,8.76,None,None,0.0,0,0.0,5080552127.04,4204800000.0
2018-08-13,'002369,卓翼科技,0.0,0.0,0.0,0.0,8.76,None,None,0.0,0,0.0,5080552127.04,4204800000.0
2018-08-10,'002369,卓翼科技,0.0,0.0,0.0,0.0,8.76,None,None,0.0,0,0.0,5080552127.04,4204800000.0
2018-08-09,'002369,卓翼科技,0.0,0.0,0.0,0.0,8.76,None,None,0.0,0,0.0,5080552127.04,4204800000.0
2018-08-08,'002369,卓翼科技,0.0,0.0,0.0,0.0,8.76,None,None,0.0,0,0.0,5080552127.04,4204800000.0
2018-08-07,'002369,卓翼科技,0.0,0.0,0.0,0.0,8.76,None,None,0.0,0,0.0,5080552127.04,4204800000.0
2018-08-06,'002369,卓翼科技,0.0,0.0,0.0,0.0,8.76,None,None,0.0,0,0.0,5080552127.04,4204800000.0
2018-08-03,'002369,卓翼科技,0.0,0.0,0.0,0.0,8.76,None,None,0.0,0,0.0,5080552127.04,4204800000.0
2018-08-02,'002369,卓翼科技,0.0,0.0,0.0,0.0,8.76,None,None,0.0,0,0.0,5080552127.04,4204800000.0
2018-08-01,'002369,卓翼科技,0.0,0.0,0.0,0.0,8.76,None,None,0.0,0,0.0,5080552127.04,4204800000.0
2018-07-31,'002369,卓翼科技,0.0,0.0,0.0,0.0,8.76,None,None,0.0,0,0.0,5080552127.04,4204800000.0
2018-07-30,'002369,卓翼科技,0.0,0.0,0.0,0.0,8.76,None,None,0.0,0,0.0,5080552127.04,4204800000.0
2018-07-27,'002369,卓翼科技,0.0,0.0,0.0,0.0,8.76,None,None,0.0,0,0.0,5080552127.04,4204800000.0
2018-07-26,'002369,卓翼科技,0.0,0.0,0.0,0.0,8.76,None,None,0.0,0,0.0,5080552127.04,4204800000.0
2018-07-25,'002369,卓翼科技,0.0,0.0,0.0,0.0,8.76,None,None,0.0,0,0.0,5080552127.04,4204800000.0
2018-07-24,'002369,卓翼科技,0.0,0.0,0.0,0.0,8.76,None,None,0.0,0,0.0,5080552127.04,4204800000.0
2018-07-23,'002369,卓翼科技,0.0,0.0,0.0,0.0,8.76,None,None,0.0,0,0.0,5080552127.04,4204800000.0
2018-07-20,'002369,卓翼科技,0.0,0.0,0.0,0.0,8.76,None,None,0.0,0,0.0,5080552127.04,4204800000.0
2018-07-19,'002369,卓翼科技,0.0,0.0,0.0,0.0,8.76,None,None,0.0,0,0.0,5080552127.04,4204800000.0
2018-07-18,'002369,卓翼科技,0.0,0.0,0.0,0.0,8.76,None,None,0.0,0,0.0,5080552127.04,4204800000.0
2018-07-17,'002369,卓翼科技,0.0,0.0,0.0,0.0,8.76,None,None,0.0,0,0.0,5080552127.04,4204800000.0
2018-07-16,'002369,卓翼科技,0.0,0.0,0.0,0.0,8.76,None,None,0.0,0,0.0,5080552127.04,4204800000.0
2018-07-13,'002369,卓翼科技,0.0,0.0,0.0,0.0,8.76,None,None,0.0,0,0.0,5080552127.04,4204800000.0
2018-07-12,'002369,卓翼科技,0.0,0.0,0.0,0.0,8.76,None,None,0.0,0,0.0,5080552127.04,4204800000.0
2018-07-11,'002369,卓翼科技,0.0,0.0,0.0,0.0,8.76,None,None,0.0,0,0.0,5080552127.04,4204800000.0
2018-07-10,'002369,卓翼科技,0.0,0.0,0.0,0.0,8.82,None,None,0.0,0,0.0,5115350429.28,4233600000.0
2018-07-09,'002369,卓翼科技,0.0,0.0,0.0,0.0,8.82,None,None,0.0,0,0.0,5115350429.28,4233600000.0
2018-07-06,'002369,卓翼科技,0.0,0.0,0.0,0.0,8.82,None,None,0.0,0,0.0,5115350429.28,4233600000.0
2018-07-05,'002369,卓翼科技,0.0,0.0,0.0,0.0,8.82,None,None,0.0,0,0.0,5115350429.28,4233600000.0
2018-07-04,'002369,卓翼科技,0.0,0.0,0.0,0.0,8.82,None,None,0.0,0,0.0,5115350429.28,4233600000.0
2018-07-03,'002369,卓翼科技,0.0,0.0,0.0,0.0,8.82,None,None,0.0,0,0.0,5124765779.28,4233600000.0
2018-07-02,'002369,卓翼科技,0.0,0.0,0.0,0.0,8.82,None,None,0.0,0,0.0,5124765779.28,4233600000.0
2018-06-29,'002369,卓翼科技,0.0,0.0,0.0,0.0,8.82,None,None,0.0,0,0.0,5124765779.28,4233600000.0
2018-06-28,'002369,卓翼科技,0.0,0.0,0.0,0.0,8.82,None,None,0.0,0,0.0,5124765779.28,4233600000.0
2018-06-27,'002369,卓翼科技,0.0,0.0,0.0,0.0,8.82,None,None,0.0,0,0.0,5124765779.28,4233600000.0
2018-06-26,'002369,卓翼科技,0.0,0.0,0.0,0.0,8.82,None,None,0.0,0,0.0,5124765779.28,4233600000.0
2018-06-25,'002369,卓翼科技,0.0,0.0,0.0,0.0,8.82,None,None,0.0,0,0.0,5124765779.28,4233600000.0
2018-06-22,'002369,卓翼科技,0.0,0.0,0.0,0.0,8.82,None,None,0.0,0,0.0,5124765779.28,4233600000.0
2018-06-21,'002369,卓翼科技,0.0,0.0,0.0,0.0,8.82,None,None,0.0,0,0.0,5124765779.28,4233600000.0
2018-06-20,'002369,卓翼科技,0.0,0.0,0.0,0.0,8.82,None,None,0.0,0,0.0,5124765779.28,4233600000.0
2018-06-19,'002369,卓翼科技,0.0,0.0,0.0,0.0,8.82,None,None,0.0,0,0.0,5124765779.28,4233600000.0
2018-06-15,'002369,卓翼科技,0.0,0.0,0.0,0.0,8.82,None,None,0.0,0,0.0,5124765779.28,4233600000.0
2018-06-14,'002369,卓翼科技,0.0,0.0,0.0,0.0,8.82,None,None,0.0,0,0.0,5124765779.28,4233600000.0
2018-06-13,'002369,卓翼科技,0.0,0.0,0.0,0.0,8.82,None,None,0.0,0,0.0,5124765779.28,4233600000.0
2018-06-12,'002369,卓翼科技,0.0,0.0,0.0,0.0,8.82,None,None,0.0,0,0.0,5124765779.28,4233600000.0
2018-06-11,'002369,卓翼科技,0.0,0.0,0.0,0.0,8.82,None,None,0.0,0,0.0,5124765779.28,4233600000.0
2018-06-08,'002369,卓翼科技,0.0,0.0,0.0,0.0,8.82,None,None,0.0,0,0.0,5124765779.28,4233600000.0
2018-06-07,'002369,卓翼科技,0.0,0.0,0.0,0.0,8.82,None,None,0.0,0,0.0,5124765779.28,4233600000.0
2018-06-06,'002369,卓翼科技,0.0,0.0,0.0,0.0,8.82,None,None,0.0,0,0.0,5124765779.28,4233600000.0
2018-06-05,'002369,卓翼科技,0.0,0.0,0.0,0.0,8.82,None,None,0.0,0,0.0,5124765779.28,4233600000.0
2018-06-04,'002369,卓翼科技,0.0,0.0,0.0,0.0,8.82,None,None,0.0,0,0.0,5124765779.28,4233600000.0
2018-06-01,'002369,卓翼科技,0.0,0.0,0.0,0.0,8.82,None,None,0.0,0,0.0,5124765779.28,4233600000.0
2018-05-31,'002369,卓翼科技,0.0,0.0,0.0,0.0,8.82,None,None,0.0,0,0.0,5124765779.28,4233600000.0
2018-05-30,'002369,卓翼科技,0.0,0.0,0.0,0.0,8.82,None,None,0.0,0,0.0,5124765779.28,4233600000.0
2018-05-29,'002369,卓翼科技,0.0,0.0,0.0,0.0,8.82,None,None,0.0,0,0.0,5124765779.28,4233600000.0
2018-05-28,'002369,卓翼科技,0.0,0.0,0.0,0.0,8.82,None,None,0.0,0,0.0,5124765779.28,4233600000.0
2018-05-25,'002369,卓翼科技,0.0,0.0,0.0,0.0,8.82,None,None,0.0,0,0.0,5124765779.28,4233600000.0
2018-05-24,'002369,卓翼科技,0.0,0.0,0.0,0.0,8.82,None,None,0.0,0,0.0,5124765779.28,4233600000.0
2018-05-23,'002369,卓翼科技,0.0,0.0,0.0,0.0,8.82,None,None,0.0,0,0.0,5124765779.28,4233600000.0
2018-05-22,'002369,卓翼科技,0.0,0.0,0.0,0.0,8.82,None,None,0.0,0,0.0,5124765779.28,4233600000.0
2018-05-21,'002369,卓翼科技,0.0,0.0,0.0,0.0,8.82,None,None,0.0,0,0.0,5124765779.28,4233600000.0
2018-05-18,'002369,卓翼科技,0.0,0.0,0.0,0.0,8.82,None,None,0.0,0,0.0,5124765779.28,4233600000.0
2018-05-17,'002369,卓翼科技,0.0,0.0,0.0,0.0,8.82,None,None,0.0,0,0.0,5124765779.28,4233600000.0
2018-05-16,'002369,卓翼科技,0.0,0.0,0.0,0.0,8.82,None,None,0.0,0,0.0,5124765779.28,4233600000.0
2018-05-15,'002369,卓翼科技,0.0,0.0,0.0,0.0,8.82,None,None,0.0,0,0.0,5124765779.28,4233600000.0
2018-05-14,'002369,卓翼科技,0.0,0.0,0.0,0.0,8.82,None,None,0.0,0,0.0,5124765779.28,4233600000.0
2018-05-11,'002369,卓翼科技,8.82,9.11,8.8,9.04,9.02,-0.2,-2.2173,3.1541,15139687,135255006.32,5124765779.28,4233600000.0
2018-05-10,'002369,卓翼科技,9.02,9.28,8.98,9.22,9.2,-0.18,-1.9565,4.2286,20297223,184230804.31,5240973620.08,4329600000.0
2018-05-09,'002369,卓翼科技,9.2,9.39,9.15,9.36,9.38,-0.18,-1.919,2.8635,13744614,127198634.0,5345560676.8,4416000000.0
2018-05-08,'002369,卓翼科技,9.38,9.44,9.22,9.22,9.22,0.16,1.7354,4.0709,19540279,182613522.86,5450147733.52,4502400000.0
2018-05-07,'002369,卓翼科技,9.22,9.29,9.09,9.09,9.19,0.03,0.3264,3.5911,17237121,158873451.86,5357181460.88,4425600000.0
2018-05-04,'002369,卓翼科技,9.19,9.64,9.18,9.63,9.62,-0.43,-4.4699,5.883,28238415,265384516.08,5339750284.76,4411200000.0
2018-05-03,'002369,卓翼科技,9.62,9.65,9.21,9.24,9.29,0.33,3.5522,6.8785,33016694,312173718.6,5589597142.48,4617600000.0
2018-05-02,'002369,卓翼科技,9.29,10.18,9.22,9.6,9.29,0.0,0.0,7.6025,36491800,352099713.78,5397854205.16,4459200000.0
2018-04-27,'002369,卓翼科技,9.29,9.46,9.11,9.3,9.32,-0.03,-0.3219,5.5862,26813672,248437894.11,5397854205.16,4459200000.0
2018-04-26,'002369,卓翼科技,9.32,9.36,8.9,9.02,8.99,0.33,3.6707,7.5785,36376778,333104811.93,5415285381.28,4473600000.0
2018-04-25,'002369,卓翼科技,8.99,9.36,8.46,8.5,8.57,0.42,4.9008,5.8441,28051784,252978702.67,5223542443.96,4315200000.0
2018-04-24,'002369,卓翼科技,8.57,8.6,8.33,8.33,8.4,0.17,2.0238,1.7765,8527355,72348790.44,4979505978.28,4113600000.0
2018-04-23,'002369,卓翼科技,8.4,8.55,8.11,8.36,8.32,0.08,0.9615,1.6418,7880702,65928233.14,4880729313.6,4032000000.0
2018-04-20,'002369,卓翼科技,8.32,8.85,8.22,8.72,8.86,-0.54,-6.0948,2.537,12177420,104423877.07,4834246177.28,3993600000.0
2018-04-19,'002369,卓翼科技,8.86,8.96,8.76,8.79,8.86,0.0,0.0,2.4746,11878195,105233983.72,5148007347.44,4252800000.0
2018-04-18,'002369,卓翼科技,8.86,8.98,8.08,8.89,8.83,0.03,0.3398,3.8935,18688874,160898103.79,5148007347.44,4252800000.0
2018-04-17,'002369,卓翼科技,8.83,9.19,8.75,9.04,9.07,-0.24,-2.6461,4.2747,20518600,184394614.13,5130576171.32,4238400000.0
2018-04-16,'002369,卓翼科技,9.07,9.25,8.69,8.7,8.67,0.4,4.6136,5.9474,28547677,256209240.2,5270025580.28,4353600000.0
2018-04-13,'002369,卓翼科技,8.67,8.84,8.65,8.75,8.69,-0.02,-0.2301,1.8545,8901617,77841388.57,5037609898.68,4161600000.0
2018-04-12,'002369,卓翼科技,8.69,8.89,8.63,8.75,8.81,-0.12,-1.3621,2.4187,11609617,101669585.77,5049230682.76,4171200000.0
2018-04-11,'002369,卓翼科技,8.81,8.95,8.68,8.68,8.65,0.16,1.8497,3.1564,15150746,133771347.58,5118955387.24,4228800000.0
2018-04-10,'002369,卓翼科技,8.65,8.78,8.46,8.71,8.72,-0.07,-0.8028,2.6845,12885748,110814339.2,5025989114.6,4152000000.0
2018-04-09,'002369,卓翼科技,8.72,8.88,8.57,8.8,8.92,-0.2,-2.2422,2.8951,13896515,121049676.79,5066661858.88,4185600000.0
2018-04-04,'002369,卓翼科技,8.92,9.1,8.76,8.8,8.8,0.12,1.3636,4.7111,22613393,202071384.32,5182869699.68,4281600000.0
2018-04-03,'002369,卓翼科技,8.8,8.9,8.67,8.83,9.05,-0.25,-2.7624,3.8828,18637546,163589345.95,5113144995.2,4224000000.0
2018-04-02,'002369,卓翼科技,9.05,9.2,8.61,8.75,8.68,0.37,4.2627,6.5288,31338158,277523481.99,5258404796.2,4344000000.0
2018-03-30,'002369,卓翼科技,8.68,8.86,8.46,8.5,8.45,0.23,2.7219,4.981,23908965,206161886.78,5043420290.72,4166400000.0
2018-03-29,'002369,卓翼科技,8.45,8.57,8.38,8.4,8.38,0.07,0.8353,3.2108,15412016,130322614.26,4909781273.8,4056000000.0
2018-03-28,'002369,卓翼科技,8.38,8.48,8.2,8.3,8.45,-0.07,-0.8284,2.8045,13461462,112543287.36,4869108529.52,4022400000.0
2018-03-27,'002369,卓翼科技,8.45,8.59,8.28,8.29,8.2,0.25,3.0488,3.982,19113535,161003662.38,4909781273.8,4056000000.0
2018-03-26,'002369,卓翼科技,8.2,8.29,7.64,7.8,8.17,0.03,0.3672,3.7,17759840,141715400.98,4764521472.8,3936000000.0
2018-03-23,'002369,卓翼科技,8.17,8.78,8.17,8.58,9.08,-0.91,-10.022,5.9513,28566233,241362968.98,4747090296.68,3921600000.0
2018-03-22,'002369,卓翼科技,9.08,9.42,8.97,9.22,9.2,-0.12,-1.3043,4.863,23342216,214408899.57,5275835972.32,4358400000.0
2018-03-21,'002369,卓翼科技,9.2,9.78,9.17,9.21,9.14,0.06,0.6565,7.9165,37999297,358546322.83,5345560676.8,4416000000.0
2018-03-20,'002369,卓翼科技,9.14,9.19,8.97,9.06,9.2,-0.06,-0.6522,2.8208,13539978,122934061.77,5310698324.56,4387200000.0
2018-03-19,'002369,卓翼科技,9.2,9.28,8.92,9.05,9.13,0.07,0.7667,3.8929,18686104,170318136.41,5345560676.8,4416000000.0
2018-03-16,'002369,卓翼科技,9.13,9.34,8.87,8.92,8.91,0.22,2.4691,5.3354,25609912,234245947.56,5304887932.52,4382400000.0
2018-03-15,'002369,卓翼科技,8.91,9.03,8.69,9.0,9.12,-0.21,-2.3026,4.5121,21658014,191931242.07,5177059307.64,4276800000.0
2018-03-14,'002369,卓翼科技,9.12,9.27,9.03,9.12,9.11,0.01,0.1098,3.9644,19029008,173985715.96,5299077540.48,4377600000.0
2018-03-13,'002369,卓翼科技,9.11,9.41,9.1,9.41,9.43,-0.32,-3.3934,5.3233,25551623,235704451.77,5293267148.44,4372800000.0
2018-03-12,'002369,卓翼科技,9.43,9.5,9.16,9.25,9.23,0.2,2.1668,7.6749,36839371,344344432.54,5479199693.72,4526400000.0
2018-03-09,'002369,卓翼科技,9.23,9.48,8.82,8.88,9.03,0.2,2.2148,7.1318,34232407,313791470.19,5362991852.92,4430400000.0
2018-03-08,'002369,卓翼科技,9.03,9.17,8.71,8.85,8.99,0.04,0.4449,4.8951,23496669,210925060.8,5246784012.12,4334400000.0
2018-03-07,'002369,卓翼科技,8.99,9.28,8.92,9.02,9.11,-0.12,-1.3172,4.8687,23369923,211015067.98,5223542443.96,4315200000.0
2018-03-06,'002369,卓翼科技,9.11,9.27,8.9,9.27,9.27,-0.16,-1.726,7.1213,34182463,309824939.97,5293267148.44,4372800000.0
2018-03-05,'002369,卓翼科技,9.27,9.38,8.93,9.05,8.8,0.47,5.3409,10.1364,48654715,446078881.83,5386233421.08,4449600000.0
2018-03-02,'002369,卓翼科技,8.8,9.28,8.7,8.79,8.59,0.21,2.4447,10.0077,48036968,428151943.83,5113144995.2,4224000000.0
2018-03-01,'002369,卓翼科技,8.59,8.59,7.72,7.76,7.81,0.78,9.9872,5.5407,26595126,221530340.49,4991126762.36,4123200000.0
2018-02-28,'002369,卓翼科技,7.81,7.91,7.63,7.7,7.93,-0.12,-1.5132,2.5817,12392172,96735004.88,4537916183.24,3748800000.0
2018-02-27,'002369,卓翼科技,7.93,8.13,7.74,7.8,7.8,0.13,1.6667,3.6244,17397329,138882778.18,4607640887.72,3806400000.0
2018-02-26,'002369,卓翼科技,7.8,7.83,7.54,7.6,7.51,0.29,3.8615,2.9211,14021174,108284399.03,4532105791.2,3744000000.0
2018-02-23,'002369,卓翼科技,7.51,7.52,7.34,7.37,7.43,0.08,1.0767,1.2368,5936607,44149585.85,4363604422.04,3604800000.0
2018-02-22,'002369,卓翼科技,7.43,7.48,7.31,7.33,7.23,0.2,2.7663,1.8883,9063858,67181608.27,4317121285.72,3566400000.0
2018-02-14,'002369,卓翼科技,7.23,7.34,7.23,7.3,7.27,-0.04,-0.5502,1.2958,6219900,45251178.0,4200913444.92,3470400000.0
2018-02-13,'002369,卓翼科技,7.27,7.37,7.24,7.28,7.27,0.0,0.0,1.6522,7930686,57925085.78,4224155013.08,3489600000.0
2018-02-12,'002369,卓翼科技,7.27,7.45,7.03,7.05,7.02,0.25,3.5613,2.1675,10403793,75144477.12,4224155013.08,3489600000.0
2018-02-09,'002369,卓翼科技,7.02,7.53,7.0,7.52,7.78,-0.76,-9.7686,3.8625,18540214,133885524.1,4078895212.08,3369600000.0
2018-02-08,'002369,卓翼科技,7.78,7.98,7.73,7.83,7.85,-0.07,-0.8917,3.0755,14762500,115497379.48,4520485007.12,3734400000.0
2018-02-07,'002369,卓翼科技,7.85,7.9,7.53,7.77,7.62,0.23,3.0184,2.4347,11686641,90540028.35,4561157751.4,3768000000.0
2018-02-06,'002369,卓翼科技,7.62,8.11,7.53,7.86,8.04,-0.42,-5.2239,2.6816,12871857,100634714.65,4427518734.48,3657600000.0
2018-02-05,'002369,卓翼科技,8.04,8.13,7.78,7.9,8.05,-0.01,-0.1242,2.1894,10509140,83698095.2,4671555200.16,3859200000.0
2018-02-02,'002369,卓翼科技,8.05,8.65,7.98,8.47,8.5,-0.45,-5.2941,3.0005,14402500,119016873.63,4677365592.2,3864000000.0
2018-02-01,'002369,卓翼科技,8.5,8.71,8.38,8.53,8.57,-0.07,-0.8168,2.7568,13232549,112710907.27,4938833234.0,4080000000.0
2018-01-31,'002369,卓翼科技,8.57,8.75,8.38,8.57,8.58,-0.01,-0.1166,3.144,15091324,129164504.67,4979505978.28,4113600000.0
2018-01-30,'002369,卓翼科技,8.58,8.67,8.52,8.6,8.61,-0.03,-0.3484,1.7262,8285843,71140373.03,4985316370.32,4118400000.0
2018-01-29,'002369,卓翼科技,8.61,8.8,8.45,8.8,8.8,-0.19,-2.1591,3.6812,17669877,152085647.88,5002747546.44,4132800000.0
2018-01-26,'002369,卓翼科技,8.8,9.05,8.8,8.93,8.94,-0.14,-1.566,3.7316,17911765,159327808.37,5113144995.2,4224000000.0
2018-01-25,'002369,卓翼科技,8.94,9.07,8.88,8.93,8.98,-0.04,-0.4454,3.9396,18910088,170024686.5,5194490483.76,4291200000.0
2018-01-24,'002369,卓翼科技,8.98,9.04,8.73,8.91,8.95,0.03,0.3352,4.377,21009364,186882635.16,5217732051.92,4310400000.0
2018-01-23,'002369,卓翼科技,8.95,9.09,8.85,8.95,8.94,0.01,0.1119,3.831,18388641,164797052.96,5200300875.8,4296000000.0
2018-01-22,'002369,卓翼科技,8.94,9.08,8.71,8.89,9.0,-0.06,-0.6667,4.4207,21219393,188702850.25,5194490483.76,4291200000.0
2018-01-19,'002369,卓翼科技,9.0,9.53,8.94,9.46,9.37,-0.37,-3.9488,8.8794,42621081,393404230.73,5229352836.0,4320000000.0
2018-01-18,'002369,卓翼科技,9.37,9.74,9.26,9.62,9.58,-0.21,-2.1921,8.2023,39371234,374713289.81,5444337341.48,4497600000.0
2018-01-17,'002369,卓翼科技,9.58,9.89,9.58,9.79,10.64,-1.06,-9.9624,10.7852,51769093,498811813.88,5566355574.32,4598400000.0
2018-01-16,'002369,卓翼科技,10.64,11.05,10.42,10.99,10.96,-0.32,-2.9197,14.5244,69716955,742738535.56,6182257130.56,5107200000.0
2018-01-15,'002369,卓翼科技,10.96,11.34,10.96,10.96,12.18,-1.22,-10.0164,15.8393,76028658,838638537.05,6368189675.84,5260800000.0
2018-01-12,'002369,卓翼科技,12.18,12.78,12.06,12.78,11.62,0.56,4.8193,23.6884,113704312,1429937333.2,7077057504.72,5846400000.0
2018-01-11,'002369,卓翼科技,11.62,11.62,11.23,11.62,10.56,1.06,10.0379,9.2995,44637727,517666110.87,6751675550.48,5577600000.0
2018-01-10,'002369,卓翼科技,10.56,10.56,9.52,9.53,9.6,0.96,10.0,11.2587,54041936,561177809.44,6135773994.24,5068800000.0
2018-01-09,'002369,卓翼科技,9.6,9.7,9.47,9.7,9.84,-0.24,-2.439,1.8042,8659928,82662098.16,5577976358.4,4608000000.0
2018-01-08,'002369,卓翼科技,9.84,9.91,9.46,9.47,9.47,0.37,3.9071,1.721,8260770,79804836.76,5717425767.36,4723200000.0
2018-01-05,'002369,卓翼科技,9.47,9.92,9.42,9.9,9.88,-0.41,-4.1498,2.7245,13077524,126148485.0,5502441261.88,4545600000.0
2018-01-04,'002369,卓翼科技,9.88,10.18,9.84,10.11,10.09,-0.21,-2.0813,1.3735,6592882,66056537.31,5740667335.52,4742400000.0
2018-01-03,'002369,卓翼科技,10.09,10.14,9.96,10.11,10.13,-0.04,-0.3949,1.6565,7951203,80100605.91,5862685568.36,4843200000.0
2018-01-02,'002369,卓翼科技,10.13,10.39,10.01,10.39,10.35,-0.22,-2.1256,2.2289,10698846,108124696.74,5885927136.52,4862400000.0
2017-12-29,'002369,卓翼科技,10.35,10.45,10.11,10.24,10.4,-0.05,-0.4808,3.0067,14432075,148238035.88,6013755761.4,4968000000.0
2017-12-28,'002369,卓翼科技,10.4,10.4,9.83,9.83,9.9,0.5,5.0505,3.4732,16671195,169188697.06,6042807721.6,4992000000.0
2017-12-27,'002369,卓翼科技,9.9,10.2,9.75,9.75,9.83,0.07,0.7121,1.7179,8245826,82161768.72,5752288119.6,4752000000.0
2017-12-26,'002369,卓翼科技,9.83,9.93,9.53,9.8,9.76,0.07,0.7172,1.0484,5032100,49163775.31,5711615375.32,4718400000.0
2017-12-25,'002369,卓翼科技,9.76,9.96,9.73,9.9,9.91,-0.15,-1.5136,0.7548,3623254,35627921.24,5670942631.04,4684800000.0
2017-12-22,'002369,卓翼科技,9.91,10.06,9.79,10.06,10.02,-0.11,-1.0978,0.9904,4753795,47129518.55,5758098511.64,4756800000.0
2017-12-21,'002369,卓翼科技,10.02,10.07,9.77,9.83,9.76,0.26,2.6639,1.2655,6074362,60580333.52,5822012824.08,4809600000.0
2017-12-20,'002369,卓翼科技,9.76,9.85,9.51,9.52,9.54,0.22,2.3061,0.795,3816145,37080790.45,5670942631.04,4684800000.0
2017-12-19,'002369,卓翼科技,9.54,9.6,9.46,9.46,9.46,0.08,0.8457,0.6921,3321951,31734782.05,5543114006.16,4579200000.0
2017-12-18,'002369,卓翼科技,9.46,9.68,9.45,9.58,9.58,-0.12,-1.2526,0.2711,1301181,12418571.86,5496630869.84,4540800000.0
2017-12-15,'002369,卓翼科技,9.58,9.75,9.47,9.72,9.74,-0.16,-1.6427,0.5571,2674165,25678107.62,5566355574.32,4598400000.0
2017-12-14,'002369,卓翼科技,9.74,9.81,9.67,9.79,9.75,-0.01,-0.1026,0.4432,2127480,20679293.24,5659321846.96,4675200000.0
2017-12-13,'002369,卓翼科技,9.75,9.8,9.66,9.67,9.75,0.0,0.0,0.5839,2802659,27299829.18,5665132239.0,4680000000.0
2017-12-12,'002369,卓翼科技,9.75,9.87,9.64,9.81,9.88,-0.13,-1.3158,0.7438,3570381,34694241.84,5665132239.0,4680000000.0
2017-12-11,'002369,卓翼科技,9.88,9.92,9.78,9.82,9.88,0.0,0.0,0.5128,2461635,24261304.81,5740667335.52,4742400000.0
2017-12-08,'002369,卓翼科技,9.88,9.9,9.38,9.43,9.47,0.41,4.3295,0.9567,4591926,44494834.08,5740667335.52,4742400000.0
2017-12-07,'002369,卓翼科技,9.47,9.5,9.29,9.48,9.5,-0.03,-0.3158,0.5774,2771502,26037329.4,5462004361.88,4545600000.0
2017-12-06,'002369,卓翼科技,9.5,9.75,9.21,9.63,9.68,-0.18,-1.8595,1.4641,7027743,66764294.34,5479307438.0,4560000000.0
2017-12-05,'002369,卓翼科技,9.68,9.77,9.11,9.75,9.79,-0.11,-1.1236,2.669,12811227,119813199.62,5583125894.72,4646400000.0
2017-12-04,'002369,卓翼科技,9.79,9.87,9.71,9.8,9.87,-0.08,-0.8105,0.5155,2474321,24202566.91,5646570507.16,4699200000.0
2017-12-01,'002369,卓翼科技,9.87,9.89,9.7,9.75,9.72,0.15,1.5432,0.6229,2989696,29325581.72,5692712043.48,4737600000.0
2017-11-30,'002369,卓翼科技,9.72,9.9,9.72,9.89,9.89,-0.17,-1.7189,0.7102,3408857,33380165.07,5606196662.88,4665600000.0
2017-11-29,'002369,卓翼科技,9.89,9.94,9.72,9.88,9.88,0.01,0.1012,0.6969,3345025,32956626.98,5704247427.56,4747200000.0
2017-11-28,'002369,卓翼科技,9.88,9.94,9.69,9.78,9.77,0.11,1.1259,0.8017,3848187,37830353.06,5698479735.52,4742400000.0
2017-11-27,'002369,卓翼科技,9.77,10.01,9.75,9.93,9.95,-0.18,-1.809,0.8127,3901162,38406261.99,5635035123.08,4689600000.0
2017-11-24,'002369,卓翼科技,9.95,10.1,9.74,9.96,9.95,0.0,0.0,1.0415,4999212,49842073.22,5738853579.8,4776000000.0
2017-11-23,'002369,卓翼科技,9.95,10.24,9.88,10.1,10.14,-0.19,-1.8738,1.1963,5742114,57749682.28,5738853579.8,4776000000.0
2017-11-22,'002369,卓翼科技,10.14,10.54,10.1,10.54,10.4,-0.26,-2.5,1.383,6638593,67877276.13,5848439728.56,4867200000.0
2017-11-21,'002369,卓翼科技,10.4,10.6,10.1,10.35,10.08,0.32,3.1746,1.8049,8663687,89506429.23,5998399721.6,4992000000.0
2017-11-20,'002369,卓翼科技,10.08,10.28,9.6,9.93,10.06,0.02,0.1988,2.04,9792000,97952814.17,5813833576.32,4838400000.0
2017-11-17,'002369,卓翼科技,10.06,10.52,10.06,10.3,10.34,-0.28,-2.7079,2.293,11006218,113598251.44,5802298192.24,4828800000.0
2017-11-16,'002369,卓翼科技,10.34,10.72,10.34,10.61,10.6,-0.26,-2.4528,2.2114,10614620,112387191.57,5963793569.36,4963200000.0
2017-11-15,'002369,卓翼科技,10.6,10.85,10.3,10.52,10.59,0.01,0.0944,1.6631,7982671,84735582.59,6113753562.4,5088000000.0
2017-11-14,'002369,卓翼科技,10.59,10.98,10.5,10.63,10.73,-0.14,-1.3048,2.4212,11621613,124747137.16,6107985870.36,5083200000.0
2017-11-13,'002369,卓翼科技,10.73,10.85,10.32,10.37,10.42,0.31,2.975,2.784,13363381,142617279.09,6188733558.92,5150400000.0
2017-11-10,'002369,卓翼科技,10.42,10.66,10.16,10.2,10.23,0.19,1.8573,1.9513,9366475,98277355.24,6009935105.68,5001600000.0
2017-11-09,'002369,卓翼科技,10.23,10.32,10.13,10.22,10.27,-0.04,-0.3895,1.3368,6416603,65678655.94,5900348956.92,4910400000.0
2017-11-08,'002369,卓翼科技,10.27,10.35,9.8,9.89,9.91,0.36,3.6327,2.102,10089542,102050718.08,5923419725.08,4929600000.0
2017-11-07,'002369,卓翼科技,9.91,10.08,9.65,10.02,10.03,-0.12,-1.1964,1.6669,8000965,78665958.04,5715782811.64,4756800000.0
2017-11-06,'002369,卓翼科技,10.03,10.04,9.76,9.9,9.9,0.13,1.3131,1.2384,5944092,59115575.27,5784995116.12,4814400000.0
2017-11-03,'002369,卓翼科技,9.9,10.37,9.74,10.26,10.38,-0.48,-4.6243,3.0985,14872810,149551264.73,5710015119.6,4752000000.0
2017-11-02,'002369,卓翼科技,10.38,10.62,10.15,10.54,10.68,-0.3,-2.809,2.711,13012901,134838422.35,5986864337.52,4982400000.0
2017-11-01,'002369,卓翼科技,10.68,10.7,10.25,10.33,10.37,0.31,2.9894,2.9554,14186128,149204228.32,6159895098.72,5126400000.0
2017-10-31,'002369,卓翼科技,10.37,10.52,10.21,10.21,10.3,0.07,0.6796,1.945,9335943,96582245.61,5981096645.48,4977600000.0
2017-10-30,'002369,卓翼科技,10.3,10.55,9.93,10.26,10.24,0.06,0.5859,2.498,11990315,123004011.54,5940722801.2,4944000000.0
2017-10-27,'002369,卓翼科技,10.24,10.93,10.2,10.75,10.49,-0.25,-2.3832,2.8227,13549195,142734699.63,5906116648.96,4915200000.0
2017-10-26,'002369,卓翼科技,10.49,10.85,10.45,10.51,10.26,0.23,2.2417,4.6515,22327433,237873904.2,6050308949.96,5035200000.0
2017-10-25,'002369,卓翼科技,10.26,10.3,10.07,10.2,10.19,0.07,0.6869,1.5468,7424852,75863534.88,5917652033.04,4924800000.0
2017-10-24,'002369,卓翼科技,10.19,10.3,10.05,10.18,10.16,0.03,0.2953,1.7168,8240591,83890274.48,5877278188.76,4891200000.0
2017-10-23,'002369,卓翼科技,10.16,10.47,10.04,10.2,10.2,-0.04,-0.3922,2.1851,10488349,107489880.52,5859975112.64,4876800000.0
2017-10-20,'002369,卓翼科技,10.2,10.2,9.72,9.72,9.81,0.39,3.9755,1.9058,9147988,91543301.03,5883045880.8,4896000000.0
2017-10-19,'002369,卓翼科技,9.81,9.96,9.53,9.59,9.56,0.25,2.6151,1.7233,8271816,80915369.04,5658105891.24,4708800000.0
2017-10-18,'002369,卓翼科技,9.56,9.72,9.41,9.61,9.66,-0.1,-1.0352,1.3176,6324699,60654057.98,5513913590.24,4588800000.0
2017-10-17,'002369,卓翼科技,9.66,9.76,9.54,9.6,9.57,0.09,0.9404,1.2416,5959866,57519197.7,5571590510.64,4636800000.0
2017-10-16,'002369,卓翼科技,9.57,9.98,9.57,9.72,9.71,-0.14,-1.4418,1.7287,8297524,81292338.06,5519681282.28,4593600000.0
2017-10-13,'002369,卓翼科技,9.71,9.97,9.63,9.87,9.85,-0.14,-1.4213,2.022,9705696,94525103.66,5600428970.84,4660800000.0
2017-10-12,'002369,卓翼科技,9.85,10.22,9.75,9.88,9.97,-0.12,-1.2036,2.7768,13328464,133704544.42,5681176659.4,4728000000.0
2017-10-11,'002369,卓翼科技,9.97,10.12,9.68,9.8,9.85,0.12,1.2183,2.8719,13785270,136206250.71,5750388963.88,4785600000.0
2017-10-10,'002369,卓翼科技,9.85,9.98,9.78,9.87,10.02,-0.17,-1.6966,2.4254,11642115,114975788.61,5681176659.4,4728000000.0
2017-10-09,'002369,卓翼科技,10.02,10.24,9.58,9.6,9.46,0.56,5.9197,4.3714,20982757,209101343.82,5779227424.08,4809600000.0
2017-09-29,'002369,卓翼科技,9.46,9.53,9.22,9.45,9.35,0.11,1.1765,2.0607,9891129,93313884.81,5456236669.84,4540800000.0
2017-09-28,'002369,卓翼科技,9.35,9.55,9.23,9.29,9.33,0.02,0.2144,2.6709,12820201,120677644.16,5392792057.4,4488000000.0
2017-09-27,'002369,卓翼科技,9.33,9.45,9.07,9.08,9.12,0.21,2.3026,2.3883,11464051,106235686.03,5381256673.32,4478400000.0
2017-09-26,'002369,卓翼科技,9.12,9.17,8.74,8.97,8.91,0.21,2.3569,1.3284,6376448,57416513.76,5260135140.48,4377600000.0
2017-09-25,'002369,卓翼科技,8.91,9.24,8.9,9.1,9.16,-0.25,-2.7293,1.5699,7535464,68432566.08,5139013607.64,4276800000.0
2017-09-22,'002369,卓翼科技,9.16,9.18,8.73,9.03,8.98,0.18,2.0045,1.9227,9229151,83796232.13,5283205908.64,4396800000.0
2017-09-21,'002369,卓翼科技,8.98,9.17,8.92,8.97,8.9,0.08,0.8989,1.7178,8245309,74736825.7,5179387451.92,4310400000.0
2017-09-20,'002369,卓翼科技,8.9,8.95,8.74,8.89,8.89,0.01,0.1125,0.5999,2879348,25496200.31,5133245915.6,4272000000.0
2017-09-19,'002369,卓翼科技,8.89,9.03,8.86,8.9,8.93,-0.04,-0.4479,0.7099,3407683,30458905.14,5127478223.56,4267200000.0
2017-09-18,'002369,卓翼科技,8.93,9.04,8.69,8.69,8.71,0.22,2.5258,1.5195,7293695,65204625.2,5150548991.72,4286400000.0
2017-09-15,'002369,卓翼科技,8.71,8.72,8.56,8.61,8.6,0.11,1.2791,0.8162,3917799,33966638.02,5023659766.84,4180800000.0
2017-09-14,'002369,卓翼科技,8.6,8.73,8.55,8.69,8.69,-0.09,-1.0357,0.8998,4318895,37278363.05,4960215154.4,4128000000.0
2017-09-13,'002369,卓翼科技,8.69,8.84,8.66,8.84,8.83,-0.14,-1.5855,0.9665,4639297,40442229.8,5012124382.76,4171200000.0
2017-09-12,'002369,卓翼科技,8.83,8.98,8.76,8.98,8.93,-0.1,-1.1198,1.1415,5478994,48466123.82,5092872071.32,4238400000.0
2017-09-11,'002369,卓翼科技,8.93,9.07,8.81,8.9,8.96,-0.03,-0.3348,1.0324,4955503,44210539.1,5150548991.72,4286400000.0
2017-09-08,'002369,卓翼科技,8.96,9.05,8.83,8.98,8.97,-0.01,-0.1115,1.3358,6412001,57164351.78,5167852067.84,4300800000.0
2017-09-07,'002369,卓翼科技,8.97,9.2,8.58,8.58,8.66,0.31,3.5797,3.543,17006300,153530240.98,5173619759.88,4305600000.0
2017-09-06,'002369,卓翼科技,8.66,8.8,8.42,8.43,8.47,0.19,2.2432,2.2787,10937696,94385130.92,4994821306.64,4156800000.0
2017-09-05,'002369,卓翼科技,8.47,8.48,8.33,8.37,8.4,0.07,0.8333,1.0332,4959189,41721239.01,4885235157.88,4065600000.0
2017-09-04,'002369,卓翼科技,8.4,8.45,8.25,8.3,8.35,0.05,0.5988,1.0549,5063466,42308900.62,4844861313.6,4032000000.0
2017-09-01,'002369,卓翼科技,8.35,8.37,8.2,8.36,8.36,-0.01,-0.1196,0.6856,3290947,27267831.87,4816022853.4,4008000000.0
2017-08-31,'002369,卓翼科技,8.36,8.4,8.29,8.32,8.36,0.0,0.0,0.594,2851000,23790524.0,4821790545.44,4012800000.0
2017-08-30,'002369,卓翼科技,8.36,8.45,8.27,8.37,8.36,0.0,0.0,0.9399,4511588,37567592.32,4821790545.44,4012800000.0
2017-08-29,'002369,卓翼科技,8.36,8.48,8.32,8.43,8.43,-0.07,-0.8304,0.6332,3039307,25477535.71,4821790545.44,4012800000.0
2017-08-28,'002369,卓翼科技,8.43,8.53,8.36,8.38,8.39,0.04,0.4768,0.8305,3986323,33643383.99,4862164389.72,4046400000.0
2017-08-25,'002369,卓翼科技,8.39,8.55,8.21,8.21,8.2,0.19,2.3171,1.4262,6845781,57514255.66,4839093621.56,4027200000.0
2017-08-24,'002369,卓翼科技,8.2,8.26,8.1,8.21,8.22,-0.02,-0.2433,0.5209,2500108,20474270.36,4729507472.8,3936000000.0
2017-08-23,'002369,卓翼科技,8.22,8.36,8.2,8.29,8.28,-0.06,-0.7246,0.6221,2986112,24638540.0,4741042856.88,3945600000.0
2017-08-22,'002369,卓翼科技,8.28,8.43,8.25,8.39,8.39,-0.11,-1.3111,1.0695,5133400,42775500.06,4775649009.12,3974400000.0
2017-08-21,'002369,卓翼科技,8.39,8.46,8.16,8.16,8.18,0.21,2.5672,1.4693,7052568,59094814.06,4839093621.56,4027200000.0
2017-08-18,'002369,卓翼科技,8.18,8.25,8.08,8.08,8.12,0.06,0.7389,0.8617,4136354,33826896.62,4717972088.72,3926400000.0
2017-08-17,'002369,卓翼科技,8.12,8.29,8.03,8.1,8.04,0.08,0.995,1.5188,7290367,59417178.61,4683365936.48,3897600000.0
2017-08-16,'002369,卓翼科技,8.04,8.08,7.87,7.92,7.91,0.13,1.6435,0.794,3811091,30542221.43,4637224400.16,3859200000.0
2017-08-15,'002369,卓翼科技,7.91,7.98,7.86,7.95,7.92,-0.01,-0.1263,0.4576,2196619,17364660.86,4562244403.64,3796800000.0
2017-08-14,'002369,卓翼科技,7.92,7.93,7.7,7.76,7.78,0.14,1.7995,0.5551,2664474,20906075.71,4568012095.68,3801600000.0
2017-08-11,'002369,卓翼科技,7.78,7.95,7.74,7.91,7.97,-0.19,-2.3839,0.7862,3773858,29571504.92,4487264407.12,3734400000.0
2017-08-10,'002369,卓翼科技,7.97,8.06,7.86,7.87,7.87,0.1,1.2706,1.1136,5345425,42672710.08,4596850555.88,3825600000.0
2017-08-09,'002369,卓翼科技,7.87,7.97,7.8,7.84,7.82,0.05,0.6394,0.6222,2986719,23565814.15,4539173635.48,3777600000.0
2017-08-08,'002369,卓翼科技,7.82,7.88,7.72,7.73,7.73,0.09,1.1643,0.7494,3597314,28061525.58,4510335175.28,3753600000.0
2017-08-07,'002369,卓翼科技,7.73,7.77,7.71,7.73,7.73,0.0,0.0,0.3623,1738924,13463011.76,4458425946.92,3710400000.0
2017-08-04,'002369,卓翼科技,7.73,7.81,7.63,7.8,7.75,-0.02,-0.2581,0.8986,4313372,33249604.94,4458425946.92,3710400000.0
2017-08-03,'002369,卓翼科技,7.75,7.84,7.7,7.77,7.75,0.0,0.0,0.489,2347298,18260948.92,4469961331.0,3720000000.0
2017-08-02,'002369,卓翼科技,7.75,7.88,7.74,7.87,7.86,-0.11,-1.3995,0.4815,2310968,18020863.0,4469961331.0,3720000000.0
2017-08-01,'002369,卓翼科技,7.86,7.87,7.77,7.83,7.84,0.02,0.2551,0.5082,2439171,19067183.95,4533405943.44,3772800000.0
2017-07-31,'002369,卓翼科技,7.84,7.86,7.76,7.83,7.83,0.01,0.1277,0.441,2116626,16518608.36,4521870559.36,3763200000.0
2017-07-28,'002369,卓翼科技,7.83,7.98,7.82,7.86,7.88,-0.05,-0.6345,0.4579,2198089,17313634.25,4516102867.32,3758400000.0
2017-07-27,'002369,卓翼科技,7.88,8.03,7.57,7.67,7.67,0.21,2.7379,1.0126,4860367,38012364.56,4544941327.52,3782400000.0
2017-07-26,'002369,卓翼科技,7.67,7.74,7.65,7.74,7.73,-0.06,-0.7762,0.3617,1736287,13350870.23,4423819794.68,3681600000.0
2017-07-25,'002369,卓翼科技,7.73,7.77,7.68,7.77,7.77,-0.04,-0.5148,0.4247,2038686,15725614.26,4458425946.92,3710400000.0
2017-07-24,'002369,卓翼科技,7.77,7.79,7.61,7.68,7.66,0.11,1.436,0.74,3552211,27308655.77,4481496715.08,3729600000.0
2017-07-21,'002369,卓翼科技,7.66,7.71,7.56,7.62,7.6,0.06,0.7895,0.514,2467202,18899155.3,4418052102.64,3676800000.0
2017-07-20,'002369,卓翼科技,7.6,7.76,7.55,7.55,7.61,-0.01,-0.1314,0.8574,4115300,31523297.94,4383445950.4,3648000000.0
2017-07-19,'002369,卓翼科技,7.61,7.63,7.3,7.63,7.59,0.02,0.2635,1.203,5774414,43187249.0,4389213642.44,3652800000.0
2017-07-18,'002369,卓翼科技,7.59,7.69,7.42,7.53,7.52,0.07,0.9309,0.6227,2988863,22561820.59,4377678258.36,3643200000.0
2017-07-17,'002369,卓翼科技,7.52,8.1,7.52,8.04,8.09,-0.57,-7.0457,0.9151,4392433,34216673.74,4337304414.08,3609600000.0
2017-07-14,'002369,卓翼科技,8.09,8.16,8.06,8.08,8.08,0.01,0.1238,0.4461,2141200,17368579.5,4666062860.36,3883200000.0
2017-07-13,'002369,卓翼科技,8.08,8.21,8.02,8.15,8.22,-0.14,-1.7032,0.7846,3766300,30488547.8,4660295168.32,3878400000.0
2017-07-12,'002369,卓翼科技,8.22,8.35,8.08,8.27,8.32,-0.1,-1.2019,0.6885,3304606,27045416.23,4741042856.88,3945600000.0
2017-07-11,'002369,卓翼科技,8.32,8.46,8.32,8.44,8.44,-0.12,-1.4218,0.5023,2411045,20281549.62,4798719777.28,3993600000.0
2017-07-10,'002369,卓翼科技,8.44,8.56,8.38,8.56,8.56,-0.12,-1.4019,0.6706,3218757,27303524.51,4867932081.76,4051200000.0
2017-07-07,'002369,卓翼科技,8.56,8.59,8.5,8.54,8.56,0.0,0.0,0.3831,1838800,15709015.34,4937144386.24,4108800000.0
2017-07-06,'002369,卓翼科技,8.56,8.62,8.52,8.62,8.61,-0.05,-0.5807,0.4785,2296787,19668427.91,4937144386.24,4108800000.0
2017-07-05,'002369,卓翼科技,8.61,8.63,8.49,8.49,8.52,0.09,1.0563,0.4702,2256853,19323517.44,4965982846.44,4132800000.0
2017-07-04,'002369,卓翼科技,8.52,8.68,8.5,8.68,8.7,-0.18,-2.069,0.6531,3134815,26891053.95,4914073618.08,4089600000.0
2017-07-03,'002369,卓翼科技,8.7,8.72,8.61,8.64,8.64,0.06,0.6944,0.4802,2305061,20008596.12,5017892074.8,4176000000.0
2017-06-30,'002369,卓翼科技,8.64,8.68,8.53,8.53,8.57,0.07,0.8168,0.4164,1998680,17227907.61,4983285922.56,4147200000.0
2017-06-29,'002369,卓翼科技,8.57,8.67,8.56,8.61,8.6,-0.03,-0.3488,0.6338,3042205,26205008.95,4942912078.28,4113600000.0
2017-06-28,'002369,卓翼科技,8.6,8.64,8.52,8.58,8.57,0.03,0.3501,0.3889,1866600,16017305.0,4960215154.4,4128000000.0
2017-06-27,'002369,卓翼科技,8.57,8.7,8.53,8.63,8.6,-0.03,-0.3488,0.4934,2368223,20370212.95,4942912078.28,4113600000.0
2017-06-26,'002369,卓翼科技,8.6,8.62,8.47,8.49,8.49,0.11,1.2956,0.483,2318565,19856532.16,4960215154.4,4128000000.0
2017-06-23,'002369,卓翼科技,8.49,8.55,8.32,8.45,8.5,-0.01,-0.1176,0.9646,4630006,39081911.44,4896770541.96,4075200000.0
2017-06-22,'002369,卓翼科技,8.5,8.79,8.5,8.72,8.78,-0.28,-3.1891,1.0763,5166379,44686704.77,4902538234.0,4080000000.0
2017-06-21,'002369,卓翼科技,8.78,8.92,8.75,8.92,9.04,-0.26,-2.8761,2.2537,10817730,95372034.7,5064033611.12,4214400000.0
2017-06-20,'002369,卓翼科技,9.04,9.38,8.66,8.73,8.71,0.33,3.7887,3.035,14567890,129962115.8,5213993604.16,4339200000.0
2017-06-19,'002369,卓翼科技,8.71,8.79,8.63,8.79,8.68,0.03,0.3456,0.6139,2946692,25597577.62,5023659766.84,4180800000.0
2017-06-16,'002369,卓翼科技,8.68,8.83,8.6,8.83,8.68,0.0,0.0,0.6093,2924669,25396205.81,5006356690.72,4166400000.0
2017-06-15,'002369,卓翼科技,8.68,8.83,8.67,8.75,8.76,-0.08,-0.9132,1.0268,4928815,43010945.86,5006356690.72,4166400000.0
2017-06-14,'002369,卓翼科技,8.76,8.83,8.51,8.71,8.76,0.0,0.0,1.5718,7544879,65511349.72,5052498227.04,4204800000.0
2017-06-13,'002369,卓翼科技,8.76,8.92,8.69,8.88,8.89,-0.13,-1.4623,2.3735,11392571,100387680.58,5052498227.04,4204800000.0
2017-06-12,'002369,卓翼科技,8.89,8.99,8.54,8.6,8.69,0.2,2.3015,1.4779,7093886,61888888.03,5127478223.56,4267200000.0
2017-06-09,'002369,卓翼科技,8.69,8.83,8.45,8.47,8.43,0.26,3.0842,2.0129,9661818,83701200.95,5012124382.76,4171200000.0
2017-06-08,'002369,卓翼科技,8.43,8.43,8.26,8.3,8.33,0.1,1.2005,1.1423,5483279,45842306.95,4862164389.72,4046400000.0
2017-06-07,'002369,卓翼科技,8.33,8.36,8.18,8.23,8.21,0.12,1.4616,0.9305,4466490,37050249.43,4804487469.32,3998400000.0
2017-06-06,'002369,卓翼科技,8.21,8.27,8.06,8.06,8.16,0.05,0.6127,0.7391,3547488,29026151.92,4735275164.84,3940800000.0
2017-06-05,'002369,卓翼科技,8.16,8.26,8.13,8.25,8.27,-0.11,-1.3301,0.79,3791888,31044739.11,4706436704.64,3916800000.0
2017-06-02,'002369,卓翼科技,8.27,8.42,7.61,7.65,7.68,0.59,7.6823,1.1133,5344016,43057123.5,4769881317.08,3969600000.0
2017-06-01,'002369,卓翼科技,7.68,7.98,7.68,7.97,7.97,-0.29,-3.6386,0.8438,4050078,31560861.82,4429587486.72,3686400000.0
2017-05-31,'002369,卓翼科技,7.97,7.98,7.86,7.86,7.83,0.14,1.788,0.4992,2396315,19053253.88,4628039955.38,3825600000.0
2017-05-26,'002369,卓翼科技,7.83,7.88,7.74,7.81,7.81,0.02,0.2561,0.4646,2230280,17476067.87,4546744397.82,3758400000.0
2017-05-25,'002369,卓翼科技,7.81,7.88,7.71,7.72,7.78,0.03,0.3856,0.6662,3197700,24892711.33,4535130746.74,3748800000.0
2017-05-24,'002369,卓翼科技,7.78,7.89,7.5,7.66,7.7,0.08,1.039,0.5717,2744279,21194813.62,4517710270.12,3734400000.0
2017-05-23,'002369,卓翼科技,7.7,8.14,7.6,8.13,8.07,-0.37,-4.5849,0.6834,3280186,25901442.0,4471255665.8,3696000000.0
2017-05-22,'002369,卓翼科技,8.07,8.36,8.07,8.23,8.25,-0.18,-2.1818,0.4289,2058774,16888583.49,4686108210.78,3873600000.0
2017-05-19,'002369,卓翼科技,8.25,8.3,8.2,8.3,8.24,0.01,0.1214,0.3883,1863843,15362749.23,4790631070.5,3960000000.0
2017-05-18,'002369,卓翼科技,8.24,8.39,8.2,8.2,8.28,-0.04,-0.4831,0.5734,2752307,22843192.57,4784824244.96,3955200000.0
2017-05-17,'002369,卓翼科技,8.28,8.46,8.2,8.25,8.24,0.04,0.4854,0.9018,4328704,36060264.99,4808051547.12,3974400000.0
2017-05-16,'002369,卓翼科技,8.24,8.26,7.8,7.88,7.91,0.33,4.1719,0.852,4089808,33063908.56,4784824244.96,3955200000.0
2017-05-15,'002369,卓翼科技,7.91,7.99,7.86,7.93,7.88,0.03,0.3807,0.4877,2340982,18575893.44,4593199002.14,3796800000.0
2017-05-12,'002369,卓翼科技,7.88,7.95,7.74,7.81,7.92,-0.04,-0.5051,0.7021,3369866,26532838.3,4575778525.52,3782400000.0
2017-05-11,'002369,卓翼科技,7.92,8.05,7.65,7.92,8.02,-0.1,-1.2469,0.7261,3485273,27399060.6,4599005827.68,3801600000.0
2017-05-10,'002369,卓翼科技,8.02,8.29,7.98,8.22,8.22,-0.2,-2.4331,0.6531,3134746,25465529.34,4657074083.08,3849600000.0
2017-05-09,'002369,卓翼科技,8.22,8.25,8.08,8.12,8.09,0.13,1.6069,0.4668,2240838,18316511.94,4773210593.88,3945600000.0
2017-05-08,'002369,卓翼科技,8.09,8.35,8.01,8.33,8.32,-0.23,-2.7644,0.3833,1840016,15123711.19,4697721861.86,3883200000.0
2017-05-05,'002369,卓翼科技,8.32,8.46,8.31,8.4,8.45,-0.13,-1.5385,0.4879,2341991,19622716.45,4831278849.28,3993600000.0
2017-05-04,'002369,卓翼科技,8.45,8.59,8.33,8.43,8.46,-0.01,-0.1182,0.558,2678454,22621791.17,4906767581.3,4056000000.0
2017-05-03,'002369,卓翼科技,8.46,8.54,8.4,8.48,8.49,-0.03,-0.3534,0.6482,3111501,26348972.19,4912574406.84,4060800000.0
2017-05-02,'002369,卓翼科技,8.49,8.55,8.36,8.42,8.42,0.07,0.8314,0.6396,3070115,25973419.55,4929994883.46,4075200000.0
2017-04-28,'002369,卓翼科技,8.42,8.45,8.2,8.23,8.26,0.16,1.937,0.578,2774207,23106669.77,4889347104.68,4041600000.0
2017-04-27,'002369,卓翼科技,8.26,8.31,7.89,8.23,8.19,0.07,0.8547,0.9318,4472780,36293500.8,4796437896.04,3964800000.0
2017-04-26,'002369,卓翼科技,8.19,8.22,8.14,8.17,8.16,0.03,0.3676,0.4108,1971922,16141976.67,4755790117.26,3931200000.0
2017-04-25,'002369,卓翼科技,8.16,8.32,8.13,8.13,8.16,0.0,0.0,0.7543,3620729,29769754.28,4738369640.64,3916800000.0
2017-04-24,'002369,卓翼科技,8.16,8.55,8.15,8.55,8.53,-0.37,-4.3376,0.8237,3953755,32625670.13,4738369640.64,3916800000.0
2017-04-21,'002369,卓翼科技,8.53,8.64,8.47,8.54,8.52,0.01,0.1174,0.498,2390573,20414668.89,4953222185.62,4094400000.0
2017-04-20,'002369,卓翼科技,8.52,8.82,8.38,8.76,8.74,-0.22,-2.5172,0.8705,4178351,35957779.88,4947415360.08,4089600000.0
2017-04-19,'002369,卓翼科技,8.74,8.99,8.53,8.99,8.94,-0.2,-2.2371,0.9774,4691598,40652337.61,5075165521.96,4195200000.0
2017-04-18,'002369,卓翼科技,8.94,9.26,8.91,9.16,9.16,-0.22,-2.4017,0.708,3398519,30922875.56,5191302032.76,4291200000.0
2017-04-17,'002369,卓翼科技,9.16,9.34,9.05,9.26,9.32,-0.16,-1.7167,0.9105,4370277,40166577.21,5319052194.64,4396800000.0
2017-04-14,'002369,卓翼科技,9.32,9.49,9.28,9.49,9.53,-0.21,-2.2036,0.8304,3985818,37410551.33,5411961403.28,4473600000.0
2017-04-13,'002369,卓翼科技,9.53,9.54,9.32,9.4,9.41,0.12,1.2752,0.9945,4773752,45085653.31,5533904739.62,4574400000.0
2017-04-12,'002369,卓翼科技,9.41,9.51,9.18,9.35,9.38,0.03,0.3198,1.2019,5768893,54008979.45,5464222833.14,4516800000.0
2017-04-11,'002369,卓翼科技,9.38,9.4,9.15,9.31,9.31,0.07,0.7519,1.1394,5469193,50673739.04,5446802356.52,4502400000.0
2017-04-10,'002369,卓翼科技,9.31,9.58,9.3,9.58,9.57,-0.26,-2.7168,1.188,5702187,53431652.35,5406154577.74,4468800000.0
2017-04-07,'002369,卓翼科技,9.57,9.7,9.52,9.54,9.52,0.05,0.5252,0.8568,4112753,39473623.01,5557132041.78,4593600000.0
2017-04-06,'002369,卓翼科技,9.52,9.72,9.49,9.66,9.66,-0.14,-1.4493,1.2307,5907243,56507316.36,5528097914.08,4569600000.0
2017-04-05,'002369,卓翼科技,9.66,9.72,9.34,9.34,9.33,0.33,3.537,1.3823,6634849,63415889.65,5609393471.64,4636800000.0
2017-03-31,'002369,卓翼科技,9.33,9.48,9.23,9.3,9.48,-0.15,-1.5823,1.698,8150229,76077819.84,5417768228.82,4478400000.0
2017-03-30,'002369,卓翼科技,9.48,9.86,9.48,9.86,9.82,-0.34,-3.4623,1.4712,7061545,67748986.82,5504870611.92,4550400000.0
2017-03-29,'002369,卓翼科技,9.82,9.94,9.81,9.85,9.85,-0.03,-0.3046,0.907,4353497,42977585.33,5702302680.28,4713600000.0
2017-03-28,'002369,卓翼科技,9.85,9.95,9.81,9.93,9.91,-0.06,-0.6054,0.7751,3720475,36701292.91,5719723156.9,4728000000.0
2017-03-27,'002369,卓翼科技,9.91,10.1,9.89,10.06,10.05,-0.14,-1.393,1.0749,5159670,51355759.28,5754564110.14,4756800000.0
2017-03-24,'002369,卓翼科技,10.05,10.05,9.9,9.96,9.95,0.1,1.005,1.0589,5082769,50710258.34,5835859667.7,4824000000.0
2017-03-23,'002369,卓翼科技,9.95,10.09,9.82,10.01,9.97,-0.02,-0.2006,1.1596,5566173,55430318.83,5777791412.3,4776000000.0
2017-03-22,'002369,卓翼科技,9.97,10.27,9.9,10.21,10.27,-0.3,-2.9211,1.7355,8330333,83791440.85,5789405063.38,4785600000.0
2017-03-21,'002369,卓翼科技,10.27,10.36,10.22,10.29,10.29,-0.02,-0.1944,0.9903,4753593,48880314.65,5963609829.58,4929600000.0
2017-03-20,'002369,卓翼科技,10.29,10.45,10.18,10.39,10.38,-0.09,-0.8671,1.2373,5939195,61148634.33,5975223480.66,4939200000.0
2017-03-17,'002369,卓翼科技,10.38,10.59,10.37,10.48,10.49,-0.11,-1.0486,1.521,7300833,76644333.06,6027484910.52,4982400000.0
2017-03-16,'002369,卓翼科技,10.49,10.51,10.38,10.45,10.44,0.05,0.4789,1.1472,5506758,57523503.66,6091359991.46,5035200000.0
2017-03-15,'002369,卓翼科技,10.44,10.62,10.35,10.5,10.53,-0.09,-0.8547,1.5228,7309417,76670180.15,5052055374.0,5011200000.0
2017-03-14,'002369,卓翼科技,10.53,10.55,10.39,10.39,10.39,0.14,1.3474,1.4649,7031744,73677535.16,5095607575.5,5054400000.0
2017-03-13,'002369,卓翼科技,10.39,10.39,10.15,10.38,10.38,0.01,0.0963,0.7055,3386555,34894253.63,5027859706.5,4987200000.0
2017-03-10,'002369,卓翼科技,10.38,10.41,10.32,10.36,10.34,0.04,0.3868,0.6189,2970586,30772723.63,5023020573.0,4982400000.0
2017-03-09,'002369,卓翼科技,10.34,10.54,10.29,10.5,10.56,-0.22,-2.0833,1.3907,6675463,69392399.56,5003664039.0,4963200000.0
2017-03-08,'002369,卓翼科技,10.56,10.68,10.43,10.68,10.69,-0.13,-1.2161,1.8769,9008943,94938375.75,5110124976.0,5068800000.0
2017-03-07,'002369,卓翼科技,10.69,10.87,10.5,10.62,10.63,0.06,0.5644,2.2652,10873041,116100740.37,5173033711.5,5131200000.0
2017-03-06,'002369,卓翼科技,10.63,10.64,10.46,10.55,10.54,0.09,0.8539,1.4897,7150713,75462056.46,5143998910.5,5102400000.0
2017-03-03,'002369,卓翼科技,10.54,10.67,10.41,10.67,10.64,-0.1,-0.9398,1.0418,5000617,52792758.78,5100446709.0,5059200000.0
2017-03-02,'002369,卓翼科技,10.64,10.86,10.55,10.56,10.57,0.07,0.6623,2.1623,10379100,111221181.42,5148838044.0,5107200000.0
2017-03-01,'002369,卓翼科技,10.57,10.66,10.45,10.5,10.55,0.02,0.1896,1.1754,5641982,59610873.35,5114964109.5,5073600000.0
2017-02-28,'002369,卓翼科技,10.55,10.65,10.43,10.53,10.55,0.0,0.0,0.847,4065727,42763815.72,5105285842.5,5064000000.0
2017-02-27,'002369,卓翼科技,10.55,10.78,10.34,10.41,10.42,0.13,1.2476,2.3699,11375758,120709548.19,5105285842.5,5064000000.0
2017-02-24,'002369,卓翼科技,10.42,10.43,10.3,10.34,10.38,0.04,0.3854,0.9686,4649422,48199853.73,5042377107.0,5001600000.0
2017-02-23,'002369,卓翼科技,10.38,10.38,10.22,10.32,10.41,-0.03,-0.2882,0.7771,3730182,38560496.05,5023020573.0,4982400000.0
2017-02-22,'002369,卓翼科技,10.41,10.48,10.27,10.43,10.44,-0.03,-0.2874,0.9479,4549795,47239353.28,5037537973.5,4996800000.0
2017-02-21,'002369,卓翼科技,10.44,10.45,10.23,10.26,10.26,0.18,1.7544,1.468,7046565,73061396.99,5052055374.0,5011200000.0
2017-02-20,'002369,卓翼科技,10.26,10.29,10.03,10.17,10.12,0.14,1.3834,0.8119,3897048,39783773.94,4964950971.0,4924800000.0
2017-02-17,'002369,卓翼科技,10.12,10.26,10.08,10.19,10.22,-0.1,-0.9785,0.793,3806530,38662693.7,4897203102.0,4857600000.0
2017-02-16,'002369,卓翼科技,10.22,10.23,10.11,10.17,10.17,0.05,0.4916,0.6458,3099616,31549575.72,4945594437.0,4905600000.0
2017-02-15,'002369,卓翼科技,10.17,10.33,10.11,10.27,10.28,-0.11,-1.07,0.6914,3318669,34041777.2,4921398769.5,4881600000.0
2017-02-14,'002369,卓翼科技,10.28,10.41,10.25,10.41,10.38,-0.1,-0.9634,0.6052,2905123,29953838.77,4974629238.0,4934400000.0
2017-02-13,'002369,卓翼科技,10.38,10.42,10.2,10.32,10.32,0.06,0.5814,0.912,4377446,45142381.06,5023020573.0,4982400000.0
2017-02-10,'002369,卓翼科技,10.32,10.44,10.3,10.32,10.33,-0.01,-0.0968,0.9761,4685307,48555060.15,4993985772.0,4953600000.0
2017-02-09,'002369,卓翼科技,10.33,10.42,10.3,10.31,10.34,-0.01,-0.0967,1.3825,6635794,68730952.14,4998824905.5,4958400000.0
2017-02-08,'002369,卓翼科技,10.34,10.49,10.06,10.14,10.15,0.19,1.8719,1.7194,8253270,85194639.19,5003664039.0,4963200000.0
2017-02-07,'002369,卓翼科技,10.15,10.18,10.03,10.1,10.08,0.07,0.6944,0.9441,4531786,45865744.61,4911720502.5,4872000000.0
2017-02-06,'002369,卓翼科技,10.08,10.09,9.93,10.02,10.0,0.08,0.8,0.8671,4161989,41763260.9,4877846568.0,4838400000.0
2017-02-03,'002369,卓翼科技,10.0,10.05,9.91,10.01,9.97,0.03,0.3009,0.499,2395075,23921703.91,4839133500.0,4800000000.0
2017-01-26,'002369,卓翼科技,9.97,10.04,9.9,9.9,9.87,0.1,1.0132,0.7367,3536114,35272876.32,4824616099.5,4785600000.0
2017-01-25,'002369,卓翼科技,9.87,9.98,9.8,9.9,9.95,-0.08,-0.804,1.31,6288166,62061508.83,4776224764.5,4737600000.0
2017-01-24,'002369,卓翼科技,9.95,10.13,9.88,9.98,10.02,-0.07,-0.6986,1.09,5232226,52238526.7,4814937832.5,4776000000.0
2017-01-23,'002369,卓翼科技,10.02,10.55,9.97,10.19,9.65,0.37,3.8342,2.4029,11533944,117005552.12,4848811767.0,4809600000.0
2017-01-20,'002369,卓翼科技,9.65,9.72,9.46,9.47,9.48,0.17,1.7932,0.7336,3521513,33924686.99,4669763827.5,4632000000.0
2017-01-19,'002369,卓翼科技,9.48,9.75,9.45,9.61,9.62,-0.14,-1.4553,1.1541,5539509,52954171.78,4587498558.0,4550400000.0
2017-01-18,'002369,卓翼科技,9.62,9.76,9.55,9.58,9.68,-0.06,-0.6198,0.6885,3305033,31757336.79,4655246427.0,4617600000.0
2017-01-17,'002369,卓翼科技,9.68,9.75,9.42,9.52,9.49,0.19,2.0021,0.9157,4395554,42220464.81,4684281228.0,4646400000.0
2017-01-16,'002369,卓翼科技,9.49,10.2,9.14,10.12,10.15,-0.66,-6.5025,1.5176,7284393,71105451.64,4592337691.5,4555200000.0
2017-01-13,'002369,卓翼科技,10.15,10.41,10.1,10.41,10.41,-0.26,-2.4976,0.9274,4451534,45490680.49,4911720502.5,4872000000.0
2017-01-12,'002369,卓翼科技,10.41,10.68,10.41,10.53,10.6,-0.19,-1.7925,1.1678,5605248,59099509.2,5037537973.5,4996800000.0
2017-01-11,'002369,卓翼科技,10.6,10.84,10.56,10.56,10.51,0.09,0.8563,1.562,7497745,80223306.5,5129481510.0,5088000000.0
2017-01-10,'002369,卓翼科技,10.51,10.64,10.5,10.57,10.57,-0.06,-0.5676,0.7548,3622956,38297712.51,5085929308.5,5044800000.0
2017-01-09,'002369,卓翼科技,10.57,10.66,10.46,10.56,10.56,0.01,0.0947,0.937,4497600,47482312.28,5114964109.5,5073600000.0
2017-01-06,'002369,卓翼科技,10.56,10.8,10.5,10.66,10.62,-0.06,-0.565,0.9403,4513540,47940931.04,5110124976.0,5068800000.0
2017-01-05,'002369,卓翼科技,10.62,10.77,10.54,10.74,10.74,-0.12,-1.1173,0.7947,3814402,40555129.31,5139159777.0,5097600000.0
2017-01-04,'002369,卓翼科技,10.74,10.74,10.45,10.49,10.51,0.23,2.1884,1.1512,5525537,58806652.95,5197229379.0,5155200000.0
2017-01-03,'002369,卓翼科技,10.51,10.58,10.26,10.28,10.22,0.29,2.8376,1.0914,5238668,55004610.36,5085929308.5,5044800000.0
2016-12-30,'002369,卓翼科技,10.22,10.36,10.2,10.27,10.27,-0.05,-0.4869,0.7453,3577395,36810265.74,4945594437.0,4905600000.0
2016-12-29,'002369,卓翼科技,10.27,10.41,10.2,10.25,10.31,-0.04,-0.388,0.7745,3717488,38183727.48,4970710296.5,4929600000.0
2016-12-28,'002369,卓翼科技,10.31,10.45,10.3,10.35,10.35,-0.04,-0.3865,0.5646,2710005,28096546.06,4990070414.5,4948800000.0
2016-12-27,'002369,卓翼科技,10.35,10.45,10.25,10.33,10.32,0.03,0.2907,0.6857,3291182,34180089.87,5009430532.5,4968000000.0
2016-12-26,'002369,卓翼科技,10.32,10.35,10.1,10.14,10.25,0.07,0.6829,0.6548,3142889,32056711.72,4994910444.0,4953600000.0
2016-12-23,'002369,卓翼科技,10.25,10.45,10.25,10.35,10.4,-0.15,-1.4423,0.912,4377662,45239766.52,4961030237.5,4920000000.0
2016-12-22,'002369,卓翼科技,10.4,10.46,10.23,10.31,10.32,0.08,0.7752,1.222,5865427,60670220.06,5033630680.0,4992000000.0
2016-12-21,'002369,卓翼科技,10.32,10.32,10.18,10.22,10.2,0.12,1.1765,0.9458,4539993,46595852.64,4994910444.0,4953600000.0
2016-12-20,'002369,卓翼科技,10.2,10.21,10.03,10.03,10.11,0.09,0.8902,0.918,4406629,44724893.2,4936830090.0,4896000000.0
2016-12-19,'002369,卓翼科技,10.11,10.12,10.01,10.12,10.11,0.0,0.0,0.5759,2764536,27862808.51,4893269824.5,4852800000.0
2016-12-16,'002369,卓翼科技,10.11,10.16,9.94,10.08,10.03,0.08,0.7976,1.0801,5184688,52280574.9,4893269824.5,4852800000.0
2016-12-15,'002369,卓翼科技,10.03,10.17,9.95,9.98,9.95,0.08,0.804,1.1487,5513546,55533877.96,4854549588.5,4814400000.0
2016-12-14,'002369,卓翼科技,9.95,10.29,9.95,10.25,10.25,-0.3,-2.9268,1.3016,6247635,63012757.19,4815829352.5,4776000000.0
2016-12-13,'002369,卓翼科技,10.25,10.34,10.12,10.25,10.25,0.0,0.0,1.0644,5109354,52262511.91,4961030237.5,4920000000.0
2016-12-12,'002369,卓翼科技,10.25,11.07,10.1,11.05,11.06,-0.81,-7.3237,1.9504,9362144,99458719.73,4961030237.5,4920000000.0
2016-12-09,'002369,卓翼科技,11.06,11.24,11.03,11.22,11.19,-0.13,-1.1618,0.9134,4384103,48718482.87,5353072627.0,5308800000.0
2016-12-08,'002369,卓翼科技,11.19,11.34,11.19,11.29,11.27,-0.08,-0.7098,1.0353,4969279,55956385.23,5415993010.5,5371200000.0
2016-12-07,'002369,卓翼科技,11.27,11.36,11.13,11.13,11.2,0.07,0.625,1.1315,5431238,61170287.19,5454713246.5,5409600000.0
2016-12-06,'002369,卓翼科技,11.2,11.35,11.08,11.08,11.07,0.13,1.1743,1.3734,6592400,74238165.37,5420833040.0,5376000000.0
2016-12-05,'002369,卓翼科技,11.07,11.22,10.75,10.75,11.05,0.02,0.181,1.3694,6572957,72679083.06,5357912656.5,5313600000.0
2016-12-02,'002369,卓翼科技,11.05,11.29,10.98,11.29,11.25,-0.2,-1.7778,2.1885,10505012,116610454.11,5348232597.5,5304000000.0
2016-12-01,'002369,卓翼科技,11.25,11.38,11.2,11.33,11.34,-0.09,-0.7937,1.5943,7652799,86401007.44,5445033187.5,5400000000.0
2016-11-30,'002369,卓翼科技,11.34,11.48,11.21,11.31,11.3,0.04,0.354,1.327,6369451,72378610.94,5488593453.0,5443200000.0
2016-11-29,'002369,卓翼科技,11.3,11.62,11.3,11.53,11.58,-0.28,-2.418,2.173,10430287,119495289.5,5469233335.0,5424000000.0
2016-11-28,'002369,卓翼科技,11.58,11.73,11.56,11.68,11.7,-0.12,-1.0256,1.4751,7080453,82347427.48,5604754161.0,5558400000.0
2016-11-25,'002369,卓翼科技,11.7,11.72,11.35,11.64,11.64,0.06,0.5155,1.6145,7749550,89835168.59,5662834515.0,5616000000.0
2016-11-24,'002369,卓翼科技,11.64,11.83,11.57,11.7,11.75,-0.11,-0.9362,2.0493,9836467,115417052.2,5633794338.0,5587200000.0
2016-11-23,'002369,卓翼科技,11.75,12.03,11.67,11.99,11.96,-0.21,-1.7559,1.9562,9389640,111257172.99,5687034662.5,5640000000.0
2016-11-22,'002369,卓翼科技,11.96,12.06,11.84,12.03,11.95,0.01,0.0837,1.7633,8464071,100888124.21,5788675282.0,5740800000.0
2016-11-21,'002369,卓翼科技,11.95,11.97,11.74,11.75,11.75,0.2,1.7021,1.9784,9496206,112785179.92,5783835252.5,5736000000.0
2016-11-18,'002369,卓翼科技,11.75,11.9,11.68,11.77,11.76,-0.01,-0.085,1.57,7536219,88820851.17,5687034662.5,5640000000.0
2016-11-17,'002369,卓翼科技,11.76,11.95,11.71,11.92,11.98,-0.22,-1.8364,1.9903,9553486,112752404.01,5691874692.0,5644800000.0
2016-11-16,'002369,卓翼科技,11.98,12.13,11.86,11.88,11.91,0.07,0.5877,2.9264,14046739,168793464.12,5798355341.0,5750400000.0
2016-11-15,'002369,卓翼科技,11.91,11.95,11.76,11.86,11.85,0.06,0.5063,2.287,10977674,130138651.25,5764475134.5,5716800000.0
2016-11-14,'002369,卓翼科技,11.85,11.93,11.68,11.75,11.78,0.07,0.5942,2.47,11855952,140123162.17,5735434957.5,5688000000.0
2016-11-11,'002369,卓翼科技,11.78,11.89,11.72,11.74,11.86,-0.08,-0.6745,2.3917,11480141,135221905.31,5701554751.0,5654400000.0
2016-11-10,'002369,卓翼科技,11.86,11.93,11.52,11.52,11.46,0.4,3.4904,4.4556,21386648,251583121.18,5740274987.0,5692800000.0
2016-11-09,'002369,卓翼科技,11.46,11.67,11.31,11.57,11.63,-0.17,-1.4617,2.4195,11613791,133261659.29,5546673807.0,5500800000.0
2016-11-08,'002369,卓翼科技,11.63,11.65,11.46,11.46,11.43,0.2,1.7498,2.203,10574590,122590654.39,5628954308.5,5582400000.0
2016-11-07,'002369,卓翼科技,11.43,11.64,11.36,11.57,11.56,-0.13,-1.1246,2.276,10924944,125866591.27,5532153718.5,5486400000.0
2016-11-04,'002369,卓翼科技,11.56,11.65,11.5,11.55,11.58,-0.02,-0.1727,2.0705,9938224,114860997.79,5595074102.0,5548800000.0
2016-11-03,'002369,卓翼科技,11.58,11.68,11.46,11.57,11.53,0.05,0.4337,2.2987,11033743,127763750.63,5604754161.0,5558400000.0
2016-11-02,'002369,卓翼科技,11.53,11.7,11.46,11.7,11.73,-0.2,-1.705,2.744,13171377,152126063.91,5580554013.5,5534400000.0
2016-11-01,'002369,卓翼科技,11.73,11.73,11.22,11.25,11.25,0.48,4.2667,4.1415,19879262,229709541.5,5677354603.5,5630400000.0
2016-10-31,'002369,卓翼科技,11.25,11.31,11.02,11.24,11.2,0.05,0.4464,1.2634,6064555,67761709.47,5445033187.5,5400000000.0
2016-10-28,'002369,卓翼科技,11.2,11.72,11.2,11.54,11.52,-0.32,-2.7778,2.6255,12602565,144636716.21,5420833040.0,5376000000.0
2016-10-27,'002369,卓翼科技,11.52,11.54,11.41,11.53,11.57,-0.05,-0.4322,1.572,7545389,86638531.81,5575713984.0,5529600000.0
2016-10-26,'002369,卓翼科技,11.57,11.62,11.28,11.37,11.35,0.22,1.9383,2.842,13641753,156508824.02,5599914131.5,5553600000.0
2016-10-25,'002369,卓翼科技,11.35,11.4,11.25,11.34,11.3,0.05,0.4425,1.2354,5929851,67093912.7,5493433482.5,5448000000.0
2016-10-24,'002369,卓翼科技,11.3,11.39,11.21,11.21,11.28,0.02,0.1773,1.5148,7271242,82325979.47,5469233335.0,5424000000.0
2016-10-21,'002369,卓翼科技,11.28,11.47,11.1,11.39,11.39,-0.11,-0.9658,1.5715,7543170,85098791.11,5459553276.0,5414400000.0
2016-10-20,'002369,卓翼科技,11.39,11.42,11.21,11.3,11.19,0.2,1.7873,2.3047,11062630,125251767.23,5512793600.5,5467200000.0
2016-10-19,'002369,卓翼科技,11.19,11.38,11.13,11.25,11.27,-0.08,-0.7098,1.4527,6973154,78281563.93,5415993010.5,5371200000.0
2016-10-18,'002369,卓翼科技,11.27,11.28,11.08,11.11,11.06,0.21,1.8987,1.1146,5350239,59926786.26,5454713246.5,5409600000.0
2016-10-17,'002369,卓翼科技,11.06,11.3,11.05,11.22,11.21,-0.15,-1.3381,1.3805,6626360,74170272.12,5353072627.0,5308800000.0
2016-10-14,'002369,卓翼科技,11.21,11.32,11.12,11.27,11.34,-0.13,-1.1464,1.4944,7172905,80282598.92,5425673069.5,5380800000.0
2016-10-13,'002369,卓翼科技,11.34,11.45,11.16,11.16,11.2,0.14,1.25,2.1748,10439047,118266348.3,5488593453.0,5443200000.0
2016-10-12,'002369,卓翼科技,11.2,11.28,11.12,11.18,11.2,0.0,0.0,1.1282,5415341,60590279.87,5420833040.0,5376000000.0
2016-10-11,'002369,卓翼科技,11.2,11.35,11.12,11.16,11.17,0.03,0.2686,1.2615,6055285,67861412.27,5420833040.0,5376000000.0
2016-10-10,'002369,卓翼科技,11.17,11.25,10.82,10.82,10.75,0.42,3.907,2.0279,9733944,108084222.43,5406312951.5,5361600000.0
2016-09-30,'002369,卓翼科技,10.75,10.79,10.62,10.73,10.73,0.02,0.1864,1.2009,5764111,61797821.42,5203031712.5,5160000000.0
2016-09-29,'002369,卓翼科技,10.73,10.83,10.66,10.71,10.69,0.04,0.3742,1.0539,5058616,54427197.89,5193351653.5,5150400000.0
2016-09-28,'002369,卓翼科技,10.69,10.82,10.62,10.82,10.73,-0.04,-0.3728,0.9736,4673077,50082646.24,5173991535.5,5131200000.0
2016-09-27,'002369,卓翼科技,10.73,10.84,10.3,10.72,10.7,0.03,0.2804,1.83,8784039,93568235.55,5193351653.5,5150400000.0
2016-09-26,'002369,卓翼科技,10.7,11.28,10.7,11.23,11.23,-0.53,-4.7195,2.2862,10973801,119973498.65,5178831565.0,5136000000.0
2016-09-23,'002369,卓翼科技,11.23,11.39,11.21,11.36,11.32,-0.09,-0.7951,1.0236,4913502,55396218.81,5435353128.5,5390400000.0
2016-09-22,'002369,卓翼科技,11.32,11.47,11.26,11.36,11.33,-0.01,-0.0883,1.3553,6505599,73921724.65,5478913394.0,5433600000.0
2016-09-21,'002369,卓翼科技,11.33,11.38,11.23,11.3,11.21,0.12,1.0705,1.2762,6125534,69258199.11,5483753423.5,5438400000.0
2016-09-20,'002369,卓翼科技,11.21,11.36,11.15,11.27,11.36,-0.15,-1.3204,1.6262,7805604,87888289.32,5425673069.5,5380800000.0
2016-09-19,'002369,卓翼科技,11.36,11.43,11.29,11.3,11.26,0.1,0.8881,1.2104,5810044,65977149.86,5498273512.0,5452800000.0
2016-09-14,'002369,卓翼科技,11.26,11.4,11.21,11.22,11.31,-0.05,-0.4421,1.3443,6452430,73053851.7,5449873217.0,5404800000.0
2016-09-13,'002369,卓翼科技,11.31,11.52,11.18,11.45,11.33,-0.02,-0.1765,2.0358,9772066,110788178.27,5474073364.5,5428800000.0
2016-09-12,'002369,卓翼科技,11.33,11.84,11.26,11.71,12.0,-0.67,-5.5833,3.1133,14943866,173442754.57,5483753423.5,5438400000.0
2016-09-09,'002369,卓翼科技,12.0,12.27,11.98,12.13,12.2,-0.2,-1.6393,2.9103,13969555,169337648.31,5808035400.0,5760000000.0
2016-09-08,'002369,卓翼科技,12.2,12.21,11.92,11.98,11.92,0.28,2.349,3.5661,17117332,207387278.08,5904835990.0,5856000000.0
2016-09-07,'002369,卓翼科技,11.92,12.15,11.9,12.09,12.06,-0.14,-1.1609,2.3068,11072629,133222861.96,5769315164.0,5721600000.0
2016-09-06,'002369,卓翼科技,12.06,12.08,11.5,11.7,11.64,0.42,3.6082,3.5407,16995433,201759569.68,5837075577.0,5788800000.0
2016-09-05,'002369,卓翼科技,11.64,11.84,11.56,11.64,11.61,0.03,0.2584,1.7961,8621501,100912373.21,5633794338.0,5587200000.0
2016-09-02,'002369,卓翼科技,11.61,11.88,11.45,11.77,11.77,-0.16,-1.3594,2.5221,12106118,141031266.62,5619274249.5,5572800000.0
2016-09-01,'002369,卓翼科技,11.77,12.06,11.76,12.05,12.05,-0.28,-2.3237,2.4511,11765102,140038342.56,5696714721.5,5649600000.0
2016-08-31,'002369,卓翼科技,12.05,12.18,11.9,12.02,12.07,-0.02,-0.1657,2.1644,10389046,125479108.63,5832235547.5,5784000000.0
2016-08-30,'002369,卓翼科技,12.07,12.27,12.01,12.22,12.22,-0.15,-1.2275,2.8114,13494921,163604771.76,5841915606.5,5793600000.0
2016-08-29,'002369,卓翼科技,12.22,12.23,11.71,11.83,11.9,0.32,2.6891,3.9002,18721110,225536242.52,5914516049.0,5865600000.0
2016-08-26,'002369,卓翼科技,11.9,12.25,11.84,12.08,12.04,-0.14,-1.1628,3.1336,15041484,181294683.95,5759635105.0,5712000000.0
2016-08-25,'002369,卓翼科技,12.04,12.05,11.53,11.85,11.95,0.09,0.7531,3.0215,14503024,171217802.76,5827395518.0,5779200000.0
2016-08-24,'002369,卓翼科技,11.95,12.05,11.58,11.6,11.59,0.36,3.1061,2.7676,13284331,157437887.71,5783835252.5,5736000000.0
2016-08-23,'002369,卓翼科技,11.59,11.9,11.51,11.78,11.76,-0.17,-1.4456,2.5121,12057927,141242058.2,5609594190.5,5563200000.0
2016-08-22,'002369,卓翼科技,11.76,12.2,11.75,12.15,12.19,-0.43,-3.5275,3.3513,16086083,191779524.48,5691874692.0,5644800000.0
2016-08-19,'002369,卓翼科技,12.19,12.31,11.95,12.02,11.97,0.22,1.8379,4.7399,22751461,276457874.12,5899995960.5,5851200000.0
2016-08-18,'002369,卓翼科技,11.97,12.35,11.85,11.9,11.92,0.05,0.4195,4.8826,23436558,283753368.99,5793515311.5,5745600000.0
2016-08-17,'002369,卓翼科技,11.92,12.08,11.77,11.9,12.03,-0.11,-0.9144,4.2781,20534925,244832390.33,5769315164.0,5721600000.0
2016-08-16,'002369,卓翼科技,12.03,12.04,11.4,11.46,11.36,0.67,5.8979,6.1023,29291006,342540980.7,5822555488.5,5774400000.0
2016-08-15,'002369,卓翼科技,11.36,11.6,11.06,11.24,11.24,0.12,1.0676,4.1826,20076445,228925763.23,5498273512.0,5452800000.0
2016-08-12,'002369,卓翼科技,11.24,11.27,10.96,10.97,11.06,0.18,1.6275,2.0129,9662020,107340722.8,5440193158.0,5395200000.0
2016-08-11,'002369,卓翼科技,11.06,11.36,11.06,11.3,11.39,-0.33,-2.8973,3.0318,14552782,162652293.87,5353072627.0,5308800000.0
2016-08-10,'002369,卓翼科技,11.39,11.63,11.26,11.3,11.32,0.07,0.6184,3.7175,17844064,204335626.94,5512793600.5,5467200000.0
2016-08-09,'002369,卓翼科技,11.32,11.42,11.15,11.15,11.18,0.14,1.2522,3.6607,17571355,198813045.78,5478913394.0,5433600000.0
2016-08-08,'002369,卓翼科技,11.18,11.19,10.73,11.0,11.14,0.04,0.3591,3.0614,14694778,161213091.35,5411152981.0,5366400000.0
2016-08-05,'002369,卓翼科技,11.14,11.54,11.04,11.31,11.19,-0.05,-0.4468,3.6237,17393995,196706608.54,5391792863.0,5347200000.0
2016-08-04,'002369,卓翼科技,11.19,11.27,10.95,11.02,11.03,0.16,1.4506,2.8272,13570506,151475630.43,5415993010.5,5371200000.0
2016-08-03,'002369,卓翼科技,11.03,11.19,10.91,11.18,11.18,-0.15,-1.3417,2.8382,13623599,150515115.51,5338552538.5,5294400000.0
2016-08-02,'002369,卓翼科技,11.18,11.25,11.03,11.1,11.05,0.13,1.1765,2.503,12014602,133753131.15,5411152981.0,5366400000.0
2016-08-01,'002369,卓翼科技,11.05,11.77,10.82,11.77,11.91,-0.86,-7.2208,4.8645,23349676,261032046.34,5348232597.5,5304000000.0
2016-07-29,'002369,卓翼科技,11.91,12.15,11.75,12.1,12.23,-0.32,-2.6165,3.5151,16872601,201801546.46,5764475134.5,5716800000.0
2016-07-28,'002369,卓翼科技,12.23,12.35,11.71,12.08,12.02,0.21,1.7471,5.5253,26521505,321305462.79,5919356078.5,5870400000.0
2016-07-27,'002369,卓翼科技,12.02,13.05,11.68,12.81,12.92,-0.9,-6.9659,9.6844,46485169,572671126.26,5817715459.0,5769600000.0
2016-07-26,'002369,卓翼科技,12.92,13.13,12.73,12.95,13.14,-0.22,-1.6743,7.8596,37725897,486287293.93,6253318114.0,6201600000.0
2016-07-25,'002369,卓翼科技,13.14,13.48,12.23,12.29,12.3,0.84,6.8293,14.0893,67628712,874710719.78,6359798763.0,6307200000.0
2016-07-22,'002369,卓翼科技,12.3,12.64,12.14,12.24,12.24,0.06,0.4902,7.8186,37529089,463443717.81,5953236285.0,5904000000.0
2016-07-21,'002369,卓翼科技,12.24,12.59,11.85,11.89,11.98,0.26,2.1703,9.91,47568171,585246544.56,5924196108.0,5875200000.0
2016-07-20,'002369,卓翼科技,11.98,12.35,11.82,11.88,12.0,-0.02,-0.1667,9.3395,44829685,540798585.85,5798355341.0,5750400000.0
2016-07-19,'002369,卓翼科技,12.0,12.38,11.3,11.3,11.3,0.7,6.1947,9.3312,44789847,528003050.12,5808035400.0,5760000000.0
2016-07-18,'002369,卓翼科技,11.3,11.43,11.22,11.3,11.29,0.01,0.0886,3.0284,14536406,164731512.22,5469233335.0,5424000000.0
2016-07-15,'002369,卓翼科技,11.29,11.52,11.18,11.48,11.62,-0.33,-2.8399,5.1545,24741540,280747852.84,5464393305.5,5419200000.0
2016-07-14,'002369,卓翼科技,11.62,11.89,11.28,11.28,11.35,0.27,2.3789,7.7499,37199481,432661594.4,5624114279.0,5577600000.0
2016-07-13,'002369,卓翼科技,11.35,11.46,11.11,11.2,11.2,0.15,1.3393,5.171,24820705,280705209.8,5493433482.5,5448000000.0
2016-07-12,'002369,卓翼科技,11.2,11.26,10.83,11.08,11.04,0.16,1.4493,3.8809,18628300,206027212.32,5420833040.0,5376000000.0
2016-07-11,'002369,卓翼科技,11.04,11.39,11.0,11.12,11.2,-0.16,-1.4286,4.562,21897623,245191583.34,5343392568.0,5299200000.0
2016-07-08,'002369,卓翼科技,11.2,11.44,11.07,11.18,11.19,0.01,0.0894,3.3392,16028385,180808271.23,5420833040.0,5376000000.0
2016-07-07,'002369,卓翼科技,11.19,11.5,11.05,11.32,11.42,-0.23,-2.014,4.5154,21673701,243100242.98,5415993010.5,5371200000.0
2016-07-06,'002369,卓翼科技,11.42,11.65,11.32,11.5,11.6,-0.18,-1.5517,5.4216,26023597,298199889.38,5527313689.0,5481600000.0
2016-07-05,'002369,卓翼科技,11.6,11.75,11.04,11.16,11.13,0.47,4.2228,9.2418,44360486,505154923.73,5614434220.0,5568000000.0
2016-07-04,'002369,卓翼科技,11.13,11.25,10.75,10.85,10.96,0.17,1.5511,4.9121,23578203,260614094.8,5386952833.5,5342400000.0
2016-07-01,'002369,卓翼科技,10.96,11.3,10.96,11.2,11.25,-0.29,-2.5778,4.5753,21961354,243368281.15,5304672332.0,5260800000.0
2016-06-30,'002369,卓翼科技,11.25,11.45,10.91,11.06,11.0,0.25,2.2727,7.2988,35034335,391382093.47,5445033187.5,5400000000.0
2016-06-29,'002369,卓翼科技,11.0,11.49,10.98,11.25,11.23,-0.23,-2.0481,7.9536,38177397,426919641.32,5324032450.0,5280000000.0
2016-06-28,'002369,卓翼科技,11.23,11.44,11.03,11.44,11.45,-0.22,-1.9214,6.528,31334410,352639373.61,5435353128.5,5390400000.0
2016-06-27,'002369,卓翼科技,11.45,11.58,11.01,11.04,11.32,0.13,1.1484,9.177,44049655,497351572.9,5541833777.5,5496000000.0
2016-06-24,'002369,卓翼科技,11.32,11.65,10.62,11.01,11.18,0.14,1.2522,12.54,60192097,669056458.3,5478913394.0,5433600000.0
2016-06-23,'002369,卓翼科技,11.18,11.18,10.07,10.19,10.16,1.02,10.0394,11.161,53572780,569519490.18,5411152981.0,5366400000.0
2016-06-22,'002369,卓翼科技,10.16,10.2,9.65,9.65,9.74,0.42,4.3121,3.2158,15435878,154082702.87,4917469972.0,4876800000.0
2016-06-21,'002369,卓翼科技,9.74,10.22,9.65,10.2,10.03,-0.29,-2.8913,3.0765,14767155,147179264.07,4714188733.0,4675200000.0
2016-06-20,'002369,卓翼科技,10.03,10.07,9.61,9.9,9.99,0.04,0.4004,2.9386,14105404,139140064.67,4854549588.5,4814400000.0
2016-06-17,'002369,卓翼科技,9.99,10.23,9.84,9.91,9.86,0.13,1.3185,3.5938,17250072,173340235.35,4835189470.5,4795200000.0
2016-06-16,'002369,卓翼科技,9.86,10.08,9.78,10.02,10.01,-0.15,-1.4985,3.6785,17656929,175032970.29,4772269087.0,4732800000.0
2016-06-15,'002369,卓翼科技,10.01,10.02,9.25,9.3,9.55,0.46,4.8168,3.8924,18683443,183679280.27,4891263877.5,4804800000.0
2016-06-14,'002369,卓翼科技,9.55,9.7,9.27,9.44,9.32,0.23,2.4678,2.5866,12415540,117554923.31,4666490512.5,4584000000.0
2016-06-13,'002369,卓翼科技,9.32,9.95,9.2,9.89,10.09,-0.77,-7.6313,4.0246,19318055,187187081.14,4554103830.0,4473600000.0
2016-06-08,'002369,卓翼科技,10.09,10.23,9.9,10.11,10.15,-0.06,-0.5911,2.9843,14324538,144091573.27,4930354897.5,4843200000.0
2016-06-07,'002369,卓翼科技,10.15,10.36,10.03,10.11,10.1,0.05,0.495,3.2136,15425094,157173949.95,4959673162.5,4872000000.0
2016-06-06,'002369,卓翼科技,10.1,10.28,9.98,10.1,10.08,0.02,0.1984,3.4746,16678020,168622734.07,4935241275.0,4848000000.0
2016-06-03,'002369,卓翼科技,10.08,10.65,10.0,10.2,10.2,-0.12,-1.1765,6.4886,31145236,323072169.79,4925468520.0,4838400000.0
2016-06-02,'002369,卓翼科技,10.2,10.2,9.71,9.74,9.8,0.4,4.0816,5.0309,24148267,242057408.59,4984105050.0,4896000000.0
2016-06-01,'002369,卓翼科技,9.8,10.12,9.67,9.67,9.42,0.38,4.034,5.1588,24762191,245139332.94,4788649950.0,4704000000.0
2016-05-31,'002369,卓翼科技,9.42,9.45,8.91,8.91,8.9,0.52,5.8427,2.9378,14101295,130475536.07,4602967605.0,4521600000.0
2016-05-30,'002369,卓翼科技,8.9,9.03,8.73,8.98,9.01,-0.11,-1.2209,1.1922,5722793,51012329.18,4348875975.0,4272000000.0
2016-05-27,'002369,卓翼科技,9.01,9.14,8.89,8.97,9.03,-0.02,-0.2215,1.9561,9389143,84964063.47,4402626127.5,4324800000.0
2016-05-26,'002369,卓翼科技,9.03,9.03,8.5,8.85,8.85,0.18,2.0339,1.9142,9188376,80710612.32,4412398882.5,4334400000.0
2016-05-25,'002369,卓翼科技,8.85,9.09,8.81,8.95,8.85,0.0,0.0,1.4439,6930614,62028768.86,4324444087.5,4248000000.0
2016-05-24,'002369,卓翼科技,8.85,9.03,8.74,9.03,9.05,-0.2,-2.2099,1.6551,7944457,70251463.11,4324444087.5,4248000000.0
2016-05-23,'002369,卓翼科技,9.05,9.12,8.87,8.95,8.86,0.19,2.1445,1.6858,8092073,72876564.38,4422171637.5,4344000000.0
2016-05-20,'002369,卓翼科技,8.86,8.86,8.51,8.6,8.64,0.22,2.5463,1.398,6710541,58638785.57,4329330465.0,4252800000.0
2016-05-19,'002369,卓翼科技,8.64,8.96,8.62,8.62,8.58,0.06,0.6993,1.7145,8229666,72269230.02,4221830160.0,4147200000.0
2016-05-18,'002369,卓翼科技,8.58,8.94,8.48,8.94,9.0,-0.42,-4.6667,2.0457,9819502,84908305.09,4192511895.0,4118400000.0
2016-05-17,'002369,卓翼科技,9.0,9.16,8.9,9.03,9.01,-0.01,-0.111,2.0049,9623658,86813409.84,4397739750.0,4320000000.0
2016-05-16,'002369,卓翼科技,9.01,9.06,8.6,8.62,8.63,0.38,4.4032,2.1334,10240135,90920265.75,4402626127.5,4324800000.0
2016-05-13,'002369,卓翼科技,8.63,8.99,8.59,8.82,8.82,-0.19,-2.1542,1.8962,9101638,80114805.81,4216943782.5,4142400000.0
2016-05-12,'002369,卓翼科技,8.82,8.85,8.48,8.84,8.96,-0.14,-1.5625,1.9368,9296832,80754522.35,4309784955.0,4233600000.0
2016-05-11,'002369,卓翼科技,8.96,9.25,8.92,9.16,9.06,-0.1,-1.1038,1.5914,7638504,69329276.45,4378194240.0,4300800000.0
2016-05-10,'002369,卓翼科技,9.06,9.2,8.92,9.06,9.07,-0.01,-0.1103,2.1289,10218880,92873414.16,4427058015.0,4348800000.0
2016-05-09,'002369,卓翼科技,9.07,9.64,8.9,9.62,9.75,-0.68,-6.9744,3.7386,17945381,165534319.72,4431944392.5,4353600000.0
2016-05-06,'002369,卓翼科技,9.75,10.72,9.69,10.68,10.68,-0.93,-8.7079,5.8965,28303433,288435489.04,4764218062.5,4680000000.0
2016-05-05,'002369,卓翼科技,10.68,10.75,10.42,10.67,10.7,-0.02,-0.1869,3.1437,15089638,159998774.08,5218651170.0,5126400000.0
2016-05-04,'002369,卓翼科技,10.7,10.85,10.57,10.62,10.77,-0.07,-0.65,4.0885,19624856,209910624.86,5228423925.0,5136000000.0
2016-05-03,'002369,卓翼科技,10.77,10.79,10.21,10.31,10.35,0.42,4.058,4.46,21407958,226788605.57,5262628567.5,5169600000.0
2016-04-29,'002369,卓翼科技,10.35,10.57,10.28,10.46,10.59,-0.24,-2.2663,3.2394,15549182,162158782.33,5057400712.5,4968000000.0
2016-04-28,'002369,卓翼科技,10.59,10.65,10.01,10.2,10.15,0.44,4.335,5.2129,25022151,259885653.52,5174673772.5,5083200000.0
2016-04-27,'002369,卓翼科技,10.15,10.43,10.1,10.25,10.29,-0.14,-1.3605,3.2642,15668399,160739892.86,4959673162.5,4872000000.0
2016-04-26,'002369,卓翼科技,10.29,10.29,9.8,9.86,9.87,0.42,4.2553,3.4116,16375912,164208242.5,5028082447.5,4939200000.0
2016-04-25,'002369,卓翼科技,9.87,10.09,9.65,10.09,10.16,-0.29,-2.8543,3.5525,17052045,167987134.84,4822854592.5,4737600000.0
2016-04-22,'002369,卓翼科技,10.16,10.28,9.9,10.04,10.11,0.05,0.4946,3.6128,17341553,175100706.56,4964559540.0,4876800000.0
2016-04-21,'002369,卓翼科技,10.11,10.65,10.08,10.39,10.48,-0.37,-3.5305,4.9317,23671965,245183763.15,4940127652.5,4852800000.0
2016-04-20,'002369,卓翼科技,10.48,11.11,10.05,10.9,10.95,-0.47,-4.2922,7.9885,38344715,402994826.63,5120923620.0,5030400000.0
2016-04-19,'002369,卓翼科技,10.95,11.3,10.65,10.88,10.88,0.07,0.6434,7.5293,36140506,398245362.49,5350583362.5,5256000000.0
2016-04-18,'002369,卓翼科技,10.88,11.0,10.18,10.31,10.44,0.44,4.2146,7.195,34536201,366894498.68,5316378720.0,5222400000.0
2016-04-15,'002369,卓翼科技,10.44,10.79,10.38,10.79,10.7,-0.26,-2.4299,6.0032,28815518,302691623.98,5101378110.0,5011200000.0
2016-04-14,'002369,卓翼科技,10.7,10.88,10.0,10.0,9.92,0.78,7.8629,10.1551,48744265,509649573.09,5228423925.0,5136000000.0
2016-04-13,'002369,卓翼科技,9.92,10.17,9.85,9.85,9.87,0.05,0.5066,5.6068,26912404,270397425.87,4847286480.0,4761600000.0
2016-04-12,'002369,卓翼科技,9.87,9.88,9.45,9.8,9.83,0.04,0.4069,4.0105,19250254,185932463.41,4822854592.5,4737600000.0
2016-04-11,'002369,卓翼科技,9.83,9.95,9.7,9.7,9.62,0.21,2.183,3.9672,19042601,187589337.76,4803309082.5,4718400000.0
2016-04-08,'002369,卓翼科技,9.62,9.84,9.37,9.8,9.93,-0.31,-3.1219,5.4512,26165791,251708884.05,4700695155.0,4617600000.0
2016-04-07,'002369,卓翼科技,9.93,10.28,9.92,10.24,10.28,-0.35,-3.4047,5.9882,28743432,288774726.49,4852172857.5,4766400000.0
2016-04-06,'002369,卓翼科技,10.28,10.48,10.06,10.3,10.44,-0.16,-1.5326,6.5153,31273335,320135291.82,5023196070.0,4934400000.0
2016-04-05,'002369,卓翼科技,10.44,10.5,9.79,9.87,9.9,0.54,5.4545,7.5632,36303194,371728891.01,5101378110.0,5011200000.0
2016-04-01,'002369,卓翼科技,9.9,9.91,9.37,9.7,9.73,0.17,1.7472,6.3,30239894,292726504.12,4837513725.0,4752000000.0
2016-03-31,'002369,卓翼科技,9.73,10.08,9.53,9.65,9.6,0.13,1.3542,7.7424,37163627,366471101.73,4754445307.5,4670400000.0
2016-03-30,'002369,卓翼科技,9.6,9.64,9.06,9.06,9.0,0.6,6.6667,5.6818,27272799,254662364.91,4690922400.0,4608000000.0
2016-03-29,'002369,卓翼科技,9.0,9.58,8.78,9.5,9.51,-0.51,-5.3628,5.7096,27406099,249045122.25,4397739750.0,4320000000.0
2016-03-28,'002369,卓翼科技,9.51,9.94,9.45,9.56,9.49,0.02,0.2107,7.2628,34861506,337745925.02,4646945002.5,4564800000.0
2016-03-25,'002369,卓翼科技,9.49,9.49,9.09,9.12,9.16,0.33,3.6026,5.5277,26532974,246873892.82,4637172247.5,4555200000.0
2016-03-24,'002369,卓翼科技,9.16,9.65,9.0,9.11,9.26,-0.1,-1.0799,6.571,31540685,293761470.25,4475921790.0,4396800000.0
2016-03-23,'002369,卓翼科技,9.26,9.26,9.04,9.06,9.09,0.17,1.8702,3.88,18624163,170612100.45,4524785565.0,4444800000.0
2016-03-22,'002369,卓翼科技,9.09,9.28,9.01,9.07,9.25,-0.16,-1.7297,4.7771,22930073,209045320.79,4441717147.5,4363200000.0
2016-03-21,'002369,卓翼科技,9.25,9.43,9.0,9.08,9.15,0.1,1.0929,7.948,38150604,350124208.21,4519899187.5,4440000000.0
2016-03-18,'002369,卓翼科技,9.15,9.15,8.28,8.32,8.32,0.83,9.976,8.2244,39477204,344447735.35,4471035412.5,4392000000.0
2016-03-17,'002369,卓翼科技,8.32,8.4,7.97,7.98,7.95,0.37,4.6541,4.7216,22663919,186150359.26,4065466080.0,3993600000.0
2016-03-16,'002369,卓翼科技,7.95,8.22,7.87,8.09,8.01,-0.06,-0.7491,2.57,12336115,99166179.74,3884670112.5,3816000000.0
2016-03-15,'002369,卓翼科技,8.01,8.14,7.95,8.03,8.1,-0.09,-1.1111,2.7584,13240279,106375033.57,3913988377.5,3844800000.0
2016-03-14,'002369,卓翼科技,8.1,8.24,7.81,7.85,7.71,0.39,5.0584,3.9199,18815618,152446640.04,3957965775.0,3888000000.0
2016-03-11,'002369,卓翼科技,7.71,7.87,7.52,7.67,7.8,-0.09,-1.1538,2.0188,9690330,74714128.47,3767397052.5,3700800000.0
2016-03-10,'002369,卓翼科技,7.8,8.18,7.72,8.09,8.21,-0.41,-4.9939,3.1327,15036765,119855958.88,3811374450.0,3744000000.0
2016-03-09,'002369,卓翼科技,8.21,8.37,7.67,7.76,7.96,0.25,3.1407,5.1209,24580205,198388796.32,4011715927.5,3940800000.0
2016-03-08,'002369,卓翼科技,7.96,7.97,7.37,7.89,7.89,0.07,0.8872,2.5857,12411263,95990603.41,3889556490.0,3820800000.0
2016-03-07,'002369,卓翼科技,7.89,7.95,7.72,7.76,7.64,0.25,3.2723,2.3619,11337304,89111285.15,3855351847.5,3787200000.0
2016-03-04,'002369,卓翼科技,7.64,8.16,7.51,8.07,8.0,-0.36,-4.5,3.7009,17764310,139722856.92,3733192410.0,3667200000.0
2016-03-03,'002369,卓翼科技,8.0,8.33,8.0,8.13,8.18,-0.18,-2.2005,4.0904,19633923,160796620.91,3909102000.0,3840000000.0
2016-03-02,'002369,卓翼科技,8.18,8.22,7.62,7.68,7.8,0.38,4.8718,4.4213,21222462,169232858.67,3997056795.0,3926400000.0
2016-03-01,'002369,卓翼科技,7.8,7.82,7.15,7.35,7.35,0.45,6.1224,3.9057,18747413,139742760.14,3811374450.0,3744000000.0
2016-02-29,'002369,卓翼科技,7.35,8.2,7.34,8.2,8.15,-0.8,-9.816,3.9525,18971770,142172262.03,3591487462.5,3528000000.0
2016-02-26,'002369,卓翼科技,8.15,8.66,7.92,8.6,8.45,-0.3,-3.5503,4.0072,19234559,158624630.06,3982397662.5,3912000000.0
2016-02-25,'002369,卓翼科技,8.45,9.49,8.45,9.39,9.39,-0.94,-10.0106,4.8843,23444409,207077752.1,4128988987.5,4056000000.0
2016-02-24,'002369,卓翼科技,9.39,9.62,9.18,9.39,9.37,0.02,0.2134,4.0727,19549096,183827090.11,4588308472.5,4507200000.0
2016-02-23,'002369,卓翼科技,9.37,9.66,9.24,9.61,9.77,-0.4,-4.0942,5.8674,28163685,265461022.52,4578535717.5,4497600000.0
2016-02-22,'002369,卓翼科技,9.77,10.02,9.05,9.1,9.27,0.5,5.3937,9.0676,43524342,417424209.95,4773990817.5,4689600000.0
2016-02-19,'002369,卓翼科技,9.27,9.55,8.8,8.99,8.72,0.55,6.3073,10.0981,48471071,443378453.84,4529671942.5,4449600000.0
2016-02-18,'002369,卓翼科技,8.72,8.72,8.72,8.72,7.93,0.79,9.9622,0.2768,1328639,11585732.08,4260921180.0,4185600000.0
2016-02-17,'002369,卓翼科技,0.0,0.0,0.0,0.0,7.93,None,None,0.0,0,0.0,3874897357.5,3806400000.0
2016-02-16,'002369,卓翼科技,0.0,0.0,0.0,0.0,7.93,None,None,0.0,0,0.0,3874897357.5,3806400000.0
2016-02-15,'002369,卓翼科技,0.0,0.0,0.0,0.0,7.93,None,None,0.0,0,0.0,3874897357.5,3806400000.0
2016-02-05,'002369,卓翼科技,0.0,0.0,0.0,0.0,7.93,None,None,0.0,0,0.0,3874897357.5,3806400000.0
2016-02-04,'002369,卓翼科技,0.0,0.0,0.0,0.0,7.93,None,None,0.0,0,0.0,3874897357.5,3806400000.0
2016-02-03,'002369,卓翼科技,7.93,8.06,7.56,7.71,7.85,0.08,1.0191,2.7434,13168453,102223177.29,3874897357.5,3806400000.0
2016-02-02,'002369,卓翼科技,7.85,7.96,7.34,7.34,7.4,0.45,6.0811,2.9207,14019235,108771202.39,3835806337.5,3768000000.0
2016-02-01,'002369,卓翼科技,7.4,7.62,7.14,7.62,7.65,-0.25,-3.268,2.3007,11043409,82155974.7,3615919350.0,3552000000.0
2016-01-29,'002369,卓翼科技,7.65,7.77,7.1,7.27,7.25,0.4,5.5172,3.1226,14988486,111607294.64,3738078787.5,3672000000.0
2016-01-28,'002369,卓翼科技,7.25,7.96,7.21,7.76,7.88,-0.63,-7.9949,3.1127,14941062,114546974.12,3542623687.5,3480000000.0
2016-01-27,'002369,卓翼科技,7.88,8.2,7.41,8.12,8.14,-0.26,-3.1941,4.3259,20764457,161507716.42,3850465470.0,3782400000.0
2016-01-26,'002369,卓翼科技,8.14,8.98,8.14,8.91,9.04,-0.9,-9.9558,3.7879,18181984,155623822.5,3977511285.0,3907200000.0
2016-01-25,'002369,卓翼科技,9.04,9.22,8.95,9.06,8.97,0.07,0.7804,2.4598,11807060,107262796.8,4417285260.0,4339200000.0
2016-01-22,'002369,卓翼科技,8.97,9.03,8.59,8.9,8.77,0.2,2.2805,2.1976,10548584,93491276.36,4383080617.5,4305600000.0
2016-01-21,'002369,卓翼科技,8.77,9.25,8.72,8.82,8.97,-0.2,-2.2297,4.149,19915258,178438778.64,4285353067.5,4209600000.0
2016-01-20,'002369,卓翼科技,8.97,9.2,8.78,9.05,9.12,-0.15,-1.6447,3.6185,17368893,156558922.35,4383080617.5,4305600000.0
2016-01-19,'002369,卓翼科技,9.12,9.18,8.64,8.71,8.82,0.3,3.4014,3.8807,18627495,166620932.68,4456376280.0,4377600000.0
2016-01-18,'002369,卓翼科技,8.82,8.88,8.21,8.3,8.48,0.34,4.0094,3.7941,18211501,157530770.42,4309784955.0,4233600000.0
2016-01-15,'002369,卓翼科技,8.48,9.06,8.31,9.02,9.11,-0.63,-6.9155,3.3239,15954698,140005642.11,4143648120.0,4070400000.0
2016-01-14,'002369,卓翼科技,9.11,9.19,8.22,8.36,8.76,0.35,3.9954,4.6641,22387728,197012852.97,4451489902.5,4372800000.0
2016-01-13,'002369,卓翼科技,8.76,9.29,8.68,9.14,9.08,-0.32,-3.5242,3.5956,17259003,155294990.0,4280466690.0,4204800000.0
2016-01-12,'002369,卓翼科技,9.08,9.26,8.5,8.92,8.91,0.17,1.908,4.5939,22050483,196759057.21,4436830770.0,4358400000.0
2016-01-11,'002369,卓翼科技,8.91,9.77,8.91,9.6,9.9,-0.99,-10.0,5.2737,25313760,234798640.57,4353762352.5,4276800000.0
2016-01-08,'002369,卓翼科技,9.9,10.48,9.53,10.4,10.2,-0.3,-2.9412,4.5998,22079249,221774758.46,4837513725.0,4752000000.0
2016-01-07,'002369,卓翼科技,10.2,11.04,10.2,11.0,11.33,-1.13,-9.9735,0.9755,4682300,49308485.77,4984105050.0,4896000000.0
2016-01-06,'002369,卓翼科技,11.33,11.36,10.78,11.14,11.06,0.27,2.4412,3.8869,18657251,207350179.61,5536265707.5,5438400000.0
2016-01-05,'002369,卓翼科技,11.06,11.75,10.77,10.78,11.97,-0.91,-7.6023,5.6318,27032564,299972374.86,5404333515.0,5308800000.0
2016-01-04,'002369,卓翼科技,11.97,13.29,11.97,13.15,13.3,-1.33,-10.0,4.0662,19517720,241050585.73,5848993867.5,5745600000.0
2015-12-31,'002369,卓翼科技,13.3,14.13,13.01,13.95,14.01,-0.71,-5.0678,4.3552,20904794,285208471.38,6498882075.0,6384000000.0
2015-12-30,'002369,卓翼科技,14.01,14.1,13.78,13.85,13.85,0.16,1.1552,3.4976,16788403,234461977.96,6845814877.5,6724800000.0
2015-12-29,'002369,卓翼科技,13.85,13.89,13.4,13.65,13.66,0.19,1.3909,2.3892,11467985,156444965.92,6767632837.5,6648000000.0
2015-12-28,'002369,卓翼科技,13.66,14.11,13.61,13.79,13.78,-0.12,-0.8708,3.749,17995383,249658070.33,6674791665.0,6556800000.0
2015-12-25,'002369,卓翼科技,13.78,13.78,13.52,13.55,13.55,0.23,1.6974,2.5704,12337981,168498629.14,6733428195.0,6614400000.0
2015-12-24,'002369,卓翼科技,13.55,13.88,13.35,13.82,13.88,-0.33,-2.3775,3.4323,16475015,223207670.93,6621041512.5,6504000000.0
2015-12-23,'002369,卓翼科技,13.88,14.6,13.87,14.41,14.47,-0.59,-4.0774,5.3537,25697933,363050229.01,6782291970.0,6662400000.0
2015-12-22,'002369,卓翼科技,14.47,14.77,14.1,14.17,14.19,0.28,1.9732,5.3471,25666110,371937867.25,7070588242.5,6945600000.0
2015-12-21,'002369,卓翼科技,14.19,14.52,13.95,14.28,14.31,-0.12,-0.8386,4.9,23520177,334710838.19,6933769672.5,6811200000.0
2015-12-18,'002369,卓翼科技,14.31,14.38,13.7,13.85,13.89,0.42,3.0238,5.8641,28147845,394383468.71,6992406202.5,6868800000.0
2015-12-17,'002369,卓翼科技,13.89,14.26,13.78,13.8,13.71,0.18,1.3129,5.707,27393657,383188138.76,6787178347.5,6667200000.0
2015-12-16,'002369,卓翼科技,13.71,13.98,13.53,13.58,13.56,0.15,1.1062,3.8665,18559128,255783630.33,6699223552.5,6580800000.0
2015-12-15,'002369,卓翼科技,13.56,13.82,13.34,13.42,13.41,0.15,1.1186,3.3564,16110855,219354035.31,6625927890.0,6508800000.0
2015-12-14,'002369,卓翼科技,13.41,13.47,12.81,13.1,13.23,0.18,1.3605,3.1498,15119239,198058740.46,6552632227.5,6436800000.0
2015-12-11,'002369,卓翼科技,13.23,13.63,13.2,13.43,13.66,-0.43,-3.1479,3.4613,16614231,221905277.85,6464677432.5,6350400000.0
2015-12-10,'002369,卓翼科技,13.66,13.99,13.15,13.52,13.49,0.17,1.2602,5.5023,26410979,357472802.03,6674791665.0,6556800000.0
2015-12-09,'002369,卓翼科技,13.49,13.99,13.3,13.77,13.77,-0.28,-2.0334,4.8475,23268057,317583001.48,6591723247.5,6475200000.0
2015-12-08,'002369,卓翼科技,13.77,14.17,13.7,14.15,14.35,-0.58,-4.0418,5.3825,25835904,359932652.34,6728541817.5,6609600000.0
2015-12-07,'002369,卓翼科技,14.35,14.4,13.95,14.25,14.4,-0.05,-0.3472,6.2212,29861769,423279347.23,7011951712.5,6888000000.0
2015-12-04,'002369,卓翼科技,14.4,14.9,14.05,14.9,15.0,-0.6,-4.0,9.5527,45852918,657461910.01,7036383600.0,6912000000.0
2015-12-03,'002369,卓翼科技,0.0,0.0,0.0,0.0,15.0,None,None,0.0,0,0.0,7329566250.0,7200000000.0
2015-12-02,'002369,卓翼科技,0.0,0.0,0.0,0.0,15.0,None,None,0.0,0,0.0,7329566250.0,7200000000.0
2015-12-01,'002369,卓翼科技,0.0,0.0,0.0,0.0,15.0,None,None,0.0,0,0.0,7329566250.0,7200000000.0
2015-11-30,'002369,卓翼科技,0.0,0.0,0.0,0.0,15.0,None,None,0.0,0,0.0,7329566250.0,7200000000.0
2015-11-27,'002369,卓翼科技,0.0,0.0,0.0,0.0,15.0,None,None,0.0,0,0.0,7329566250.0,7200000000.0
2015-11-26,'002369,卓翼科技,15.0,15.84,14.86,15.48,15.29,-0.29,-1.8967,8.7118,41816816,640003613.15,7329566250.0,7200000000.0
2015-11-25,'002369,卓翼科技,15.29,15.95,14.85,14.94,15.16,0.13,0.8575,12.0318,57752748,891137756.71,7471271197.5,7339200000.0
2015-11-24,'002369,卓翼科技,15.16,15.25,13.67,13.8,13.86,1.3,9.3795,14.2112,68213582,1001184617.7,7412455470.0,7276800000.0
2015-11-23,'002369,卓翼科技,13.86,14.72,13.81,14.09,14.19,-0.33,-2.3256,10.8339,52002786,738047626.53,6776822745.0,6652800000.0
2015-11-20,'002369,卓翼科技,14.19,14.2,13.17,13.28,13.21,0.98,7.4186,13.8763,66606410,917874940.58,6938175667.5,6811200000.0
2015-11-19,'002369,卓翼科技,13.21,13.3,12.91,12.91,12.93,0.28,2.1655,6.4807,31107122,408406559.65,6459006382.5,6340800000.0
2015-11-18,'002369,卓翼科技,12.93,13.45,12.88,13.4,13.36,-0.43,-3.2186,5.5091,26443854,348087220.18,6322100872.5,6206400000.0
2015-11-17,'002369,卓翼科技,13.36,13.49,13.01,13.14,13.09,0.27,2.0626,11.0135,52865021,700067388.45,6532348620.0,6412800000.0
2015-11-16,'002369,卓翼科技,13.09,13.15,12.46,12.51,12.76,0.33,2.5862,4.4383,21303766,274471196.57,6400332592.5,6283200000.0
2015-11-13,'002369,卓翼科技,12.76,13.04,12.66,13.01,13.1,-0.34,-2.5954,5.7313,27510095,354348434.41,6238979670.0,6124800000.0
2015-11-12,'002369,卓翼科技,13.1,13.47,13.0,13.32,13.4,-0.3,-2.2388,7.4183,35608035,468948344.03,6405222075.0,6288000000.0
2015-11-11,'002369,卓翼科技,13.4,13.44,13.0,13.15,13.1,0.3,2.2901,8.8463,42462466,558681926.52,6551906550.0,6432000000.0
2015-11-10,'002369,卓翼科技,13.1,13.18,12.79,12.88,12.99,0.11,0.8468,8.0035,38416849,500139029.71,6405222075.0,6288000000.0
2015-11-09,'002369,卓翼科技,12.99,13.12,12.6,12.98,13.14,-0.15,-1.1416,7.9577,38196984,492406725.79,6351437767.5,6235200000.0
2015-11-06,'002369,卓翼科技,13.14,13.37,12.56,12.58,12.59,0.55,4.3685,11.1732,53631506,694766421.33,6424780005.0,6307200000.0
2015-11-05,'002369,卓翼科技,12.59,12.75,12.41,12.66,12.8,-0.21,-1.6406,8.8812,42629721,535588480.45,6155858467.5,6043200000.0
2015-11-04,'002369,卓翼科技,12.8,12.85,12.25,12.45,12.37,0.43,3.4762,10.2992,49436223,620701908.39,6258537600.0,6144000000.0
2015-11-03,'002369,卓翼科技,12.37,12.84,12.17,12.65,13.15,-0.78,-5.9316,12.359,59323394,739125092.9,6048289852.5,5937600000.0
2015-11-02,'002369,卓翼科技,13.15,13.49,13.15,13.15,14.61,-1.46,-9.9932,19.2347,92326796,1216320775.64,6429669487.5,6312000000.0
2015-10-30,'002369,卓翼科技,14.61,14.61,14.61,14.61,16.23,-1.62,-9.9815,0.1163,558200,8155302.0,7143533932.5,7012800000.0
2015-10-29,'002369,卓翼科技,16.23,16.23,16.23,16.23,18.03,-1.8,-9.9834,0.0728,349600,5674008.0,7935630097.5,7790400000.0
2015-10-28,'002369,卓翼科技,18.03,18.03,18.03,18.03,20.03,-2.0,-9.985,0.0543,260700,4700421.0,8815736947.5,8654400000.0
2015-10-27,'002369,卓翼科技,0.0,0.0,0.0,0.0,20.03,None,None,0.0,0,0.0,9793633447.5,9614400000.0
2015-10-26,'002369,卓翼科技,0.0,0.0,0.0,0.0,20.03,None,None,0.0,0,0.0,9793633447.5,9614400000.0
2015-10-23,'002369,卓翼科技,0.0,0.0,0.0,0.0,20.03,None,None,0.0,0,0.0,9793633447.5,9614400000.0
2015-10-22,'002369,卓翼科技,0.0,0.0,0.0,0.0,20.03,None,None,0.0,0,0.0,9793633447.5,9614400000.0
2015-10-21,'002369,卓翼科技,0.0,0.0,0.0,0.0,20.03,None,None,0.0,0,0.0,9793633447.5,9614400000.0
2015-10-20,'002369,卓翼科技,0.0,0.0,0.0,0.0,20.03,None,None,0.0,0,0.0,9793633447.5,9614400000.0
2015-10-19,'002369,卓翼科技,0.0,0.0,0.0,0.0,20.03,None,None,0.0,0,0.0,9793633447.5,9614400000.0
2015-10-16,'002369,卓翼科技,0.0,0.0,0.0,0.0,20.03,None,None,0.0,0,0.0,9793633447.5,9614400000.0
2015-10-15,'002369,卓翼科技,0.0,0.0,0.0,0.0,20.03,None,None,0.0,0,0.0,9793633447.5,9614400000.0
2015-10-14,'002369,卓翼科技,0.0,0.0,0.0,0.0,20.03,None,None,0.0,0,0.0,9793633447.5,9614400000.0
2015-10-13,'002369,卓翼科技,0.0,0.0,0.0,0.0,20.03,None,None,0.0,0,0.0,9793633447.5,9614400000.0
2015-10-12,'002369,卓翼科技,0.0,0.0,0.0,0.0,20.03,None,None,0.0,0,0.0,9793633447.5,9614400000.0
2015-10-09,'002369,卓翼科技,0.0,0.0,0.0,0.0,20.03,None,None,0.0,0,0.0,9793633447.5,9614400000.0
2015-10-08,'002369,卓翼科技,0.0,0.0,0.0,0.0,20.03,None,None,0.0,0,0.0,9793633447.5,9614400000.0
2015-09-30,'002369,卓翼科技,0.0,0.0,0.0,0.0,20.03,None,None,0.0,0,0.0,9793633447.5,9614400000.0
2015-09-29,'002369,卓翼科技,0.0,0.0,0.0,0.0,20.03,None,None,0.0,0,0.0,9793633447.5,9614400000.0
2015-09-28,'002369,卓翼科技,0.0,0.0,0.0,0.0,20.03,None,None,0.0,0,0.0,9793633447.5,9614400000.0
2015-09-25,'002369,卓翼科技,0.0,0.0,0.0,0.0,20.03,None,None,0.0,0,0.0,9793633447.5,9614400000.0
2015-09-24,'002369,卓翼科技,0.0,0.0,0.0,0.0,20.03,None,None,0.0,0,0.0,9793633447.5,9614400000.0
2015-09-23,'002369,卓翼科技,0.0,0.0,0.0,0.0,20.03,None,None,0.0,0,0.0,9793633447.5,9614400000.0
2015-09-22,'002369,卓翼科技,0.0,0.0,0.0,0.0,20.03,None,None,0.0,0,0.0,9793633447.5,9614400000.0
2015-09-21,'002369,卓翼科技,0.0,0.0,0.0,0.0,20.03,None,None,0.0,0,0.0,9793633447.5,9614400000.0
2015-09-18,'002369,卓翼科技,0.0,0.0,0.0,0.0,20.03,None,None,0.0,0,0.0,9793633447.5,9614400000.0
2015-09-17,'002369,卓翼科技,0.0,0.0,0.0,0.0,20.03,None,None,0.0,0,0.0,9793633447.5,9614400000.0
2015-09-16,'002369,卓翼科技,0.0,0.0,0.0,0.0,20.03,None,None,0.0,0,0.0,9793633447.5,9614400000.0
2015-09-15,'002369,卓翼科技,0.0,0.0,0.0,0.0,20.03,None,None,0.0,0,0.0,9793633447.5,9614400000.0
2015-09-14,'002369,卓翼科技,0.0,0.0,0.0,0.0,20.03,None,None,0.0,0,0.0,9793633447.5,9614400000.0
2015-09-11,'002369,卓翼科技,0.0,0.0,0.0,0.0,20.03,None,None,0.0,0,0.0,9793633447.5,9614400000.0
2015-09-10,'002369,卓翼科技,0.0,0.0,0.0,0.0,20.03,None,None,0.0,0,0.0,9793633447.5,9614400000.0
2015-09-09,'002369,卓翼科技,0.0,0.0,0.0,0.0,20.03,None,None,0.0,0,0.0,9793633447.5,9614400000.0
2015-09-08,'002369,卓翼科技,0.0,0.0,0.0,0.0,20.03,None,None,0.0,0,0.0,9793633447.5,9614400000.0
2015-09-07,'002369,卓翼科技,0.0,0.0,0.0,0.0,20.03,None,None,0.0,0,0.0,9793633447.5,9614400000.0
2015-09-02,'002369,卓翼科技,0.0,0.0,0.0,0.0,20.03,None,None,0.0,0,0.0,9793633447.5,9614400000.0
2015-09-01,'002369,卓翼科技,0.0,0.0,0.0,0.0,20.03,None,None,0.0,0,0.0,9793633447.5,9614400000.0
2015-08-31,'002369,卓翼科技,0.0,0.0,0.0,0.0,20.03,None,None,0.0,0,0.0,9793633447.5,9614400000.0
2015-08-28,'002369,卓翼科技,0.0,0.0,0.0,0.0,20.03,None,None,0.0,0,0.0,9793633447.5,9614400000.0
2015-08-27,'002369,卓翼科技,0.0,0.0,0.0,0.0,20.03,None,None,0.0,0,0.0,9793633447.5,9614400000.0
2015-08-26,'002369,卓翼科技,0.0,0.0,0.0,0.0,20.03,None,None,0.0,0,0.0,9793633447.5,9614400000.0
2015-08-25,'002369,卓翼科技,0.0,0.0,0.0,0.0,20.03,None,None,0.0,0,0.0,9793633447.5,9614400000.0
2015-08-24,'002369,卓翼科技,0.0,0.0,0.0,0.0,20.03,None,None,0.0,0,0.0,9793633447.5,9614400000.0
2015-08-21,'002369,卓翼科技,0.0,0.0,0.0,0.0,20.03,None,None,0.0,0,0.0,9793633447.5,9614400000.0
2015-08-20,'002369,卓翼科技,0.0,0.0,0.0,0.0,20.03,None,None,0.0,0,0.0,9793633447.5,9614400000.0
2015-08-19,'002369,卓翼科技,0.0,0.0,0.0,0.0,20.03,None,None,0.0,0,0.0,9793633447.5,9614400000.0
2015-08-18,'002369,卓翼科技,0.0,0.0,0.0,0.0,20.03,None,None,0.0,0,0.0,9793633447.5,9614400000.0
2015-08-17,'002369,卓翼科技,0.0,0.0,0.0,0.0,20.03,None,None,0.0,0,0.0,9793633447.5,9614400000.0
2015-08-14,'002369,卓翼科技,0.0,0.0,0.0,0.0,20.03,None,None,0.0,0,0.0,9793633447.5,9614400000.0
2015-08-13,'002369,卓翼科技,0.0,0.0,0.0,0.0,20.03,None,None,0.0,0,0.0,9793633447.5,9614400000.0
2015-08-12,'002369,卓翼科技,0.0,0.0,0.0,0.0,20.03,None,None,0.0,0,0.0,9793633447.5,9614400000.0
2015-08-11,'002369,卓翼科技,0.0,0.0,0.0,0.0,20.03,None,None,0.0,0,0.0,9793633447.5,9614400000.0
2015-08-10,'002369,卓翼科技,0.0,0.0,0.0,0.0,20.03,None,None,0.0,0,0.0,9793633447.5,9614400000.0
2015-08-07,'002369,卓翼科技,0.0,0.0,0.0,0.0,20.03,None,None,0.0,0,0.0,9793633447.5,9614400000.0
2015-08-06,'002369,卓翼科技,0.0,0.0,0.0,0.0,20.03,None,None,0.0,0,0.0,9793633447.5,9614400000.0
2015-08-05,'002369,卓翼科技,0.0,0.0,0.0,0.0,20.03,None,None,0.0,0,0.0,9793633447.5,9614400000.0
2015-08-04,'002369,卓翼科技,0.0,0.0,0.0,0.0,20.03,None,None,0.0,0,0.0,9793633447.5,9614400000.0
2015-08-03,'002369,卓翼科技,0.0,0.0,0.0,0.0,20.03,None,None,0.0,0,0.0,9793633447.5,9614400000.0
2015-07-31,'002369,卓翼科技,0.0,0.0,0.0,0.0,20.03,None,None,0.0,0,0.0,9793633447.5,9614400000.0
2015-07-30,'002369,卓翼科技,0.0,0.0,0.0,0.0,20.03,None,None,0.0,0,0.0,9793633447.5,9614400000.0
2015-07-29,'002369,卓翼科技,0.0,0.0,0.0,0.0,20.03,None,None,0.0,0,0.0,9793633447.5,9614400000.0
2015-07-28,'002369,卓翼科技,0.0,0.0,0.0,0.0,20.03,None,None,0.0,0,0.0,9793633447.5,9614400000.0
2015-07-27,'002369,卓翼科技,0.0,0.0,0.0,0.0,20.03,None,None,0.0,0,0.0,9793633447.5,9614400000.0
2015-07-24,'002369,卓翼科技,0.0,0.0,0.0,0.0,20.03,None,None,0.0,0,0.0,9793633447.5,9614400000.0
2015-07-23,'002369,卓翼科技,0.0,0.0,0.0,0.0,20.03,None,None,0.0,0,0.0,9793633447.5,9614400000.0
2015-07-22,'002369,卓翼科技,0.0,0.0,0.0,0.0,20.03,None,None,0.0,0,0.0,9793633447.5,9614400000.0
2015-07-21,'002369,卓翼科技,0.0,0.0,0.0,0.0,20.03,None,None,0.0,0,0.0,9793633447.5,9614400000.0
2015-07-20,'002369,卓翼科技,0.0,0.0,0.0,0.0,20.03,None,None,0.0,0,0.0,9793633447.5,9614400000.0
2015-07-17,'002369,卓翼科技,0.0,0.0,0.0,0.0,20.03,None,None,0.0,0,0.0,9793633447.5,9614400000.0
2015-07-16,'002369,卓翼科技,0.0,0.0,0.0,0.0,20.03,None,None,0.0,0,0.0,9793633447.5,9614400000.0
2015-07-15,'002369,卓翼科技,0.0,0.0,0.0,0.0,20.03,None,None,0.0,0,0.0,9793633447.5,9614400000.0
2015-07-14,'002369,卓翼科技,0.0,0.0,0.0,0.0,20.03,None,None,0.0,0,0.0,9793633447.5,9614400000.0
2015-07-13,'002369,卓翼科技,0.0,0.0,0.0,0.0,20.03,None,None,0.0,0,0.0,9793633447.5,9614400000.0
2015-07-10,'002369,卓翼科技,0.0,0.0,0.0,0.0,20.03,None,None,0.0,0,0.0,9793633447.5,9614400000.0
2015-07-09,'002369,卓翼科技,0.0,0.0,0.0,0.0,20.03,None,None,0.0,0,0.0,9793633447.5,9614400000.0
2015-07-08,'002369,卓翼科技,0.0,0.0,0.0,0.0,20.03,None,None,0.0,0,0.0,9793633447.5,9614400000.0
2015-07-07,'002369,卓翼科技,0.0,0.0,0.0,0.0,20.03,None,None,0.0,0,0.0,9793633447.5,9614400000.0
2015-07-06,'002369,卓翼科技,0.0,0.0,0.0,0.0,20.03,None,None,0.0,0,0.0,9793633447.5,9614400000.0
2015-07-03,'002369,卓翼科技,0.0,0.0,0.0,0.0,20.03,None,None,0.0,0,0.0,9793633447.5,9614400000.0
2015-07-02,'002369,卓翼科技,0.0,0.0,0.0,0.0,20.03,None,None,0.0,0,0.0,9793633447.5,9614400000.0
2015-07-01,'002369,卓翼科技,0.0,0.0,0.0,0.0,20.03,None,None,0.0,0,0.0,9793633447.5,9614400000.0
2015-06-30,'002369,卓翼科技,0.0,0.0,0.0,0.0,20.03,None,None,0.0,0,0.0,9793633447.5,9614400000.0
2015-06-29,'002369,卓翼科技,0.0,0.0,0.0,0.0,20.03,None,None,0.0,0,0.0,9793633447.5,9614400000.0
2015-06-26,'002369,卓翼科技,0.0,0.0,0.0,0.0,20.03,None,None,0.0,0,0.0,9793633447.5,9614400000.0
2015-06-25,'002369,卓翼科技,0.0,0.0,0.0,0.0,20.03,None,None,0.0,0,0.0,9793633447.5,9614400000.0
2015-06-24,'002369,卓翼科技,0.0,0.0,0.0,0.0,20.03,None,None,0.0,0,0.0,9793633447.5,9614400000.0
2015-06-23,'002369,卓翼科技,0.0,0.0,0.0,0.0,20.03,None,None,0.0,0,0.0,9793633447.5,9614400000.0
2015-06-19,'002369,卓翼科技,0.0,0.0,0.0,0.0,20.03,None,None,0.0,0,0.0,9793633447.5,9614400000.0
2015-06-18,'002369,卓翼科技,0.0,0.0,0.0,0.0,20.03,None,None,0.0,0,0.0,9793633447.5,9614400000.0
2015-06-17,'002369,卓翼科技,0.0,0.0,0.0,0.0,20.03,None,None,0.0,0,0.0,9793633447.5,9614400000.0
2015-06-16,'002369,卓翼科技,0.0,0.0,0.0,0.0,20.03,None,None,0.0,0,0.0,9793633447.5,9614400000.0
2015-06-15,'002369,卓翼科技,0.0,0.0,0.0,0.0,20.03,None,None,0.0,0,0.0,9793633447.5,9614400000.0
2015-06-12,'002369,卓翼科技,0.0,0.0,0.0,0.0,20.03,None,None,0.0,0,0.0,9793633447.5,9614400000.0
2015-06-11,'002369,卓翼科技,0.0,0.0,0.0,0.0,20.03,None,None,0.0,0,0.0,9854379430.0,9614400000.0
2015-06-10,'002369,卓翼科技,0.0,0.0,0.0,0.0,20.03,None,None,0.0,0,0.0,9854379430.0,9614400000.0
2015-06-09,'002369,卓翼科技,0.0,0.0,0.0,0.0,20.03,None,None,0.0,0,0.0,9854379430.0,9614400000.0
2015-06-08,'002369,卓翼科技,0.0,0.0,0.0,0.0,20.03,None,None,0.0,0,0.0,9854379430.0,9614400000.0
2015-06-05,'002369,卓翼科技,0.0,0.0,0.0,0.0,20.03,None,None,0.0,0,0.0,9854379430.0,9614400000.0
2015-06-04,'002369,卓翼科技,0.0,0.0,0.0,0.0,20.03,None,None,0.0,0,0.0,9854379430.0,9614400000.0
2015-06-03,'002369,卓翼科技,0.0,0.0,0.0,0.0,20.03,None,None,0.0,0,0.0,9854379430.0,9614400000.0
2015-06-02,'002369,卓翼科技,20.03,20.03,18.0,18.28,18.21,1.82,9.9945,7.7712,37301597,710625160.21,9854379430.0,9614400000.0
2015-06-01,'002369,卓翼科技,18.21,18.54,17.02,17.22,17.01,1.2,7.0547,6.1951,29736436,533761279.54,8958974010.0,8740800000.0
2015-05-29,'002369,卓翼科技,17.01,17.5,16.01,16.78,16.78,0.23,1.3707,6.2838,30162044,510726367.49,8368596810.0,8164800000.0
2015-05-28,'002369,卓翼科技,16.78,19.1,16.75,17.88,17.66,-0.88,-4.983,8.6819,41673343,753468032.57,8255441180.0,8054400000.0
2015-05-27,'002369,卓翼科技,17.66,18.1,17.2,18.05,18.04,-0.38,-2.1064,6.4722,31066448,546613129.28,8688384460.0,8476800000.0
2015-05-26,'002369,卓翼科技,18.04,18.28,17.12,17.36,17.34,0.7,4.0369,7.3696,35373849,628895075.0,8875337240.0,8659200000.0
2015-05-25,'002369,卓翼科技,17.34,17.69,16.8,17.3,17.31,0.03,0.1733,5.7163,27438374,475307720.33,8530950540.0,8323200000.0
2015-05-22,'002369,卓翼科技,17.31,17.8,16.58,17.39,17.2,0.11,0.6395,6.3867,30656108,525125993.09,8516191110.0,8308800000.0
2015-05-21,'002369,卓翼科技,17.2,17.83,16.15,16.23,16.25,0.95,5.8462,6.4633,31023627,531074022.14,8462073200.0,8256000000.0
2015-05-20,'002369,卓翼科技,16.25,16.46,15.76,15.76,15.75,0.5,3.1746,8.38,40224035,654132168.26,7994691250.0,7800000000.0
2015-05-19,'002369,卓翼科技,15.75,15.78,15.09,15.1,15.1,0.65,4.3046,4.8949,23495302,364176850.58,7748700750.0,7560000000.0
2015-05-18,'002369,卓翼科技,15.1,15.54,14.98,15.03,15.01,0.09,0.5996,4.3278,20773222,317124256.04,7428913100.0,7248000000.0
2015-05-15,'002369,卓翼科技,15.01,15.68,14.91,15.42,15.58,-0.57,-3.6585,4.8372,23218655,353646083.88,7384634810.0,7204800000.0
2015-05-14,'002369,卓翼科技,15.58,15.78,15.28,15.75,15.62,-0.04,-0.2561,5.9993,28796697,448513719.31,7665063980.0,7478400000.0
2015-05-13,'002369,卓翼科技,15.62,16.07,14.82,15.04,15.06,0.56,3.7185,9.5806,45987069,708837314.95,7684743220.0,7497600000.0
2015-05-12,'002369,卓翼科技,15.06,15.3,14.75,15.14,15.06,0.0,0.0,8.2368,39536588,592536644.99,7409233860.0,7228800000.0
2015-05-11,'002369,卓翼科技,15.06,15.19,13.9,14.06,13.92,1.14,8.1897,10.6372,51058429,741564011.95,7409233860.0,7228800000.0
2015-05-08,'002369,卓翼科技,13.92,13.96,13.13,13.13,13.05,0.87,6.6667,4.8678,23365551,316605860.29,6848375520.0,6681600000.0
2015-05-07,'002369,卓翼科技,13.05,13.45,12.97,13.34,13.29,-0.24,-1.8059,2.5272,12130535,159362782.95,6420352050.0,6264000000.0
2015-05-06,'002369,卓翼科技,13.29,13.78,13.14,13.52,13.39,-0.1,-0.7468,2.974,14275184,193197531.73,6538427490.0,6379200000.0
2015-05-05,'002369,卓翼科技,13.39,13.84,13.29,13.7,13.58,-0.19,-1.3991,3.4061,16349065,222377849.97,6587625590.0,6427200000.0
2015-05-04,'002369,卓翼科技,13.58,13.76,13.27,13.69,13.65,-0.07,-0.5128,3.1796,15261865,206536551.47,6681101980.0,6518400000.0
2015-04-30,'002369,卓翼科技,13.65,13.95,13.61,13.83,13.83,-0.18,-1.3015,4.0544,19461215,267709709.2,6715540650.0,6552000000.0
2015-04-29,'002369,卓翼科技,13.83,13.97,13.33,13.53,13.64,0.19,1.393,3.6867,17696027,244449429.03,6804097230.0,6638400000.0
2015-04-28,'002369,卓翼科技,13.64,14.35,13.45,14.16,14.29,-0.65,-4.5486,4.8023,23051233,318461094.38,6710620840.0,6547200000.0
2015-04-27,'002369,卓翼科技,14.29,14.87,14.09,14.62,14.38,-0.09,-0.6259,6.5871,31618059,455464381.27,7030408490.0,6859200000.0
2015-04-24,'002369,卓翼科技,14.38,14.49,13.83,14.0,14.12,0.26,1.8414,7.9378,38101438,542459440.43,7074686780.0,6902400000.0
2015-04-23,'002369,卓翼科技,14.12,14.19,13.78,13.95,13.91,0.21,1.5097,5.6703,27217303,380841963.05,6946771720.0,6777600000.0
2015-04-22,'002369,卓翼科技,13.91,14.17,13.69,13.7,13.62,0.29,2.1292,5.5789,26778832,373965673.87,6843455710.0,6676800000.0
2015-04-21,'002369,卓翼科技,13.62,13.65,13.11,13.13,13.14,0.48,3.653,3.5646,17109943,229528301.29,6700781220.0,6537600000.0
2015-04-20,'002369,卓翼科技,13.14,13.64,13.09,13.6,13.78,-0.64,-4.6444,6.3102,30288954,404020231.68,6464630340.0,6307200000.0
2015-04-17,'002369,卓翼科技,13.78,14.01,13.61,13.86,13.85,-0.07,-0.5054,5.0495,24237627,335106968.18,6779498180.0,6614400000.0
2015-04-16,'002369,卓翼科技,13.85,14.02,13.2,13.49,13.55,0.3,2.214,3.4419,16521147,226944564.15,6813936850.0,6648000000.0
2015-04-15,'002369,卓翼科技,13.55,14.3,13.53,14.23,14.32,-0.77,-5.3771,4.8668,23360656,323915634.69,6666342550.0,6504000000.0
2015-04-14,'002369,卓翼科技,14.32,14.5,14.09,14.5,14.47,-0.15,-1.0366,6.2798,30143070,429805775.64,7045167920.0,6873600000.0
2015-04-13,'002369,卓翼科技,14.47,14.68,14.11,14.26,14.26,0.21,1.4727,5.6058,26907996,388677804.18,7118965070.0,6945600000.0
2015-04-10,'002369,卓翼科技,14.26,14.33,13.6,13.77,13.88,0.38,2.7378,5.2635,25264905,354889001.18,7015649060.0,6844800000.0
2015-04-09,'002369,卓翼科技,13.88,14.55,13.4,14.54,14.53,-0.65,-4.4735,8.4011,40325357,556936819.13,6828696280.0,6662400000.0
2015-04-08,'002369,卓翼科技,14.53,15.17,14.2,15.07,14.93,-0.4,-2.6792,6.5358,31371932,459469740.91,7148483930.0,6974400000.0
2015-04-07,'002369,卓翼科技,14.93,15.33,14.6,14.66,14.85,0.08,0.5387,9.2715,44502962,668348163.18,7345276330.0,7166400000.0
2015-04-03,'002369,卓翼科技,14.85,14.96,13.93,14.04,14.29,0.56,3.9188,10.8044,51861027,746749633.29,7305917850.0,7128000000.0
2015-04-02,'002369,卓翼科技,14.29,14.5,14.0,14.21,14.0,0.29,2.0714,7.674,36835201,523174442.66,7030408490.0,6859200000.0
2015-04-01,'002369,卓翼科技,14.0,14.08,13.75,13.82,13.8,0.2,1.4493,8.2811,39749347,552514077.99,6887734000.0,6720000000.0
2015-03-31,'002369,卓翼科技,13.8,14.18,13.65,13.89,14.2,-0.4,-2.8169,8.0949,38855717,539183071.21,6789337800.0,6624000000.0
2015-03-30,'002369,卓翼科技,14.2,14.45,13.55,14.13,14.0,0.2,1.4286,8.5265,40927311,573637575.67,6986130200.0,6816000000.0
2015-03-27,'002369,卓翼科技,14.0,14.1,13.35,13.41,13.5,0.5,3.7037,5.6177,26964843,371811710.96,6887734000.0,6720000000.0
2015-03-26,'002369,卓翼科技,13.5,14.3,13.39,14.3,14.28,-0.78,-5.4622,8.4134,40384237,557183722.22,6641743500.0,6480000000.0
2015-03-25,'002369,卓翼科技,14.28,14.55,13.4,13.66,13.56,0.72,5.3097,9.8433,47248026,661234975.45,7025488680.0,6854400000.0
2015-03-24,'002369,卓翼科技,13.56,13.96,12.89,13.64,13.59,-0.03,-0.2208,9.3545,44901700,608428457.08,6671262360.0,6508800000.0
2015-03-23,'002369,卓翼科技,13.59,13.82,13.28,13.54,13.48,0.11,0.816,7.8607,37731176,509042257.26,6686021790.0,6523200000.0
2015-03-20,'002369,卓翼科技,13.48,13.5,12.83,12.86,12.95,0.53,4.0927,8.4045,40341787,533493694.92,6631903880.0,6470400000.0
2015-03-19,'002369,卓翼科技,12.95,13.23,12.6,12.78,12.83,0.12,0.9353,8.3071,39874301,514564705.89,6371153950.0,6216000000.0
2015-03-18,'002369,卓翼科技,12.83,12.96,12.21,12.35,12.34,0.49,3.9708,9.3904,45074031,571640256.33,6312116230.0,6158400000.0
2015-03-17,'002369,卓翼科技,12.34,12.63,12.02,12.4,12.34,0.0,0.0,9.1471,43905923,542284634.33,6071045540.0,5923200000.0
2015-03-16,'002369,卓翼科技,12.34,12.44,11.69,11.69,11.65,0.69,5.9227,8.4528,40573237,492164428.99,6071045540.0,5923200000.0
2015-03-13,'002369,卓翼科技,11.65,11.72,11.44,11.46,11.49,0.16,1.3925,3.7791,18139889,210193063.72,5731578650.0,5592000000.0
2015-03-12,'002369,卓翼科技,11.49,11.87,11.4,11.55,11.59,-0.1,-0.8628,4.1578,19957398,232428092.74,5652861690.0,5515200000.0
2015-03-11,'002369,卓翼科技,11.59,11.82,11.43,11.76,11.74,-0.15,-1.2777,3.5898,17231183,199602763.0,5702059790.0,5563200000.0
2015-03-10,'002369,卓翼科技,11.74,11.94,11.48,11.5,11.5,0.24,2.087,5.6048,26902867,316633853.81,5775856940.0,5635200000.0
2015-03-09,'002369,卓翼科技,11.5,11.69,11.18,11.48,11.5,0.0,0.0,4.5119,21657059,248056018.77,5657781500.0,5520000000.0
2015-03-06,'002369,卓翼科技,11.5,11.88,11.5,11.81,11.81,-0.31,-2.6249,6.5324,31355755,365309472.26,5657781500.0,5520000000.0
2015-03-05,'002369,卓翼科技,11.81,11.82,11.26,11.32,11.35,0.46,4.0529,9.1458,43899634,509520420.77,5810295610.0,5668800000.0
2015-03-04,'002369,卓翼科技,11.35,11.48,11.16,11.16,11.11,0.24,2.1602,5.3956,25899085,294004300.38,5583984350.0,5448000000.0
2015-03-03,'002369,卓翼科技,11.11,11.49,11.1,11.27,11.38,-0.27,-2.3726,7.8712,37781724,426076113.39,5465908910.0,5332800000.0
2015-03-02,'002369,卓翼科技,11.38,11.49,11.01,11.16,11.04,0.34,3.0797,10.601,50884566,573205952.65,5598743780.0,5462400000.0
2015-02-27,'002369,卓翼科技,11.04,11.19,10.55,10.6,10.61,0.43,4.0528,8.9149,42791708,464085080.05,5431470240.0,5299200000.0
2015-02-26,'002369,卓翼科技,10.61,10.63,10.49,10.61,10.6,0.01,0.0943,3.164,15187162,160331851.23,5219918410.0,5092800000.0
2015-02-25,'002369,卓翼科技,10.6,10.76,10.52,10.53,10.51,0.09,0.8563,4.7177,22644774,241175392.69,5214998600.0,5088000000.0
2015-02-17,'002369,卓翼科技,10.51,10.63,10.44,10.59,10.53,-0.02,-0.1899,4.8614,23334572,244879690.53,5170720310.0,5044800000.0
2015-02-16,'002369,卓翼科技,10.53,10.59,10.28,10.3,10.32,0.21,2.0349,6.8865,33054983,345883149.82,5180559930.0,5054400000.0
2015-02-13,'002369,卓翼科技,10.32,10.44,10.22,10.28,10.28,0.04,0.3891,2.8387,13625870,140712308.19,5077243920.0,4953600000.0
2015-02-12,'002369,卓翼科技,10.28,10.47,10.11,10.32,10.23,0.05,0.4888,2.0912,10037878,103470584.98,5057564680.0,4934400000.0
2015-02-11,'002369,卓翼科技,10.23,10.23,9.99,10.0,9.97,0.26,2.6078,1.6498,7918839,80320918.34,5032965630.0,4910400000.0
2015-02-10,'002369,卓翼科技,9.97,10.03,9.69,9.77,9.85,0.12,1.2183,1.5703,7537542,74353459.92,4905050570.0,4785600000.0
2015-02-09,'002369,卓翼科技,9.85,10.38,9.8,10.29,10.23,-0.38,-3.7146,2.5779,12373863,124263425.99,4846012850.0,4728000000.0
2015-02-06,'002369,卓翼科技,10.23,10.58,10.18,10.4,10.46,-0.23,-2.1989,2.6462,12701832,132449478.21,5032965630.0,4910400000.0
2015-02-05,'002369,卓翼科技,10.46,10.7,10.35,10.43,10.37,0.09,0.8679,3.888,18662314,197098872.72,5146121260.0,5020800000.0
2015-02-04,'002369,卓翼科技,10.37,10.5,10.31,10.48,10.45,-0.08,-0.7656,2.2871,10978136,114178399.68,5101842970.0,4977600000.0
2015-02-03,'002369,卓翼科技,10.45,10.5,10.3,10.36,10.3,0.15,1.4563,3.1559,15148418,157779729.61,5141201450.0,5016000000.0
2015-02-02,'002369,卓翼科技,10.3,10.37,10.12,10.19,10.32,-0.02,-0.1938,1.8427,8844838,90878148.7,5067404300.0,4944000000.0
2015-01-30,'002369,卓翼科技,10.32,10.53,10.26,10.5,10.59,-0.27,-2.5496,3.3825,16236139,168428524.45,5077243920.0,4953600000.0
2015-01-29,'002369,卓翼科技,10.59,10.79,10.55,10.6,10.72,-0.13,-1.2127,2.8918,13880853,147617767.28,5210078790.0,5083200000.0
2015-01-28,'002369,卓翼科技,10.72,10.87,10.68,10.77,10.87,-0.15,-1.3799,2.9744,14276938,153618443.15,5274036320.0,5145600000.0
2015-01-27,'002369,卓翼科技,10.87,11.08,10.68,10.9,10.92,-0.05,-0.4579,6.032,28953703,315524039.57,5347833470.0,5217600000.0
2015-01-26,'002369,卓翼科技,10.92,10.93,10.29,10.29,10.28,0.64,6.2257,6.6995,32157791,344373867.64,5372432520.0,5241600000.0
2015-01-23,'002369,卓翼科技,10.28,10.59,10.23,10.56,10.55,-0.27,-2.5592,3.0308,14547815,151297768.05,5057564680.0,4934400000.0
2015-01-22,'002369,卓翼科技,10.55,10.59,10.42,10.52,10.51,0.04,0.3806,3.4231,16430734,172738881.71,5190399550.0,5064000000.0
2015-01-21,'002369,卓翼科技,10.51,10.7,10.38,10.64,10.52,-0.01,-0.0951,4.7797,22942359,241264405.0,5170720310.0,5044800000.0
2015-01-20,'002369,卓翼科技,10.52,10.54,10.2,10.22,10.18,0.34,3.3399,4.3558,20908033,217205070.98,5175640120.0,5049600000.0
2015-01-19,'002369,卓翼科技,10.18,10.37,9.83,9.87,10.16,0.02,0.1969,3.7799,18143456,184089757.9,5008366580.0,4886400000.0
2015-01-16,'002369,卓翼科技,10.16,10.18,9.85,9.93,9.89,0.27,2.73,2.5737,12353554,124154049.58,4998526960.0,4876800000.0
2015-01-15,'002369,卓翼科技,9.89,10.18,9.86,10.02,10.0,-0.11,-1.1,1.84,8832151,88225651.42,4865692090.0,4747200000.0
2015-01-14,'002369,卓翼科技,10.0,10.08,9.76,9.81,9.82,0.18,1.833,2.3145,11109502,110489508.08,4919810000.0,4800000000.0
2015-01-13,'002369,卓翼科技,9.82,9.84,9.49,9.49,9.52,0.3,3.1513,1.4871,7137901,69400999.26,4831253420.0,4713600000.0
2015-01-12,'002369,卓翼科技,9.52,9.82,9.46,9.75,9.88,-0.36,-3.6437,1.8279,8773999,84294454.8,4683659120.0,4569600000.0
2015-01-09,'002369,卓翼科技,9.88,10.12,9.87,10.0,10.01,-0.13,-1.2987,1.8013,8646174,86520592.73,4860772280.0,4742400000.0
2015-01-08,'002369,卓翼科技,10.01,10.14,9.82,9.95,9.95,0.06,0.603,2.0939,10050827,100527992.22,4924729810.0,4804800000.0
2015-01-07,'002369,卓翼科技,9.95,10.05,9.88,9.96,10.0,-0.05,-0.5,1.849,8875184,88140616.68,4895210950.0,4776000000.0
2015-01-06,'002369,卓翼科技,10.0,10.05,9.61,9.65,9.72,0.28,2.8807,3.0868,14816669,146078627.72,4919810000.0,4800000000.0
2015-01-05,'002369,卓翼科技,9.72,9.73,9.39,9.59,9.59,0.13,1.3556,2.3272,11170630,106653268.68,4782055320.0,4665600000.0
2014-12-31,'002369,卓翼科技,9.59,9.63,9.46,9.48,9.53,0.06,0.6296,1.2408,5955761,56845129.36,4718097790.0,4603200000.0
2014-12-30,'002369,卓翼科技,9.53,9.73,9.4,9.4,9.52,0.01,0.105,1.3576,6516263,62317361.13,4688578930.0,4574400000.0
2014-12-29,'002369,卓翼科技,9.52,9.78,9.47,9.77,9.79,-0.27,-2.7579,1.6788,8058305,77048243.64,4683659120.0,4569600000.0
2014-12-26,'002369,卓翼科技,9.79,9.9,9.68,9.9,9.85,-0.06,-0.6091,1.6415,7879146,76863574.78,4816493990.0,4699200000.0
2014-12-25,'002369,卓翼科技,9.85,9.87,9.68,9.72,9.68,0.17,1.7562,1.6649,7991419,78167995.99,4846012850.0,4728000000.0
2014-12-24,'002369,卓翼科技,9.68,9.79,9.55,9.65,9.49,0.19,2.0021,1.4304,6866123,66287666.66,4762376080.0,4646400000.0
2014-12-23,'002369,卓翼科技,9.49,9.81,9.42,9.44,9.43,0.06,0.6363,1.6134,7744177,74383954.36,4668899690.0,4555200000.0
2014-12-22,'002369,卓翼科技,9.43,10.17,9.33,10.17,10.2,-0.77,-7.549,3.3997,16318356,157606175.68,4639380830.0,4526400000.0
2014-12-19,'002369,卓翼科技,10.2,10.35,10.01,10.25,10.38,-0.18,-1.7341,2.5512,12245665,124250643.23,5018206200.0,4896000000.0
2014-12-18,'002369,卓翼科技,10.38,10.52,10.35,10.35,10.32,0.06,0.5814,2.6367,12656198,132044337.34,5106762780.0,4982400000.0
2014-12-17,'002369,卓翼科技,10.32,10.51,10.2,10.51,10.55,-0.23,-2.1801,2.7987,13433738,138352736.41,5077243920.0,4953600000.0
2014-12-16,'002369,卓翼科技,10.55,10.79,10.47,10.77,10.76,-0.21,-1.9517,3.018,14486220,153062054.54,5190399550.0,5064000000.0
2014-12-15,'002369,卓翼科技,10.76,10.84,10.53,10.61,10.6,0.16,1.5094,2.455,11783899,126321547.0,5293715560.0,5164800000.0
2014-12-12,'002369,卓翼科技,10.6,10.65,10.38,10.38,10.42,0.18,1.7274,2.5356,12170846,127985318.46,5214998600.0,5088000000.0
2014-12-11,'002369,卓翼科技,10.42,10.53,10.2,10.34,10.34,0.08,0.7737,2.8073,13474918,139519312.21,5126442020.0,5001600000.0
2014-12-10,'002369,卓翼科技,10.34,10.4,10.01,10.03,10.03,0.31,3.0907,2.2953,11017333,113027619.94,5087083540.0,4963200000.0
2014-12-09,'002369,卓翼科技,10.03,10.73,10.0,10.73,10.73,-0.7,-6.5238,5.6089,26922543,279944671.49,4934569430.0,4814400000.0
2014-12-08,'002369,卓翼科技,10.73,10.98,10.58,10.74,10.85,-0.12,-1.106,3.0286,14537263,156713519.12,5278956130.0,5150400000.0
2014-12-05,'002369,卓翼科技,10.85,11.34,10.53,11.31,11.34,-0.49,-4.321,3.9782,19095413,208816858.6,5337993850.0,5208000000.0
2014-12-04,'002369,卓翼科技,11.34,11.46,11.12,11.16,11.15,0.19,1.704,4.3304,20785795,235652014.85,5579064540.0,5443200000.0
2014-12-03,'002369,卓翼科技,11.15,11.19,10.7,10.95,10.94,0.21,1.9196,3.9587,19001992,207616726.44,5485588150.0,5352000000.0
2014-12-02,'002369,卓翼科技,10.94,11.14,10.83,10.87,10.92,0.02,0.1832,3.2348,15527245,170528260.62,5382272140.0,5251200000.0
2014-12-01,'002369,卓翼科技,10.92,11.42,10.86,11.34,11.35,-0.43,-3.7885,3.4409,16516336,183154028.91,5372432520.0,5241600000.0
2014-11-28,'002369,卓翼科技,11.35,11.5,11.28,11.43,11.43,-0.08,-0.6999,2.5687,12329605,140170748.34,5583984350.0,5448000000.0
2014-11-27,'002369,卓翼科技,11.43,11.65,11.23,11.48,11.4,0.03,0.2632,3.1185,14968984,171318735.79,5623342830.0,5486400000.0
2014-11-26,'002369,卓翼科技,11.4,11.7,11.36,11.7,11.71,-0.31,-2.6473,3.5154,16873816,194228988.65,5608583400.0,5472000000.0
2014-11-25,'002369,卓翼科技,11.71,11.8,11.34,11.41,11.4,0.31,2.7193,3.7813,18150008,210264875.93,5761097510.0,5620800000.0
2014-11-24,'002369,卓翼科技,11.4,11.67,11.11,11.12,11.1,0.3,2.7027,4.6558,22347907,255594243.66,5608583400.0,5472000000.0
2014-11-21,'002369,卓翼科技,11.1,11.12,10.73,10.75,10.78,0.32,2.9685,2.9702,14256828,156663555.46,5460989100.0,5328000000.0
2014-11-20,'002369,卓翼科技,10.78,10.86,10.71,10.84,10.87,-0.09,-0.828,1.4072,6754758,72789092.17,5303555180.0,5174400000.0
2014-11-19,'002369,卓翼科技,10.87,10.89,10.66,10.8,10.79,0.08,0.7414,1.9709,9460321,102204970.54,5347833470.0,5217600000.0
2014-11-18,'002369,卓翼科技,10.79,10.9,10.61,10.7,10.68,0.11,1.03,1.7113,8214262,88561003.92,5308474990.0,5179200000.0
2014-11-17,'002369,卓翼科技,10.68,10.76,10.4,10.44,10.46,0.22,2.1033,1.9087,9161708,97472639.16,5254357080.0,5126400000.0
2014-11-14,'002369,卓翼科技,10.46,10.66,10.43,10.49,10.44,0.02,0.1916,1.8553,8905313,93714011.62,5146121260.0,5020800000.0
2014-11-13,'002369,卓翼科技,10.44,10.98,10.36,10.96,10.95,-0.51,-4.6575,2.9509,14164441,149442363.87,5136281640.0,5011200000.0
2014-11-12,'002369,卓翼科技,10.95,10.97,10.62,10.79,10.81,0.14,1.2951,1.9289,9258575,100143202.5,5387191950.0,5256000000.0
2014-11-11,'002369,卓翼科技,10.81,11.61,10.72,11.57,11.54,-0.73,-6.3258,3.8038,18258231,202785830.2,5318314610.0,5188800000.0
2014-11-10,'002369,卓翼科技,11.54,11.54,11.3,11.47,11.45,0.09,0.786,2.6987,12953848,147871148.27,5677460740.0,5539200000.0
2014-11-07,'002369,卓翼科技,11.45,11.85,11.4,11.67,11.65,-0.2,-1.7167,3.6323,17435151,203691395.94,5633182450.0,5496000000.0
2014-11-06,'002369,卓翼科技,11.65,11.67,11.41,11.6,11.65,0.0,0.0,2.248,10790207,124554921.76,5731578650.0,5592000000.0
2014-11-05,'002369,卓翼科技,11.65,11.72,11.38,11.51,11.59,0.06,0.5177,2.4475,11748047,135658761.33,5731578650.0,5592000000.0
2014-11-04,'002369,卓翼科技,11.59,11.91,11.45,11.84,11.81,-0.22,-1.8628,3.3082,15879352,185130163.85,5702059790.0,5563200000.0
2014-11-03,'002369,卓翼科技,11.81,12.06,11.76,11.9,11.88,-0.07,-0.5892,2.8838,13842393,164571171.73,5810295610.0,5668800000.0
2014-10-31,'002369,卓翼科技,11.88,12.18,11.68,12.13,12.13,-0.25,-2.061,3.7642,18068324,214915435.97,5844734280.0,5702400000.0
2014-10-30,'002369,卓翼科技,12.13,12.3,11.82,11.89,11.89,0.24,2.0185,4.9622,23818703,288529192.64,5967729530.0,5822400000.0
2014-10-29,'002369,卓翼科技,11.89,11.96,11.74,11.84,11.83,0.06,0.5072,4.0919,19641234,232687239.9,5849654090.0,5707200000.0
2014-10-28,'002369,卓翼科技,11.83,11.83,11.5,11.5,11.48,0.35,3.0488,2.9501,14160699,165980034.07,5820135230.0,5678400000.0
2014-10-27,'002369,卓翼科技,11.48,11.48,11.09,11.34,11.32,0.16,1.4134,1.9905,9554554,108350193.72,5647941880.0,5510400000.0
2014-10-24,'002369,卓翼科技,11.32,11.55,11.29,11.39,11.39,-0.07,-0.6146,2.2097,10606438,121082601.52,5569224920.0,5433600000.0
2014-10-23,'002369,卓翼科技,11.39,11.96,11.28,11.8,11.89,-0.5,-4.2052,3.4147,16390626,189590916.93,5603663590.0,5467200000.0
2014-10-22,'002369,卓翼科技,11.89,12.23,11.87,12.02,12.02,-0.13,-1.0815,3.0444,14612984,176123984.26,5849654090.0,5707200000.0
2014-10-21,'002369,卓翼科技,12.02,12.29,11.91,12.01,12.01,0.01,0.0833,3.1171,14962147,181182521.86,5913611620.0,5769600000.0
2014-10-20,'002369,卓翼科技,12.01,12.12,11.81,11.81,11.78,0.23,1.9525,2.7493,13196814,158205512.97,5908691810.0,5764800000.0
2014-10-17,'002369,卓翼科技,11.78,12.15,11.66,12.1,12.19,-0.41,-3.3634,4.4466,21343799,253460728.29,5795536180.0,5654400000.0
2014-10-16,'002369,卓翼科技,12.19,12.88,12.18,12.58,12.75,-0.56,-4.3922,5.5132,26463583,333545280.81,5997248390.0,5851200000.0
2014-10-15,'002369,卓翼科技,12.75,12.8,12.14,12.34,12.49,0.26,2.0817,6.6096,31726023,397106204.9,6272757750.0,6120000000.0
2014-10-14,'002369,卓翼科技,12.49,12.63,12.21,12.38,12.46,0.03,0.2408,4.1937,20129949,250907387.33,6144842690.0,5995200000.0
2014-10-13,'002369,卓翼科技,12.46,12.52,12.1,12.4,12.55,-0.09,-0.7171,5.4025,25931793,319856480.94,6130083260.0,5980800000.0
2014-10-10,'002369,卓翼科技,12.55,12.79,12.44,12.7,12.9,-0.35,-2.7132,6.7634,32464369,408673152.91,6174361550.0,6024000000.0
2014-10-09,'002369,卓翼科技,12.9,13.1,12.39,12.7,12.85,0.05,0.3891,13.1636,63185118,801148236.85,6346554900.0,6192000000.0
2014-10-08,'002369,卓翼科技,12.85,12.93,12.09,12.5,12.3,0.55,4.4715,18.8305,90386322,1132871811.62,6321955850.0,6168000000.0
2014-09-30,'002369,卓翼科技,12.3,12.3,11.16,11.17,11.18,1.12,10.0179,13.7722,66106724,791624662.49,6051366300.0,5904000000.0
2014-09-29,'002369,卓翼科技,11.18,11.22,11.07,11.13,11.13,0.05,0.4492,4.0765,19567058,218009907.21,5500347580.0,5366400000.0
2014-09-26,'002369,卓翼科技,11.13,11.17,10.96,11.04,11.06,0.07,0.6329,3.5138,16866008,186566719.48,5475748530.0,5342400000.0
2014-09-25,'002369,卓翼科技,11.06,11.3,11.02,11.2,11.19,-0.13,-1.1618,4.4121,21178169,235998499.04,5441309860.0,5308800000.0
2014-09-24,'002369,卓翼科技,11.19,11.24,10.84,10.89,10.93,0.26,2.3788,4.6958,22539602,250501052.01,5505267390.0,5371200000.0
2014-09-23,'002369,卓翼科技,10.93,10.97,10.71,10.72,10.7,0.23,2.1495,2.8776,13812304,149964074.32,5377352330.0,5246400000.0
2014-09-22,'002369,卓翼科技,10.7,10.95,10.7,10.94,10.98,-0.28,-2.5501,3.174,15235115,164359011.88,5264196700.0,5136000000.0
2014-09-19,'002369,卓翼科技,10.98,11.02,10.7,10.85,10.86,0.12,1.105,3.0341,14563548,158048601.75,5401951380.0,5270400000.0
2014-09-18,'002369,卓翼科技,10.86,10.94,10.58,10.75,10.75,0.11,1.0233,2.5605,12290283,132686470.34,5342913660.0,5212800000.0
2014-09-17,'002369,卓翼科技,10.75,10.85,10.43,10.72,10.72,0.03,0.2799,3.3379,16022060,170339609.55,5288795750.0,5160000000.0
2014-09-16,'002369,卓翼科技,10.72,11.35,10.7,11.35,11.36,-0.64,-5.6338,5.75,27600004,305081385.13,5274036320.0,5145600000.0
2014-09-15,'002369,卓翼科技,11.36,11.45,11.22,11.25,11.35,0.01,0.0881,5.378,25814627,292592871.05,5588904160.0,5452800000.0
2014-09-12,'002369,卓翼科技,11.35,11.38,10.85,10.88,10.91,0.44,4.033,6.0689,29130855,324979115.36,5583984350.0,5448000000.0
2014-09-11,'002369,卓翼科技,10.91,11.3,10.86,11.19,11.19,-0.28,-2.5022,6.9898,33551142,371389979.47,5367512710.0,5236800000.0
2014-09-10,'002369,卓翼科技,11.19,11.49,11.11,11.21,11.26,-0.07,-0.6217,5.8883,28263751,318841665.53,5505267390.0,5371200000.0
2014-09-09,'002369,卓翼科技,11.26,11.32,11.07,11.26,11.31,-0.05,-0.4421,5.3419,25641058,287056014.06,5539706060.0,5404800000.0
2014-09-05,'002369,卓翼科技,11.31,11.5,10.82,10.95,10.98,0.33,3.0055,10.2212,49061761,550636750.77,5564305110.0,5428800000.0
2014-09-04,'002369,卓翼科技,10.98,10.98,10.58,10.75,10.78,0.2,1.8553,6.6114,31734670,341746940.99,5401951380.0,5270400000.0
2014-09-03,'002369,卓翼科技,10.78,10.85,10.45,10.47,10.48,0.3,2.8626,7.0489,33834906,360514834.75,5303555180.0,5174400000.0
2014-09-02,'002369,卓翼科技,10.48,10.51,10.36,10.48,10.45,0.03,0.2871,4.0346,19366186,202248037.08,5155960880.0,5030400000.0
2014-09-01,'002369,卓翼科技,10.45,10.48,10.28,10.41,10.35,0.1,0.9662,3.5123,16858963,174995236.56,5141201450.0,5016000000.0
2014-08-29,'002369,卓翼科技,10.35,10.36,10.14,10.25,10.27,0.08,0.779,2.4967,11984272,123111515.27,5092003350.0,4968000000.0
2014-08-28,'002369,卓翼科技,10.27,10.32,9.97,10.06,10.06,0.21,2.0875,3.0171,14482212,146919106.01,5052644870.0,4929600000.0
2014-08-27,'002369,卓翼科技,10.06,10.14,9.94,9.94,9.98,0.08,0.8016,2.2178,10645603,107024413.01,4949328860.0,4828800000.0
2014-08-26,'002369,卓翼科技,9.98,10.27,9.93,10.11,10.13,-0.15,-1.4808,3.1818,15272550,153714276.86,4909970380.0,4790400000.0
2014-08-25,'002369,卓翼科技,10.13,10.48,10.11,10.46,10.43,-0.3,-2.8763,4.1227,19789187,202443796.64,4983767530.0,4862400000.0
2014-08-22,'002369,卓翼科技,10.43,10.59,10.34,10.58,10.56,-0.13,-1.2311,3.5885,17224998,179613762.69,5131361830.0,5006400000.0
2014-08-21,'002369,卓翼科技,10.56,10.56,10.3,10.42,10.38,0.18,1.7341,4.7662,22877809,239021383.26,5195319360.0,5068800000.0
2014-08-20,'002369,卓翼科技,10.38,10.48,10.25,10.38,10.42,-0.04,-0.3839,3.9647,19030726,197208948.44,5106762780.0,4982400000.0
2014-08-19,'002369,卓翼科技,10.42,10.55,10.19,10.52,10.61,-0.19,-1.7908,7.2272,34690392,360203252.27,5126442020.0,5001600000.0
2014-08-18,'002369,卓翼科技,10.61,10.99,10.47,10.62,10.57,0.04,0.3784,8.533,40958424,437402866.81,5219918410.0,5092800000.0
2014-08-15,'002369,卓翼科技,10.57,10.8,10.35,10.45,10.49,0.08,0.7626,9.9891,47947746,508618457.97,5200239170.0,5073600000.0
2014-08-14,'002369,卓翼科技,10.49,10.85,9.98,10.08,10.05,0.44,4.3781,15.4816,74311478,777156170.28,5160880690.0,5035200000.0
2014-08-13,'002369,卓翼科技,10.05,10.07,9.53,9.65,9.62,0.43,4.4699,8.072,38745390,379548781.61,4944409050.0,4824000000.0
2014-08-12,'002369,卓翼科技,9.62,9.62,9.48,9.59,9.58,0.04,0.4175,3.249,15594989,148715424.01,4732857220.0,4617600000.0
2014-08-11,'002369,卓翼科技,9.58,9.58,9.39,9.45,9.41,0.17,1.8066,3.1969,15345122,146046175.8,4713177980.0,4598400000.0
2014-08-08,'002369,卓翼科技,9.41,9.45,9.32,9.32,9.32,0.09,0.9657,1.9925,9564185,89841910.02,4629541210.0,4516800000.0
2014-08-07,'002369,卓翼科技,9.32,9.57,9.3,9.48,9.5,-0.18,-1.8947,2.9549,14183634,133791262.71,4585262920.0,4473600000.0
2014-08-06,'002369,卓翼科技,9.5,9.62,9.41,9.46,9.5,0.0,0.0,3.249,15595387,148517920.56,4673819500.0,4560000000.0
2014-08-05,'002369,卓翼科技,9.5,9.5,9.28,9.36,9.31,0.19,2.0408,3.2838,15762292,148097547.06,4673819500.0,4560000000.0
2014-08-04,'002369,卓翼科技,9.31,9.31,9.21,9.21,9.21,0.1,1.0858,2.078,9974161,92358169.5,4580343110.0,4468800000.0
2014-08-01,'002369,卓翼科技,9.21,9.42,9.18,9.3,9.29,-0.08,-0.8611,3.444,16531005,153999530.33,4531145010.0,4420800000.0
2014-07-31,'002369,卓翼科技,9.29,9.3,9.18,9.2,9.24,0.05,0.5411,2.1719,10425146,96330350.68,4570503490.0,4459200000.0
2014-07-30,'002369,卓翼科技,9.24,9.25,9.12,9.2,9.23,0.01,0.1083,2.1433,10288054,94511645.91,4545904440.0,4435200000.0
2014-07-29,'002369,卓翼科技,9.23,9.3,9.11,9.17,9.16,0.07,0.7642,2.3822,11434771,105361326.79,4540984630.0,4430400000.0
2014-07-28,'002369,卓翼科技,9.16,9.18,8.96,8.96,8.97,0.19,2.1182,2.0841,10003792,91108755.01,4506545960.0,4396800000.0
2014-07-25,'002369,卓翼科技,8.97,8.99,8.83,8.87,8.88,0.09,1.0135,1.4203,6817407,60918067.7,4413069570.0,4305600000.0
2014-07-24,'002369,卓翼科技,8.88,9.1,8.81,9.06,9.1,-0.22,-2.4176,3.1509,15124391,134687117.12,4368791280.0,4262400000.0
2014-07-23,'002369,卓翼科技,9.1,9.51,9.03,9.45,9.45,-0.35,-3.7037,4.5042,21620115,198813060.91,4477027100.0,4368000000.0
2014-07-22,'002369,卓翼科技,9.45,9.57,9.38,9.4,9.41,0.04,0.4251,1.9122,9178338,87096911.22,4649220450.0,4536000000.0
2014-07-21,'002369,卓翼科技,9.41,9.58,9.37,9.58,9.49,-0.08,-0.843,1.595,7655764,72134041.78,4629541210.0,4516800000.0
2014-07-18,'002369,卓翼科技,9.49,9.62,9.47,9.54,9.59,-0.1,-1.0428,1.8383,8824078,84248188.74,4668899690.0,4555200000.0
2014-07-17,'002369,卓翼科技,9.59,9.62,9.4,9.46,9.44,0.15,1.589,2.2879,10981725,104440514.35,4718097790.0,4603200000.0
2014-07-16,'002369,卓翼科技,9.44,9.59,9.36,9.51,9.52,-0.08,-0.8403,2.9683,14247602,134891921.86,4644300640.0,4531200000.0
2014-07-15,'002369,卓翼科技,9.52,9.9,9.49,9.9,10.04,-0.52,-5.1793,7.4617,35816360,345289464.02,4683659120.0,4569600000.0
2014-07-14,'002369,卓翼科技,10.04,10.04,9.82,9.95,9.94,0.1,1.006,4.0078,19237292,191002956.64,4939489240.0,4819200000.0
2014-07-11,'002369,卓翼科技,9.94,10.05,9.81,9.92,9.96,-0.02,-0.2008,4.1768,20048589,198564460.52,4890291140.0,4771200000.0
2014-07-10,'002369,卓翼科技,9.96,10.1,9.71,9.75,9.78,0.18,1.8405,5.6494,27117242,268961173.71,4900130760.0,4780800000.0
2014-07-09,'002369,卓翼科技,9.78,10.1,9.53,9.59,9.65,0.13,1.3472,9.4341,45283528,447020636.0,4811574180.0,4694400000.0
2014-07-08,'002369,卓翼科技,9.65,9.65,9.25,9.29,9.31,0.34,3.652,4.9081,23559032,224205746.4,4747616650.0,4632000000.0
2014-07-07,'002369,卓翼科技,9.31,9.39,9.22,9.36,9.37,-0.06,-0.6403,2.2505,10802491,100459054.05,4580343110.0,4468800000.0
2014-07-04,'002369,卓翼科技,9.37,9.52,9.34,9.49,9.46,-0.09,-0.9514,3.3314,15990620,150472172.47,4609861970.0,4497600000.0
2014-07-03,'002369,卓翼科技,9.46,9.67,9.44,9.45,9.35,0.11,1.1765,7.4925,35963804,343154259.18,4654140260.0,4540800000.0
2014-07-02,'002369,卓翼科技,9.35,9.38,9.15,9.3,9.28,0.07,0.7543,3.5039,16818859,156180527.92,4600022350.0,4488000000.0
2014-07-01,'002369,卓翼科技,9.28,9.3,9.07,9.08,9.08,0.2,2.2026,3.7253,17881485,164873967.34,4565583680.0,4454400000.0
2014-06-30,'002369,卓翼科技,9.08,9.1,8.83,8.99,8.96,0.12,1.3393,2.8023,13450815,120984781.06,4467187480.0,4358400000.0
2014-06-27,'002369,卓翼科技,8.96,9.24,8.96,9.08,9.08,-0.12,-1.3216,4.696,22540848,203557252.0,4408149760.0,4300800000.0
2014-06-26,'002369,卓翼科技,9.08,9.1,8.83,8.83,8.81,0.27,3.0647,2.2962,11021724,99314300.77,4467187480.0,4358400000.0
2014-06-25,'002369,卓翼科技,8.81,8.99,8.76,8.99,9.01,-0.2,-2.2198,1.8611,8933256,78976017.33,4334352610.0,4228800000.0
2014-06-24,'002369,卓翼科技,9.01,9.07,8.91,9.05,9.05,-0.04,-0.442,1.8493,8876736,79708231.66,4432748810.0,4324800000.0
2014-06-23,'002369,卓翼科技,9.05,9.15,9.0,9.01,9.01,0.04,0.444,1.5565,7471179,67802921.13,4452428050.0,4344000000.0
2014-06-20,'002369,卓翼科技,9.01,9.03,8.84,8.91,8.92,0.09,1.009,1.321,6340979,56747252.61,4432748810.0,4324800000.0
2014-06-19,'002369,卓翼科技,8.92,9.5,8.79,9.38,9.29,-0.37,-3.9828,2.8618,13736855,126393477.76,4388470520.0,4281600000.0
2014-06-18,'002369,卓翼科技,9.29,9.59,9.29,9.58,9.59,-0.3,-3.1283,2.5135,12064657,113594985.29,4570503490.0,4459200000.0
2014-06-17,'002369,卓翼科技,9.59,9.7,9.42,9.6,9.6,-0.01,-0.1042,3.7528,18013250,172370819.88,4603200000.0,4603200000.0
2014-06-16,'002369,卓翼科技,9.6,9.62,9.31,9.39,9.36,0.24,2.5641,4.5762,21965838,208674712.12,4608000000.0,4608000000.0
2014-06-13,'002369,卓翼科技,9.36,9.45,9.11,9.15,9.13,0.23,2.5192,3.951,18964704,176949350.36,4492800000.0,4492800000.0
2014-06-12,'002369,卓翼科技,9.13,9.21,9.1,9.2,9.23,-0.1,-1.0834,1.9919,9561019,87482731.7,4382400000.0,4382400000.0
2014-06-11,'002369,卓翼科技,9.23,9.31,9.13,9.17,9.28,-0.05,-0.5388,4.0789,19578818,180275612.23,4430400000.0,4430400000.0
2014-06-10,'002369,卓翼科技,9.28,9.31,8.81,8.81,8.75,0.53,6.0571,4.4164,21198748,192790103.63,4454400000.0,4454400000.0
2014-06-09,'002369,卓翼科技,8.75,8.97,8.73,8.94,8.91,-0.16,-1.7957,1.3944,6693170,59185075.07,4200000000.0,4200000000.0
2014-06-06,'002369,卓翼科技,8.91,9.11,8.88,9.09,9.09,-0.18,-1.9802,1.6831,8079018,72585366.2,4276800000.0,4276800000.0
2014-06-05,'002369,卓翼科技,9.09,9.15,8.75,8.8,8.8,0.29,3.2955,2.2525,10812066,97104233.21,4363200000.0,4363200000.0
2014-06-04,'002369,卓翼科技,8.8,9.03,8.71,8.97,8.98,-0.18,-2.0045,1.6121,7738018,68243804.18,4224000000.0,4224000000.0
2014-06-03,'002369,卓翼科技,8.98,9.23,8.97,9.13,9.02,-0.04,-0.4435,1.8154,8713933,79002676.17,4310400000.0,4310400000.0
2014-05-30,'002369,卓翼科技,9.02,9.18,8.98,8.98,8.97,0.05,0.5574,1.9119,9177092,83307211.9,4329600000.0,4329600000.0
2014-05-29,'002369,卓翼科技,8.97,9.26,8.95,9.16,9.18,-0.21,-2.2876,2.2515,10807277,98290379.26,4305600000.0,4305600000.0
2014-05-28,'002369,卓翼科技,9.18,9.24,8.91,8.94,8.92,0.26,2.9148,3.1718,15224422,139067904.52,4406400000.0,4406400000.0
2014-05-27,'002369,卓翼科技,8.92,9.13,8.9,9.13,9.13,-0.21,-2.3001,2.0349,9767547,87861156.66,4281600000.0,4281600000.0
2014-05-26,'002369,卓翼科技,9.13,9.15,8.96,9.0,8.98,0.15,1.6704,2.1326,10236627,92848936.08,4382400000.0,4382400000.0
2014-05-23,'002369,卓翼科技,8.98,8.99,8.63,8.63,8.7,0.28,3.2184,1.9805,9506356,84006901.8,4310400000.0,4310400000.0
2014-05-22,'002369,卓翼科技,8.7,8.9,8.65,8.68,8.66,0.04,0.4619,1.7257,8283185,72637669.28,4176000000.0,4176000000.0
2014-05-21,'002369,卓翼科技,8.66,8.69,8.41,8.58,8.56,0.1,1.1682,1.23,5904151,50703959.63,4156800000.0,4156800000.0
2014-05-20,'002369,卓翼科技,8.56,8.75,8.5,8.59,8.49,0.07,0.8245,1.2873,6179274,53248855.43,4108800000.0,4108800000.0
2014-05-19,'002369,卓翼科技,8.49,8.62,8.36,8.47,8.48,0.01,0.1179,1.1876,5700533,48504061.52,4075200000.0,4075200000.0
2014-05-16,'002369,卓翼科技,8.48,8.74,8.36,8.66,8.83,-0.35,-3.9638,2.3723,11387119,97045156.84,4070400000.0,4070400000.0
2014-05-15,'002369,卓翼科技,8.83,9.35,8.8,9.13,8.99,-0.16,-1.7798,3.9881,19142721,174336233.05,4238400000.0,4238400000.0
2014-05-14,'002369,卓翼科技,18.08,18.22,17.83,17.96,17.99,0.09,0.5003,1.9824,4757686,86002212.85,4339200000.0,4339200000.0
2014-05-13,'002369,卓翼科技,17.99,18.19,17.81,18.1,18.22,-0.23,-1.2623,1.8384,4412131,79347435.99,4317600000.0,4317600000.0
2014-05-12,'002369,卓翼科技,18.22,18.26,17.63,17.9,17.69,0.53,2.996,2.1227,5094403,91529239.57,4372800000.0,4372800000.0
2014-05-09,'002369,卓翼科技,17.69,18.03,17.58,17.85,17.57,0.12,0.683,1.6454,3949035,70130268.34,4245600000.0,4245600000.0
2014-05-08,'002369,卓翼科技,17.57,17.98,17.4,17.46,17.51,0.06,0.3427,1.5785,3788394,67185470.39,4216800000.0,4216800000.0
2014-05-07,'002369,卓翼科技,17.51,17.81,17.51,17.77,17.77,-0.26,-1.4631,1.4837,3560981,62801206.4,4202400000.0,4202400000.0
2014-05-06,'002369,卓翼科技,17.77,18.09,17.65,17.85,17.79,-0.02,-0.1124,2.1886,5252721,93883453.78,4264800000.0,4264800000.0
2014-05-05,'002369,卓翼科技,17.79,17.85,17.26,17.27,17.24,0.55,3.1903,1.8647,4475219,78797966.26,4269600000.0,4269600000.0
2014-04-30,'002369,卓翼科技,17.24,17.53,17.23,17.34,17.36,-0.12,-0.6912,1.6787,4028957,69886881.5,4137600000.0,4137600000.0
2014-04-29,'002369,卓翼科技,17.36,17.38,16.95,17.15,17.12,0.24,1.4019,1.5129,3630879,62389145.3,4166400000.0,4166400000.0
2014-04-28,'002369,卓翼科技,17.12,17.34,16.65,17.02,17.26,-0.14,-0.8111,1.7479,4194969,71299536.95,4108800000.0,4108800000.0
2014-04-25,'002369,卓翼科技,17.26,17.91,17.26,17.88,17.73,-0.47,-2.6509,1.9052,4572390,80635377.87,4142400000.0,4142400000.0
2014-04-24,'002369,卓翼科技,17.73,18.36,17.71,18.31,18.3,-0.57,-3.1148,2.2917,5499963,99110909.51,4255200000.0,4255200000.0
2014-04-23,'002369,卓翼科技,18.3,18.38,18.12,18.22,18.26,0.04,0.2191,1.322,3172789,57860627.37,4392000000.0,4392000000.0
2014-04-22,'002369,卓翼科技,18.26,18.7,18.03,18.58,18.6,-0.34,-1.828,3.1068,7456306,136481556.43,4382400000.0,4382400000.0
2014-04-21,'002369,卓翼科技,18.6,19.54,18.6,19.28,19.58,-0.98,-5.0051,3.6868,8848225,169308638.57,4464000000.0,4464000000.0
2014-04-18,'002369,卓翼科技,19.58,19.67,19.03,19.17,19.23,0.35,1.8201,3.5273,8465529,164095191.77,4699200000.0,4699200000.0
2014-04-17,'002369,卓翼科技,19.23,19.39,18.73,18.73,18.67,0.56,2.9995,3.8059,9134227,174074281.11,4615200000.0,4615200000.0
2014-04-16,'002369,卓翼科技,18.67,18.97,18.46,18.53,18.64,0.03,0.1609,1.4722,3533371,65839667.26,4480800000.0,4480800000.0
2014-04-15,'002369,卓翼科技,18.64,18.99,18.61,18.86,18.85,-0.21,-1.1141,1.964,4713505,88556111.58,4473600000.0,4473600000.0
2014-04-14,'002369,卓翼科技,18.85,18.85,18.42,18.48,18.47,0.38,2.0574,1.8915,4539484,84674049.19,4524000000.0,4524000000.0
2014-04-11,'002369,卓翼科技,18.47,18.61,18.17,18.6,18.76,-0.29,-1.5458,2.7389,6573429,120839438.99,4432800000.0,4432800000.0
2014-04-10,'002369,卓翼科技,18.76,19.2,18.7,18.8,18.84,-0.08,-0.4246,3.8212,9170981,173747233.45,4502400000.0,4502400000.0
2014-04-09,'002369,卓翼科技,18.84,18.97,18.43,18.6,18.65,0.19,1.0188,3.574,8577651,160542652.3,4521600000.0,4521600000.0
2014-04-08,'002369,卓翼科技,18.65,18.67,18.0,18.2,18.38,0.27,1.469,2.6021,6244935,114526663.47,4476000000.0,4476000000.0
2014-04-04,'002369,卓翼科技,18.38,18.46,17.91,17.91,18.08,0.3,1.6593,1.8908,4538027,82667763.32,4411200000.0,4411200000.0
2014-04-03,'002369,卓翼科技,18.08,18.45,17.9,17.9,17.96,0.12,0.6682,2.392,5740757,104388537.16,4339200000.0,4339200000.0
2014-04-02,'002369,卓翼科技,17.96,18.5,17.83,18.16,18.07,-0.11,-0.6087,2.4739,5937400,107343379.93,4310400000.0,4310400000.0
2014-04-01,'002369,卓翼科技,18.07,18.23,17.83,17.89,17.94,0.13,0.7246,1.9635,4712459,85091268.32,4336800000.0,4336800000.0
2014-03-31,'002369,卓翼科技,17.94,18.5,17.55,18.29,18.29,-0.35,-1.9136,3.29,7895881,141440348.26,4305600000.0,4305600000.0
2014-03-28,'002369,卓翼科技,18.29,19.72,18.29,19.72,19.74,-1.45,-7.3455,4.084,9801634,183899720.6,4389600000.0,4389600000.0
2014-03-27,'002369,卓翼科技,19.74,20.5,19.74,20.45,20.43,-0.69,-3.3774,3.2549,7811716,156605219.23,4737600000.0,4737600000.0
2014-03-26,'002369,卓翼科技,20.43,20.48,19.58,19.74,19.71,0.72,3.653,5.327,12784918,257647309.59,4903200000.0,4903200000.0
2014-03-25,'002369,卓翼科技,19.71,19.83,19.21,19.5,19.53,0.18,0.9217,2.4088,5781198,112717386.33,4730400000.0,4730400000.0
2014-03-24,'002369,卓翼科技,19.53,19.78,19.3,19.78,19.67,-0.14,-0.7117,2.5346,6083042,118810894.7,4687200000.0,4687200000.0
2014-03-21,'002369,卓翼科技,19.67,19.77,18.77,19.1,19.3,0.37,1.9171,2.7616,6627939,127921078.29,4720800000.0,4720800000.0
2014-03-20,'002369,卓翼科技,19.3,19.97,19.3,19.6,19.6,-0.3,-1.5306,3.2199,7727815,152570885.52,4632000000.0,4632000000.0
2014-03-19,'002369,卓翼科技,19.6,19.66,19.2,19.63,19.73,-0.13,-0.6589,2.5441,6105852,118578177.12,4704000000.0,4704000000.0
2014-03-18,'002369,卓翼科技,19.73,20.2,19.61,19.75,19.57,0.16,0.8176,4.6401,11136284,221805277.22,4735200000.0,4735200000.0
2014-03-17,'002369,卓翼科技,19.57,19.63,18.86,19.0,18.92,0.65,3.4355,3.2752,7860425,151904479.59,4696800000.0,4696800000.0
2014-03-14,'002369,卓翼科技,18.92,19.38,18.68,19.27,19.59,-0.67,-3.4201,4.1627,9990409,190027303.43,4540800000.0,4540800000.0
2014-03-13,'002369,卓翼科技,19.59,20.3,19.5,20.08,19.59,0.0,0.0,6.4796,15551135,308484357.07,4701600000.0,4701600000.0
2014-03-12,'002369,卓翼科技,19.59,19.61,18.88,19.16,19.15,0.44,2.2977,3.0539,7329463,141224853.08,4701600000.0,4701600000.0
2014-03-11,'002369,卓翼科技,19.15,19.82,18.95,19.6,19.64,-0.49,-2.4949,4.3646,10475104,202279309.86,4596000000.0,4596000000.0
2014-03-10,'002369,卓翼科技,19.64,20.43,19.42,20.0,20.35,-0.71,-3.4889,3.6746,8818930,175406335.82,4713600000.0,4713600000.0
2014-03-07,'002369,卓翼科技,20.35,20.95,20.28,20.79,20.82,-0.47,-2.2574,2.8816,6915835,141928102.47,4884000000.0,4884000000.0
2014-03-06,'002369,卓翼科技,20.82,20.88,20.15,20.65,20.44,0.38,1.8591,4.7774,11465656,235271831.39,4996800000.0,4996800000.0
2014-03-05,'002369,卓翼科技,20.44,20.97,20.29,20.3,20.22,0.22,1.088,4.5277,10866538,224493931.49,4905600000.0,4905600000.0
2014-03-04,'002369,卓翼科技,20.22,20.3,19.83,20.3,20.66,-0.44,-2.1297,3.9527,9486373,190257304.68,4852800000.0,4852800000.0
2014-03-03,'002369,卓翼科技,20.66,21.02,20.28,20.43,20.45,0.21,1.0269,5.2868,12688406,262969560.9,4958400000.0,4958400000.0
2014-02-28,'002369,卓翼科技,20.45,20.7,19.83,20.27,20.24,0.21,1.0375,5.3817,12916052,262552009.95,4908000000.0,4908000000.0
2014-02-27,'002369,卓翼科技,20.24,22.05,19.65,21.84,21.78,-1.54,-7.0707,4.8097,11543307,242431692.29,4857600000.0,4857600000.0
2014-02-26,'002369,卓翼科技,21.78,21.9,20.52,21.6,21.43,0.35,1.6332,3.7125,8909896,191096784.26,5227200000.0,5227200000.0
2014-02-25,'002369,卓翼科技,21.43,23.46,21.31,23.1,22.98,-1.55,-6.745,3.7598,9023629,204634311.58,5143200000.0,5143200000.0
2014-02-24,'002369,卓翼科技,22.98,23.2,22.43,23.0,23.18,-0.2,-0.8628,2.7844,6682625,152787190.81,5515200000.0,5515200000.0
2014-02-21,'002369,卓翼科技,23.18,23.43,22.71,22.9,23.0,0.18,0.7826,2.4667,5920059,136688377.96,5563200000.0,5563200000.0
2014-02-20,'002369,卓翼科技,23.0,23.46,22.88,23.28,23.3,-0.3,-1.2876,4.01,9623995,222547810.67,5520000000.0,5520000000.0
2014-02-19,'002369,卓翼科技,23.3,24.9,23.09,24.9,25.65,-2.35,-9.1618,11.2887,27092836,637318103.43,5592000000.0,5592000000.0
2014-02-18,'002369,卓翼科技,25.65,25.98,25.35,25.78,25.65,0.0,0.0,4.992,11980900,307179827.24,6156000000.0,6156000000.0
2014-02-17,'002369,卓翼科技,25.65,26.58,25.11,25.48,25.28,0.37,1.4636,7.2808,17473937,452520306.14,6156000000.0,6156000000.0
2014-02-14,'002369,卓翼科技,25.28,25.6,24.56,25.0,25.2,0.08,0.3175,4.4858,10765888,271140606.88,6067200000.0,6067200000.0
2014-02-13,'002369,卓翼科技,25.2,25.82,24.57,25.0,25.45,-0.25,-0.9823,6.2599,15023760,380031469.41,6048000000.0,6048000000.0
2014-02-12,'002369,卓翼科技,25.45,26.99,25.25,26.5,25.45,0.0,0.0,6.9288,16629100,431929073.06,6108000000.0,6108000000.0
2014-02-11,'002369,卓翼科技,25.45,26.09,24.8,25.88,25.9,-0.45,-1.7375,3.8109,9146124,233119920.92,6108000000.0,6108000000.0
2014-02-10,'002369,卓翼科技,25.9,27.39,24.58,24.98,24.9,1.0,4.0161,4.1797,10031366,258847356.61,6216000000.0,6216000000.0
2014-02-07,'002369,卓翼科技,24.9,25.16,23.52,23.9,24.25,0.65,2.6804,1.8243,4378429,108212686.85,5976000000.0,5976000000.0
2014-01-30,'002369,卓翼科技,24.25,24.73,23.8,24.5,24.6,-0.35,-1.4228,1.7855,4285280,103967586.84,5820000000.0,5820000000.0
2014-01-29,'002369,卓翼科技,24.6,24.9,22.6,22.78,23.0,1.6,6.9565,4.6983,11276002,270264024.15,5904000000.0,5904000000.0
2014-01-28,'002369,卓翼科技,23.0,23.0,21.21,21.89,21.9,1.1,5.0228,3.1103,7464764,164817768.85,5520000000.0,5520000000.0
2014-01-27,'002369,卓翼科技,21.9,22.22,20.65,21.15,21.2,0.7,3.3019,3.5452,8508362,184349148.11,5256000000.0,5256000000.0
2014-01-24,'002369,卓翼科技,21.2,21.7,20.47,20.99,20.85,0.35,1.6787,5.2944,12706611,270159712.61,5088000000.0,5088000000.0
2014-01-23,'002369,卓翼科技,20.85,20.9,19.05,19.35,19.0,1.85,9.7368,6.5617,15748009,316447580.62,5004000000.0,5004000000.0
2014-01-22,'002369,卓翼科技,19.0,19.59,18.76,19.51,19.5,-0.5,-2.5641,3.9041,9369733,178457437.28,4560000000.0,4560000000.0
2014-01-21,'002369,卓翼科技,19.5,19.78,19.12,19.12,19.28,0.22,1.1411,1.9985,4796351,93633432.11,4680000000.0,4680000000.0
2014-01-20,'002369,卓翼科技,19.28,19.69,18.9,19.43,19.61,-0.33,-1.6828,2.15,5160052,99419321.25,4627200000.0,4627200000.0
2014-01-17,'002369,卓翼科技,19.61,20.41,19.5,19.54,19.7,-0.09,-0.4569,2.6635,6392355,127392560.24,4706400000.0,4706400000.0
2014-01-16,'002369,卓翼科技,19.7,20.17,18.9,19.56,19.48,0.22,1.1294,5.0925,12222051,237024613.64,4728000000.0,4728000000.0
2014-01-15,'002369,卓翼科技,19.48,19.6,18.85,18.99,19.18,0.3,1.5641,3.3606,8065405,155531474.26,4675200000.0,4675200000.0
2014-01-14,'002369,卓翼科技,19.18,19.41,18.72,19.0,18.9,0.28,1.4815,3.5449,8507745,162932668.64,4603200000.0,4603200000.0
2014-01-13,'002369,卓翼科技,18.9,18.9,17.51,17.7,17.7,1.2,6.7797,4.5761,10982729,203331374.95,4536000000.0,4536000000.0
2014-01-10,'002369,卓翼科技,17.7,18.24,17.35,17.75,17.66,0.04,0.2265,1.8488,4437057,79174054.89,4248000000.0,4248000000.0
2014-01-09,'002369,卓翼科技,17.66,18.77,17.66,18.3,18.58,-0.92,-4.9516,2.4245,5818898,106128451.25,4238400000.0,4238400000.0
2014-01-08,'002369,卓翼科技,18.58,18.8,17.6,18.28,18.28,0.3,1.6411,2.8494,6838647,123950902.47,4459200000.0,4459200000.0
2014-01-07,'002369,卓翼科技,18.28,18.77,17.58,17.58,17.9,0.38,2.1229,2.6227,6294596,115299189.97,4387200000.0,4387200000.0
2014-01-06,'002369,卓翼科技,17.9,18.28,17.31,17.72,17.9,0.0,0.0,2.6517,6364198,113897716.69,4296000000.0,4296000000.0
2014-01-03,'002369,卓翼科技,17.9,18.47,17.67,17.8,17.9,0.0,0.0,2.065,4955948,89379994.87,4296000000.0,4296000000.0
2014-01-02,'002369,卓翼科技,17.9,18.0,17.5,17.68,17.8,0.1,0.5618,2.2844,5482673,97334515.77,4296000000.0,4296000000.0
2013-12-31,'002369,卓翼科技,17.8,18.22,16.72,16.76,16.76,1.04,6.2053,4.1081,9859326,173011089.89,4272000000.0,4272000000.0
2013-12-30,'002369,卓翼科技,16.76,17.08,16.62,16.99,16.94,-0.18,-1.0626,3.5963,8631050,144924070.16,4022400000.0,4022400000.0
2013-12-27,'002369,卓翼科技,16.94,17.02,16.17,16.17,16.16,0.78,4.8267,2.4463,5871121,98421633.05,4065600000.0,4065600000.0
2013-12-26,'002369,卓翼科技,16.16,16.77,16.1,16.15,16.15,0.01,0.0619,2.5024,6005651,98646031.82,3878400000.0,3878400000.0
2013-12-25,'002369,卓翼科技,16.15,16.53,15.71,15.71,15.81,0.34,2.1505,3.6594,8782585,140909771.27,3876000000.0,3876000000.0
2013-12-24,'002369,卓翼科技,15.81,15.83,14.94,14.94,15.0,0.81,5.4,2.2612,5426849,84517760.04,3794400000.0,3794400000.0
2013-12-23,'002369,卓翼科技,15.0,15.17,14.72,15.0,15.0,0.0,0.0,1.4239,3417397,51083689.66,3600000000.0,3600000000.0
2013-12-20,'002369,卓翼科技,15.0,15.62,14.88,15.48,15.54,-0.54,-3.4749,1.6436,3944715,60094431.59,3600000000.0,3600000000.0
2013-12-19,'002369,卓翼科技,15.54,16.18,15.54,16.18,16.01,-0.47,-2.9357,1.3253,3180717,50424107.55,3729600000.0,3729600000.0
2013-12-18,'002369,卓翼科技,16.01,16.58,15.88,16.16,16.27,-0.26,-1.598,1.5096,3622955,58531003.01,3842400000.0,3842400000.0
2013-12-17,'002369,卓翼科技,16.27,16.45,15.88,16.08,16.08,0.19,1.1816,1.8137,4352865,70455042.73,3904800000.0,3904800000.0
2013-12-16,'002369,卓翼科技,16.08,16.48,16.02,16.47,16.45,-0.37,-2.2492,1.5314,3675303,59480453.22,3859200000.0,3859200000.0
2013-12-13,'002369,卓翼科技,16.45,17.11,16.4,16.62,16.83,-0.38,-2.2579,2.0124,4829812,80667834.02,3948000000.0,3948000000.0
2013-12-12,'002369,卓翼科技,16.83,17.25,15.82,16.7,17.1,-0.27,-1.5789,7.3926,17742348,297956538.38,4039200000.0,4039200000.0
2013-12-11,'002369,卓翼科技,0.0,0.0,0.0,0.0,17.1,None,None,0.0,0,0.0,4104000000.0,4104000000.0
2013-12-10,'002369,卓翼科技,0.0,0.0,0.0,0.0,17.1,None,None,0.0,0,0.0,4104000000.0,4104000000.0
2013-12-09,'002369,卓翼科技,0.0,0.0,0.0,0.0,17.1,None,None,0.0,0,0.0,4104000000.0,4104000000.0
2013-12-06,'002369,卓翼科技,17.1,17.1,16.21,16.35,16.42,0.68,4.1413,3.9286,9428692,156921358.94,4104000000.0,4104000000.0
2013-12-05,'002369,卓翼科技,16.42,17.13,16.35,16.8,16.8,-0.38,-2.2619,4.8559,11654204,196283084.41,3940800000.0,3940800000.0
2013-12-04,'002369,卓翼科技,16.8,17.45,16.76,17.0,16.94,-0.14,-0.8264,6.565,15755959,269872586.65,4032000000.0,4032000000.0
2013-12-03,'002369,卓翼科技,16.94,17.19,15.8,15.9,16.14,0.8,4.9566,4.9907,11977651,200915517.02,4065600000.0,4065600000.0
2013-12-02,'002369,卓翼科技,16.14,16.65,15.65,15.83,16.16,-0.02,-0.1238,6.8293,16390380,268043720.07,3873600000.0,3873600000.0
2013-11-29,'002369,卓翼科技,16.16,16.25,15.9,16.0,16.17,-0.01,-0.0618,4.7684,6893146,111018641.14,3878400000.0,2336057926.4
2013-11-28,'002369,卓翼科技,16.17,16.55,15.32,15.32,15.45,0.72,4.6602,12.2056,17644238,285598545.01,3880800000.0,2337503506.8
2013-11-27,'002369,卓翼科技,15.45,15.8,15.21,15.33,15.46,-0.01,-0.0647,8.4576,12226169,188776219.2,3708000000.0,2233421718.0
2013-11-26,'002369,卓翼科技,15.46,15.49,14.8,14.9,14.92,0.54,3.6193,5.6481,8164730,124619263.14,3710400000.0,2234867298.4
2013-11-25,'002369,卓翼科技,14.92,15.23,14.83,14.9,14.9,0.02,0.1342,3.731,5393449,80987677.79,3580800000.0,2156805956.8
2013-11-22,'002369,卓翼科技,14.9,15.06,14.78,14.95,15.1,-0.2,-1.3245,3.4085,4927304,73510453.17,3576000000.0,2153914796.0
2013-11-21,'002369,卓翼科技,15.1,15.17,14.71,15.16,15.0,0.1,0.6667,5.528,7991190,119650961.63,3624000000.0,2182826404.0
2013-11-20,'002369,卓翼科技,15.0,15.05,14.63,14.64,14.66,0.34,2.3192,6.062,8763088,130138846.4,3600000000.0,2168370600.0
2013-11-19,'002369,卓翼科技,14.66,14.75,14.45,14.6,14.69,-0.03,-0.2042,4.3633,6307445,92078539.34,3518400000.0,2119220866.4
2013-11-18,'002369,卓翼科技,14.69,14.8,14.2,14.4,14.27,0.42,2.9432,7.8252,11312021,165015859.8,3525600000.0,2123557607.6
2013-11-15,'002369,卓翼科技,14.27,14.49,14.0,14.0,14.17,0.1,0.7057,5.3485,7731672,110863059.89,3424800000.0,2062843230.8
2013-11-14,'002369,卓翼科技,14.17,14.18,13.6,13.68,13.66,0.51,3.7335,5.5495,8022308,112259858.19,3400800000.0,2048387426.8
2013-11-13,'002369,卓翼科技,13.66,14.22,13.62,13.64,13.81,-0.15,-1.0862,4.5077,6516268,91042744.71,3278400000.0,1974662826.4
2013-11-12,'002369,卓翼科技,13.81,14.1,13.7,13.8,13.8,0.01,0.0725,2.1929,3170009,44042825.02,3314400000.0,1996346532.4
2013-11-11,'002369,卓翼科技,13.8,13.86,13.33,13.51,13.39,0.41,3.062,1.8107,2617522,35821395.44,3312000000.0,1994900952.0
2013-11-08,'002369,卓翼科技,13.39,13.7,13.36,13.58,13.62,-0.23,-1.6887,1.7847,2579869,34807483.9,3213600000.0,1935632155.6
2013-11-07,'002369,卓翼科技,13.62,14.2,13.59,14.18,14.27,-0.65,-4.555,2.9204,4221698,58515085.61,3268800000.0,1968880504.8
2013-11-06,'002369,卓翼科技,14.27,14.45,14.11,14.28,14.29,-0.02,-0.14,3.524,5094261,72786370.2,3424800000.0,2062843230.8
2013-11-05,'002369,卓翼科技,14.29,14.37,13.92,14.2,14.2,0.09,0.6338,2.1921,3168906,44943478.18,3429600000.0,2065734391.6
2013-11-04,'002369,卓翼科技,14.2,14.59,13.7,13.7,13.64,0.56,4.1056,8.1141,11729630,167206636.72,3408000000.0,2052724168.0
2013-11-01,'002369,卓翼科技,13.64,13.79,13.15,13.55,13.52,0.12,0.8876,2.3068,3334628,44985008.24,3273600000.0,1971771665.6
2013-10-31,'002369,卓翼科技,13.52,13.88,13.5,13.85,13.97,-0.45,-3.2212,2.4101,3484044,47534552.5,3244800000.0,1954424700.8
2013-10-30,'002369,卓翼科技,13.97,14.05,13.52,13.62,13.56,0.41,3.0236,3.0911,4468385,61471753.54,3352800000.0,2019475818.8
2013-10-29,'002369,卓翼科技,13.56,14.07,13.0,13.92,13.85,-0.29,-2.0939,5.2616,7606082,103253817.66,3254400000.0,1960207022.4
2013-10-28,'002369,卓翼科技,13.85,14.52,13.62,14.37,14.39,-0.54,-3.7526,5.0167,7251997,101192379.64,3324000000.0,2002128854.0
2013-10-25,'002369,卓翼科技,14.39,14.93,14.27,14.9,14.81,-0.42,-2.8359,3.5061,5068354,73592444.1,3453600000.0,2080190195.6
2013-10-24,'002369,卓翼科技,14.81,15.05,14.66,14.7,14.75,0.06,0.4068,2.8753,4156409,61679708.09,3554400000.0,2140904572.4
2013-10-23,'002369,卓翼科技,14.75,15.35,14.56,15.2,15.17,-0.42,-2.7686,5.7948,8376846,124586563.94,3540000000.0,2132231090.0
2013-10-22,'002369,卓翼科技,15.17,15.52,15.1,15.5,15.5,-0.33,-2.129,4.8835,7059456,108056282.88,3640800000.0,2192945466.8
2013-10-21,'002369,卓翼科技,15.5,15.52,15.09,15.11,15.18,0.32,2.108,7.8321,11321905,173456062.73,3720000000.0,2240649620.0
2013-10-18,'002369,卓翼科技,15.18,15.87,15.02,15.75,15.73,-0.55,-3.4965,11.6254,16805385,256655524.92,3643200000.0,2194391047.2
2013-10-17,'002369,卓翼科技,15.73,16.2,15.67,16.04,15.98,-0.25,-1.5645,4.3614,6304826,100193187.64,3775200000.0,2273897969.2
2013-10-16,'002369,卓翼科技,15.98,16.13,15.51,15.78,15.86,0.12,0.7566,6.5227,9429129,150052845.35,3835200000.0,2310037479.2
2013-10-15,'002369,卓翼科技,15.86,16.37,15.71,16.26,16.28,-0.42,-2.5799,7.2235,10442156,167427430.54,3806400000.0,2292690514.4
2013-10-14,'002369,卓翼科技,16.28,16.42,15.99,16.22,16.14,0.14,0.8674,9.7544,14100807,228445695.97,3907200000.0,2353404891.2
2013-10-11,'002369,卓翼科技,16.14,16.4,15.84,16.2,16.45,-0.31,-1.8845,13.1699,19038215,306678861.92,3873600000.0,2333166765.6
2013-10-10,'002369,卓翼科技,16.45,17.3,16.05,17.29,17.23,-0.78,-4.527,9.8175,10264987,170810428.23,3948000000.0,1719979758.0
2013-10-09,'002369,卓翼科技,17.23,17.38,16.95,17.2,17.4,-0.17,-0.977,7.6759,8025719,137851691.56,4135200000.0,1801535029.2
2013-10-08,'002369,卓翼科技,17.4,17.45,16.8,16.96,16.96,0.44,2.5943,9.8773,10327539,177533549.62,4176000000.0,1819309896.0
2013-09-30,'002369,卓翼科技,16.96,17.1,16.6,16.89,16.71,0.25,1.4961,4.0731,4258805,72019042.94,4070400000.0,1773304358.4
2013-09-27,'002369,卓翼科技,16.71,16.91,16.48,16.48,16.44,0.27,1.6423,4.2554,4449409,74420665.8,4010400000.0,1747164848.4
2013-09-26,'002369,卓翼科技,16.44,17.17,16.42,16.86,17.2,-0.76,-4.4186,7.4686,7809056,131551426.93,3945600000.0,1718934177.6
2013-09-25,'002369,卓翼科技,17.2,17.64,16.94,17.59,17.55,-0.35,-1.9943,8.2388,8614288,147890167.67,4128000000.0,1798398288.0
2013-09-24,'002369,卓翼科技,17.55,17.75,17.36,17.58,17.69,-0.14,-0.7914,9.5371,9971818,174756542.65,4212000000.0,1834993602.0
2013-09-23,'002369,卓翼科技,17.69,17.98,17.03,17.17,17.16,0.53,3.0886,14.7352,15406786,271743110.6,4245600000.0,1849631727.6
2013-09-18,'002369,卓翼科技,17.16,17.3,16.72,17.2,17.28,-0.12,-0.6944,9.3914,9819512,167528143.88,4118400000.0,1794215966.4
2013-09-17,'002369,卓翼科技,17.28,17.49,16.79,17.0,17.15,0.13,0.758,18.2333,19064412,328442837.18,4147200000.0,1806762931.2
2013-09-16,'002369,卓翼科技,17.15,17.3,15.87,16.01,16.06,1.09,6.787,14.1766,14822729,250028949.74,4116000000.0,1793170386.0
2013-09-13,'002369,卓翼科技,16.06,16.11,15.69,15.93,15.89,0.17,1.0699,3.2733,3422465,54589219.8,3854400000.0,1679202122.4
2013-09-12,'002369,卓翼科技,15.89,16.25,15.65,15.88,15.93,-0.04,-0.2511,4.3496,4547819,72476945.89,3813600000.0,1661427255.6
2013-09-11,'002369,卓翼科技,15.93,16.89,15.7,16.89,16.98,-1.05,-6.1837,8.0519,8418885,136527661.15,3823200000.0,1665609577.2
2013-09-10,'002369,卓翼科技,16.98,17.08,16.17,16.31,16.31,0.67,4.1079,10.8741,11369784,190557190.69,4075200000.0,1775395519.2
2013-09-09,'002369,卓翼科技,16.31,16.66,16.25,16.61,16.6,-0.29,-1.747,4.4955,4700455,76989751.23,3914400000.0,1705341632.4
2013-09-06,'002369,卓翼科技,16.6,16.62,16.17,16.3,16.45,0.15,0.9119,5.965,6236890,102483614.44,3984000000.0,1735663464.0
2013-09-05,'002369,卓翼科技,16.45,16.48,16.06,16.38,16.41,0.04,0.2438,4.9525,5178192,84279104.0,3948000000.0,1719979758.0
2013-09-04,'002369,卓翼科技,16.41,16.65,15.7,15.7,15.85,0.56,3.5331,7.4809,7821870,127777207.6,3938400000.0,1715797436.4
2013-09-03,'002369,卓翼科技,15.85,15.94,15.5,15.69,15.69,0.16,1.0198,3.2906,3440637,54179897.96,3804000000.0,1657244934.0
2013-09-02,'002369,卓翼科技,15.69,15.86,15.29,15.3,15.36,0.33,2.1484,3.5799,3743117,58209990.8,3765600000.0,1640515647.6
2013-08-30,'002369,卓翼科技,15.36,16.33,15.35,16.28,16.31,-0.95,-5.8246,6.9258,7241448,113813424.28,3686400000.0,1606011494.4
2013-08-29,'002369,卓翼科技,16.31,16.44,16.05,16.14,16.1,0.21,1.3043,4.6541,4866211,79017063.27,3914400000.0,1705341632.4
2013-08-28,'002369,卓翼科技,16.1,16.62,16.08,16.62,16.79,-0.69,-4.1096,8.5363,8925362,145364692.58,3864000000.0,1683384444.0
2013-08-27,'002369,卓翼科技,16.79,17.0,16.6,16.91,16.99,-0.2,-1.1772,6.1261,6405332,107276795.46,4029600000.0,1755529491.6
2013-08-26,'002369,卓翼科技,16.99,17.16,16.77,16.97,16.97,0.02,0.1179,8.1684,8540758,145061378.68,4077600000.0,1776441099.6
2013-08-23,'002369,卓翼科技,16.97,17.16,16.2,16.59,16.38,0.59,3.602,12.4442,13011454,218157731.04,4072800000.0,1774349938.8
2013-08-22,'002369,卓翼科技,16.38,16.9,16.29,16.38,16.49,-0.11,-0.6671,7.8015,8157059,135368355.66,3931200000.0,1712660695.2
2013-08-21,'002369,卓翼科技,16.49,16.55,16.03,16.26,16.41,0.08,0.4875,7.6697,8019320,130759304.55,3957600000.0,1724162079.6
2013-08-20,'002369,卓翼科技,16.41,16.6,16.0,16.24,16.24,0.17,1.0468,9.22,9640278,157730078.51,3938400000.0,1715797436.4
2013-08-19,'002369,卓翼科技,16.24,16.33,14.96,14.96,15.18,1.06,6.9829,8.468,8853923,140039908.18,3897600000.0,1698022569.6
2013-08-16,'002369,卓翼科技,15.18,16.2,15.17,15.98,16.06,-0.88,-5.4795,7.5829,7928555,124718685.85,3643200000.0,1587191047.2
2013-08-15,'002369,卓翼科技,16.06,16.54,16.04,16.22,16.28,-0.22,-1.3514,6.1684,6449532,104849228.48,3854400000.0,1679202122.4
2013-08-14,'002369,卓翼科技,16.28,16.41,15.88,16.24,16.25,0.03,0.1846,7.7791,8133713,131501912.37,3907200000.0,1702204891.2
2013-08-13,'002369,卓翼科技,16.25,16.55,15.99,16.0,16.13,0.12,0.744,7.8508,8208627,133838067.64,3900000000.0,1699068150.0
2013-08-12,'002369,卓翼科技,16.13,16.75,15.83,16.6,16.38,-0.25,-1.5263,9.1794,9597776,155734481.8,3871200000.0,1686521185.2
2013-08-09,'002369,卓翼科技,16.38,16.94,16.01,16.35,16.76,-0.38,-2.2673,15.6352,16347882,268858924.91,3931200000.0,1712660695.2
2013-08-08,'002369,卓翼科技,16.76,17.3,15.77,15.84,15.77,0.99,6.2777,21.3662,22340066,375016945.95,4022400000.0,1752392750.4
2013-08-07,'002369,卓翼科技,15.77,16.95,15.65,16.1,15.55,0.22,1.4148,14.2923,14943711,242170371.75,3784800000.0,1648880290.8
2013-08-06,'002369,卓翼科技,15.55,15.56,15.07,15.18,15.18,0.37,2.4374,5.0538,5284203,81388941.26,3732000000.0,1625877522.0
2013-08-05,'002369,卓翼科技,15.18,15.19,14.86,14.92,14.88,0.3,2.0161,3.3917,3546307,53329920.05,3643200000.0,1587191047.2
2013-08-02,'002369,卓翼科技,14.88,15.08,14.7,14.8,14.65,0.23,1.57,3.8263,4000717,59499633.35,3571200000.0,1555823635.2
2013-08-01,'002369,卓翼科技,14.65,14.82,14.1,14.1,14.11,0.54,3.8271,3.524,3684637,53424109.5,3516000000.0,1531775286.0
2013-07-31,'002369,卓翼科技,14.11,14.39,14.04,14.15,14.11,0.0,0.0,3.1587,3302630,46885054.77,3386400000.0,1475313944.4
2013-07-30,'002369,卓翼科技,14.11,14.96,14.07,14.95,14.77,-0.66,-4.4685,4.8763,5098516,72832111.96,3386400000.0,1475313944.4
2013-07-29,'002369,卓翼科技,14.77,15.47,14.71,15.16,15.26,-0.49,-3.211,3.1892,3334569,50443368.63,3544800000.0,1544322250.8
2013-07-26,'002369,卓翼科技,15.26,15.49,14.93,15.04,15.21,0.05,0.3287,4.0392,4223263,64128670.04,3662400000.0,1595555690.4
2013-07-25,'002369,卓翼科技,15.21,16.38,15.2,16.3,16.41,-1.2,-7.3126,5.5865,5841177,91877462.17,3650400000.0,1590327788.4
2013-07-24,'002369,卓翼科技,16.41,16.45,15.88,16.12,16.26,0.15,0.9225,7.3041,7637054,123526278.66,3938400000.0,1715797436.4
2013-07-23,'002369,卓翼科技,16.26,16.36,15.52,15.6,15.6,0.66,4.2308,8.6763,9071746,145965402.66,3902400000.0,1700113730.4
2013-07-22,'002369,卓翼科技,15.6,15.63,14.88,15.03,15.2,0.4,2.6316,4.9254,5149926,78970660.66,3744000000.0,1631105424.0
2013-07-19,'002369,卓翼科技,15.2,16.28,15.1,15.9,15.97,-0.77,-4.8215,7.4601,7800098,123326417.28,3648000000.0,1589282208.0
2013-07-18,'002369,卓翼科技,15.97,16.16,15.65,16.11,16.2,-0.23,-1.4198,6.5476,6846052,109117513.99,3832800000.0,1669791898.8
2013-07-17,'002369,卓翼科技,16.2,16.2,15.22,15.51,15.5,0.7,4.5161,10.0952,10555384,167054069.7,3888000000.0,1693840248.0
2013-07-16,'002369,卓翼科技,15.5,16.07,15.24,16.0,15.79,-0.29,-1.8366,6.8117,7122222,111062595.01,3720000000.0,1620649620.0
2013-07-15,'002369,卓翼科技,15.79,15.91,15.2,15.38,15.26,0.53,3.4731,7.7345,8087081,126514247.37,3789600000.0,1650971451.6
2013-07-12,'002369,卓翼科技,15.26,15.72,14.98,15.38,15.38,-0.12,-0.7802,7.4166,7754641,119046239.82,3662400000.0,1595555690.4
2013-07-11,'002369,卓翼科技,15.38,15.44,14.93,15.15,15.22,0.16,1.0512,5.2414,5480349,83630318.99,3691200000.0,1608102655.2
2013-07-10,'002369,卓翼科技,15.22,15.36,14.82,15.01,15.16,0.06,0.3958,5.3319,5574891,83839358.22,3652800000.0,1591373368.8
2013-07-09,'002369,卓翼科技,15.16,15.25,14.38,14.5,14.38,0.78,5.4242,6.9423,7258775,107732476.59,3638400000.0,1585099886.4
2013-07-08,'002369,卓翼科技,14.38,14.68,13.87,14.49,14.5,-0.12,-0.8276,4.1286,4316810,61356962.77,3451200000.0,1503544615.2
2013-07-05,'002369,卓翼科技,14.5,15.15,14.5,15.01,15.15,-0.65,-4.2904,4.5847,4793704,70889387.22,3480000000.0,1516091580.0
2013-07-04,'002369,卓翼科技,15.15,15.64,14.89,15.1,14.97,0.18,1.2024,7.76,8113712,123838796.57,3636000000.0,1584054306.0
2013-07-03,'002369,卓翼科技,14.97,15.2,14.35,14.9,14.88,0.09,0.6048,5.6643,5922437,87638654.73,3592800000.0,1565233858.8
2013-07-02,'002369,卓翼科技,14.88,15.06,14.44,14.8,14.99,-0.11,-0.7338,6.6953,7000519,103116736.14,3571200000.0,1555823635.2
2013-07-01,'002369,卓翼科技,14.99,15.27,14.01,14.24,14.58,0.41,2.8121,8.9648,9373394,137467069.92,3597600000.0,1567325019.6
2013-06-28,'002369,卓翼科技,14.58,14.76,14.15,14.15,13.42,1.16,8.6438,7.8885,8248011,120669807.74,3499200000.0,1524456223.2
2013-06-27,'002369,卓翼科技,13.42,13.78,13.28,13.55,13.55,-0.13,-0.9594,2.2404,2342533,31684926.57,3220800000.0,1403168896.8
2013-06-26,'002369,卓翼科技,13.55,13.88,13.22,13.29,13.24,0.31,2.3414,4.2387,4431869,60152723.41,3252000000.0,1416761442.0
2013-06-25,'002369,卓翼科技,13.24,13.24,11.8,12.04,12.04,1.2,9.9668,4.4534,4656435,57714439.85,3177600000.0,1384348449.6
2013-06-24,'002369,卓翼科技,12.04,12.9,11.7,12.77,12.78,-0.74,-5.7903,2.0301,2122624,26283264.45,2889600000.0,1258878801.6
2013-06-21,'002369,卓翼科技,12.78,13.0,12.3,13.0,13.12,-0.34,-2.5915,2.0342,2126896,26890964.22,3067200000.0,1336251751.2
2013-06-20,'002369,卓翼科技,13.12,14.1,13.03,14.1,14.09,-0.97,-6.8843,2.1965,2296576,31039937.2,3148800000.0,1371801484.8
2013-06-19,'002369,卓翼科技,14.09,14.13,13.89,14.07,14.06,0.03,0.2134,1.0155,1061770,14864060.13,3381600000.0,1473222783.6
2013-06-18,'002369,卓翼科技,14.06,14.57,13.92,14.1,14.01,0.05,0.3569,1.2356,1291912,18198487.07,3374400000.0,1470086042.4
2013-06-17,'002369,卓翼科技,14.01,14.24,13.8,14.08,13.99,0.02,0.143,1.4064,1470555,20658477.47,3362400000.0,1464858140.4
2013-06-14,'002369,卓翼科技,13.99,14.19,13.73,13.73,13.73,0.26,1.8937,1.2912,1350080,18917049.84,3357600000.0,1462766979.6
2013-06-13,'002369,卓翼科技,13.73,14.48,13.6,14.45,14.68,-0.95,-6.4714,1.4021,1466032,20504842.71,3295200000.0,1435581889.2
2013-06-07,'002369,卓翼科技,14.68,14.68,13.9,14.32,14.32,0.36,2.514,2.1396,2237075,32016737.42,3523200000.0,1534912027.2
2013-06-06,'002369,卓翼科技,14.32,14.61,14.25,14.5,14.5,-0.18,-1.2414,1.2766,1334804,19201934.83,3436800000.0,1497271132.8
2013-06-05,'002369,卓翼科技,14.5,14.84,14.35,14.39,14.39,0.11,0.7644,1.56,1631121,23683500.86,3480000000.0,1516091580.0
2013-06-04,'002369,卓翼科技,14.39,14.96,14.2,14.96,14.96,-0.57,-3.8102,2.7093,2832777,40758030.92,3453600000.0,1504590195.6
2013-06-03,'002369,卓翼科技,14.96,15.54,14.89,15.26,15.25,-0.29,-1.9016,2.1463,2244151,34054971.42,3590400000.0,1564188278.4
2013-05-31,'002369,卓翼科技,15.25,15.87,15.22,15.86,15.85,-0.6,-3.7855,2.8094,2937436,45763002.48,3660000000.0,1594510110.0
2013-05-30,'002369,卓翼科技,15.85,15.91,15.2,15.37,15.35,0.5,3.2573,3.8043,3977720,62544215.9,3804000000.0,1657244934.0
2013-05-29,'002369,卓翼科技,15.35,15.48,15.08,15.45,15.52,-0.17,-1.0954,2.6343,2754339,42118562.36,3684000000.0,1604965914.0
2013-05-28,'002369,卓翼科技,15.52,15.89,15.22,15.67,15.67,-0.15,-0.9572,3.09,3230804,50120517.03,3724800000.0,1622740780.8
2013-05-27,'002369,卓翼科技,15.67,15.91,15.48,15.66,15.6,0.07,0.4487,3.3133,3464291,54071072.76,3760800000.0,1638424486.8
2013-05-24,'002369,卓翼科技,15.6,15.68,15.3,15.35,15.29,0.31,2.0275,2.4758,2588695,40262887.74,3744000000.0,1631105424.0
2013-05-23,'002369,卓翼科技,15.29,15.87,14.88,15.1,15.2,0.09,0.5921,3.4948,3654059,56286988.31,3669600000.0,1598692431.6
2013-05-22,'002369,卓翼科技,15.2,15.98,15.18,15.75,15.72,-0.52,-3.3079,4.0644,4249666,65923508.85,3648000000.0,1589282208.0
2013-05-21,'002369,卓翼科技,15.72,15.8,15.38,15.8,15.64,0.08,0.5115,4.1026,4289649,67249284.14,3772800000.0,1643652388.8
2013-05-20,'002369,卓翼科技,15.64,15.8,15.13,15.3,15.34,0.3,1.9557,5.3199,5562431,86388413.14,3753600000.0,1635287745.6
2013-05-17,'002369,卓翼科技,15.34,15.4,14.39,14.57,14.57,0.77,5.2848,4.8388,5059356,75995005.5,3681600000.0,1603920333.6
2013-05-16,'002369,卓翼科技,14.57,14.87,14.35,14.49,14.49,0.08,0.5521,3.1987,3344510,48924765.38,3496800000.0,1523410642.8
2013-05-15,'002369,卓翼科技,14.49,14.55,13.95,14.12,14.0,0.49,3.5,3.0956,3236692,46483692.76,3477600000.0,1515045999.6
2013-05-14,'002369,卓翼科技,14.15,14.35,13.85,14.35,14.28,-0.13,-0.9104,1.469,1535917,21620614.06,3396000000.0,1479496266.0
2013-05-13,'002369,卓翼科技,14.28,14.39,14.02,14.24,14.26,0.02,0.1403,2.0236,2115864,29978977.78,3427200000.0,1493088811.2
2013-05-10,'002369,卓翼科技,14.26,14.57,14.1,14.21,14.43,-0.17,-1.1781,1.7348,1813884,25964585.17,3422400000.0,1490997650.4
2013-05-09,'002369,卓翼科技,14.43,14.57,14.0,14.24,14.24,0.19,1.3343,2.6103,2729231,39146371.91,3463200000.0,1508772517.2
2013-05-08,'002369,卓翼科技,14.24,14.36,13.87,13.96,14.03,0.21,1.4968,2.9981,3134763,44501995.09,3417600000.0,1488906489.6
2013-05-07,'002369,卓翼科技,14.03,14.15,13.71,13.99,14.23,-0.2,-1.4055,2.876,3007097,41832555.09,3367200000.0,1466949301.2
2013-05-06,'002369,卓翼科技,14.23,14.41,13.15,13.63,13.2,1.03,7.803,7.0469,7368080,101560074.83,3415200000.0,1487860909.2
2013-05-03,'002369,卓翼科技,13.2,13.2,11.95,12.0,12.0,1.2,10.0,4.1635,4353298,54756969.05,3168000000.0,1380166128.0
2013-05-02,'002369,卓翼科技,12.0,12.95,11.8,12.95,12.95,-0.95,-7.3359,4.9192,5143441,62561997.23,2880000000.0,1254696480.0
2013-04-26,'002369,卓翼科技,12.95,14.36,12.95,14.35,14.39,-1.44,-10.0069,5.1279,5361610,72101501.66,3108000000.0,1354026618.0
2013-04-25,'002369,卓翼科技,14.39,14.8,14.35,14.69,14.56,-0.17,-1.1676,2.0636,2157711,31389138.53,3453600000.0,1504590195.6
2013-04-24,'002369,卓翼科技,14.56,14.65,14.18,14.18,14.18,0.38,2.6798,1.9479,2036694,29379573.12,3494400000.0,1522365062.4
2013-04-23,'002369,卓翼科技,14.18,14.8,14.16,14.73,14.73,-0.55,-3.7339,2.9621,3097071,44450391.27,3403200000.0,1482633007.2
2013-04-22,'002369,卓翼科技,14.73,14.86,14.54,14.8,15.02,-0.29,-1.9308,2.7408,2865738,42015999.15,3535200000.0,1540139929.2
2013-04-19,'002369,卓翼科技,15.02,15.06,14.5,14.51,14.53,0.49,3.3723,2.319,2424651,36019661.85,3604800000.0,1570461760.8
2013-04-18,'002369,卓翼科技,14.53,14.86,14.4,14.65,14.8,-0.27,-1.8243,1.0417,1089134,15914372.15,3487200000.0,1519228321.2
2013-04-17,'002369,卓翼科技,14.8,14.86,14.49,14.65,14.6,0.2,1.3699,0.6993,731180,10721491.93,3552000000.0,1547458992.0
2013-04-16,'002369,卓翼科技,14.6,14.67,14.09,14.09,14.31,0.29,2.0266,0.795,831252,12029924.78,3504000000.0,1526547384.0
2013-04-15,'002369,卓翼科技,14.31,14.75,14.2,14.75,14.75,-0.44,-2.9831,1.2671,1324837,19104753.26,3434400000.0,1496225552.4
2013-04-12,'002369,卓翼科技,14.75,15.24,14.5,15.2,15.17,-0.42,-2.7686,1.5798,1651842,24831705.79,3540000000.0,1542231090.0
2013-04-11,'002369,卓翼科技,15.17,15.27,14.94,14.94,14.93,0.24,1.6075,2.5403,2656124,40284995.64,3640800000.0,1586145466.8
2013-04-10,'002369,卓翼科技,14.93,15.26,14.88,15.26,15.28,-0.35,-2.2906,2.0606,2154570,32448417.94,3583200000.0,1561051537.2
2013-04-09,'002369,卓翼科技,15.28,15.34,14.98,15.16,15.19,0.09,0.5925,3.0644,3204025,48671108.82,3667200000.0,1597646851.2
2013-04-08,'002369,卓翼科技,15.19,15.19,14.4,14.7,14.84,0.35,2.3585,2.4025,2512010,37624418.06,3645600000.0,1588236627.6
2013-04-03,'002369,卓翼科技,14.84,14.99,14.45,14.86,14.85,-0.01,-0.0673,1.2446,1301298,19059899.14,3561600000.0,1551641313.6
2013-04-02,'002369,卓翼科技,14.85,15.4,14.81,14.96,14.95,-0.1,-0.6689,4.0357,4219604,63930850.75,3564000000.0,1552686894.0
2013-04-01,'002369,卓翼科技,14.95,15.09,14.63,14.82,14.85,0.1,0.6734,3.1797,3324656,49292480.07,3588000000.0,1563142698.0
2013-03-29,'002369,卓翼科技,14.85,14.9,14.02,14.02,14.0,0.85,6.0714,4.4976,4702575,68405014.7,3564000000.0,1552686894.0
2013-03-28,'002369,卓翼科技,14.0,14.46,13.95,14.46,14.5,-0.5,-3.4483,2.2866,2390871,33661880.08,3360000000.0,1463812560.0
2013-03-27,'002369,卓翼科技,14.5,14.78,14.29,14.75,14.7,-0.2,-1.3605,2.3582,2465707,35826304.76,3480000000.0,1516091580.0
2013-03-26,'002369,卓翼科技,14.7,14.77,14.43,14.5,14.55,0.15,1.0309,2.5363,2651902,38797729.54,3528000000.0,1537003188.0
2013-03-25,'002369,卓翼科技,14.55,14.9,14.4,14.81,14.8,-0.25,-1.6892,3.9441,4123854,60074312.62,3492000000.0,1521319482.0
2013-03-22,'002369,卓翼科技,14.8,15.35,14.7,15.35,15.37,-0.57,-3.7085,4.9542,5179964,77004010.7,3552000000.0,1547458992.0
2013-03-21,'002369,卓翼科技,15.37,15.45,15.0,15.0,15.05,0.32,2.1262,3.1669,3311271,50347889.46,3688800000.0,1607057074.8
2013-03-20,'002369,卓翼科技,15.05,15.12,14.5,14.72,14.73,0.32,2.1724,2.4273,2537976,37562582.83,3612000000.0,1573598502.0
2013-03-19,'002369,卓翼科技,14.73,15.26,14.66,14.83,14.83,-0.1,-0.6743,1.2099,1265039,18814576.77,3535200000.0,1540139929.2
2013-03-18,'002369,卓翼科技,14.83,15.38,14.68,15.2,15.24,-0.41,-2.6903,1.3279,1388429,20812437.51,3559200000.0,1550595733.2
2013-03-15,'002369,卓翼科技,15.24,15.59,14.62,15.59,15.65,-0.41,-2.6198,4.1591,3012368,45419835.59,3657600000.0,1103796014.4
2013-03-14,'002369,卓翼科技,15.65,16.06,15.58,15.9,15.97,-0.32,-2.0038,1.9942,1444368,22814081.36,3756000000.0,1133491314.0
2013-03-13,'002369,卓翼科技,15.97,16.1,15.2,15.4,15.6,0.37,2.3718,1.9135,1385916,21791305.63,3832800000.0,1156668133.2
2013-03-12,'002369,卓翼科技,15.6,16.59,15.39,16.38,16.39,-0.79,-4.82,2.6393,1911562,30302618.01,3744000000.0,1129869936.0
2013-03-11,'002369,卓翼科技,16.39,17.09,16.2,16.99,17.07,-0.68,-3.9836,2.575,1865021,31026883.22,3933600000.0,1187087708.4
2013-03-08,'002369,卓翼科技,17.07,17.17,16.58,17.1,17.05,0.02,0.1173,3.1793,2302716,38852300.91,4096800000.0,1236338449.2
2013-03-07,'002369,卓翼科技,17.05,17.25,16.55,16.83,16.99,0.06,0.3531,5.7432,4159663,70488293.74,4092000000.0,1234889898.0
2013-03-06,'002369,卓翼科技,16.99,17.05,15.71,15.76,15.76,1.23,7.8046,8.0986,5865608,97481848.16,4077600000.0,1230544244.4
2013-03-05,'002369,卓翼科技,15.76,15.85,15.03,15.09,15.0,0.76,5.0667,4.7856,3466075,53670772.91,3782400000.0,1141458345.6
2013-03-04,'002369,卓翼科技,15.0,15.59,14.97,15.59,15.65,-0.65,-4.1534,2.7268,1974942,29873040.91,3600000000.0,1086413400.0
2013-03-01,'002369,卓翼科技,15.65,15.9,15.41,15.83,15.9,-0.25,-1.5723,4.5941,3327414,51767983.63,3756000000.0,1133491314.0
2013-02-28,'002369,卓翼科技,15.9,16.1,15.35,15.42,16.15,-0.25,-1.548,6.7695,4902971,77369241.57,3816000000.0,1151598204.0
2013-02-27,'002369,卓翼科技,16.15,16.35,14.7,15.9,15.87,0.28,1.7643,7.262,5259714,81423572.02,3876000000.0,1169705094.0
2013-02-26,'002369,卓翼科技,15.87,16.22,15.31,15.36,15.38,0.49,3.186,3.7613,2724234,43343185.55,3808800000.0,1149425377.2
2013-02-25,'002369,卓翼科技,15.38,15.67,15.27,15.56,15.56,-0.18,-1.1568,1.5296,1107828,17132491.96,3691200000.0,1113935872.8
2013-02-22,'002369,卓翼科技,15.56,16.18,15.55,15.7,15.67,-0.11,-0.702,3.1914,2311475,36724979.92,3734400000.0,1126972833.6
2013-02-21,'002369,卓翼科技,15.67,15.68,15.13,15.27,15.27,0.4,2.6195,3.7516,2717173,42105107.93,3760800000.0,1134939865.2
2013-02-20,'002369,卓翼科技,15.27,15.35,15.0,15.18,15.19,0.08,0.5267,3.2256,2336206,35528146.45,3664800000.0,1105968841.2
2013-02-19,'002369,卓翼科技,15.19,15.43,14.93,15.39,15.47,-0.28,-1.81,2.2579,1635343,24671314.62,3645600000.0,1100174636.4
2013-02-18,'002369,卓翼科技,15.47,15.56,15.31,15.31,15.27,0.2,1.3098,1.7085,1237446,19128262.91,3712800000.0,1120454353.2
2013-02-08,'002369,卓翼科技,15.27,15.34,15.02,15.2,15.14,0.13,0.8587,2.3485,1700984,25859841.4,3664800000.0,1105968841.2
2013-02-07,'002369,卓翼科技,15.14,15.56,14.96,15.2,15.15,-0.01,-0.066,1.6747,1212958,18415027.42,3633600000.0,1096553258.4
2013-02-06,'002369,卓翼科技,15.15,15.3,14.82,14.82,14.86,0.29,1.9515,2.0203,1463227,22079242.92,3636000000.0,1097277534.0
2013-02-05,'002369,卓翼科技,14.86,14.88,14.6,14.67,14.67,0.19,1.2952,1.087,787301,11623200.68,3566400000.0,1076273541.6
2013-02-04,'002369,卓翼科技,14.67,14.95,14.58,14.85,14.74,-0.07,-0.4749,1.574,1140036,16819619.52,3520800000.0,1062512305.2
2013-02-01,'002369,卓翼科技,14.74,14.74,14.33,14.33,14.35,0.39,2.7178,1.7222,1247341,18171702.38,3537600000.0,1067582234.4
2013-01-31,'002369,卓翼科技,14.35,15.26,14.35,15.03,15.16,-0.81,-5.343,3.4062,2467053,36263441.19,3444000000.0,1039335486.0
2013-01-30,'002369,卓翼科技,15.16,15.67,15.12,15.67,15.63,-0.47,-3.007,2.0934,1516188,23174614.39,3638400000.0,1098001809.6
2013-01-29,'002369,卓翼科技,15.63,15.7,15.02,15.16,15.08,0.55,3.6472,2.5636,1856726,28404615.49,3751200000.0,1132042762.8
2013-01-28,'002369,卓翼科技,15.08,15.4,14.93,15.4,15.07,0.01,0.0664,2.6544,1922502,28992163.62,3619200000.0,1092207604.8
2013-01-25,'002369,卓翼科技,15.07,15.5,15.06,15.5,15.57,-0.5,-3.2113,1.3331,965500,14717308.26,3616800000.0,1091483329.2
2013-01-24,'002369,卓翼科技,15.57,15.9,15.38,15.66,15.7,-0.13,-0.828,1.0531,762713,11931242.98,3736800000.0,1127697109.2
2013-01-23,'002369,卓翼科技,15.7,15.79,15.5,15.79,15.82,-0.12,-0.7585,1.0042,727352,11388819.99,3768000000.0,1137112692.0
2013-01-22,'002369,卓翼科技,15.82,16.63,15.25,16.45,16.55,-0.73,-4.4109,2.9491,2135991,34033650.86,3796800000.0,1145803999.2
2013-01-21,'002369,卓翼科技,16.55,16.72,16.38,16.72,16.55,0.0,0.0,0.9408,681400,11239357.68,3972000000.0,1198676118.0
2013-01-18,'002369,卓翼科技,16.55,16.85,16.23,16.63,16.64,-0.09,-0.5409,1.2627,914549,15114923.4,3972000000.0,1198676118.0
2013-01-17,'002369,卓翼科技,16.64,17.08,16.58,17.08,17.09,-0.45,-2.6331,0.7945,575407,9663042.98,3993600000.0,1205194598.4
2013-01-16,'002369,卓翼科技,17.09,17.36,16.77,17.02,17.0,0.09,0.5294,1.7291,1252329,21482119.05,4101600000.0,1237787000.4
2013-01-15,'002369,卓翼科技,17.0,17.21,16.65,16.77,16.69,0.31,1.8574,2.0461,1481907,25154910.36,4080000000.0,1231268520.0
2013-01-14,'002369,卓翼科技,16.69,16.77,16.01,16.2,16.25,0.44,2.7077,0.7905,572534,9442945.12,4005600000.0,1208815976.4
2013-01-11,'002369,卓翼科技,16.25,16.89,16.11,16.65,16.7,-0.45,-2.6946,1.0721,776507,12665314.56,3900000000.0,1176947850.0
2013-01-10,'002369,卓翼科技,16.7,16.78,16.34,16.53,16.53,0.17,1.0284,0.9589,694522,11524790.17,4008000000.0,1209540252.0
2013-01-09,'002369,卓翼科技,16.53,16.86,16.41,16.69,16.87,-0.34,-2.0154,0.7362,533246,8837900.84,3967200000.0,1197227566.8
2013-01-08,'002369,卓翼科技,16.87,16.95,16.1,16.45,16.45,0.42,2.5532,1.8182,1316902,21767555.94,4048800000.0,1221852937.2
2013-01-07,'002369,卓翼科技,16.45,16.46,16.09,16.44,16.44,0.01,0.0608,0.6236,451656,7347398.57,3948000000.0,1191433362.0
2013-01-04,'002369,卓翼科技,16.44,17.0,16.35,17.0,16.83,-0.39,-2.3173,1.0664,772335,12785993.52,3945600000.0,1190709086.4
2012-12-31,'002369,卓翼科技,16.83,16.86,16.5,16.81,16.91,-0.08,-0.4731,1.0788,781318,12994761.78,4039200000.0,1218955834.8
2012-12-28,'002369,卓翼科技,16.91,16.96,16.72,16.87,16.88,0.03,0.1777,0.3185,230685,3885194.62,4058400000.0,1224750039.6
2012-12-27,'002369,卓翼科技,16.88,17.35,16.66,17.25,17.16,-0.28,-1.6317,1.3042,944622,15909411.22,4051200000.0,1222577212.8
2012-12-26,'002369,卓翼科技,17.16,17.23,16.87,17.15,17.15,0.01,0.0583,0.7118,515540,8808907.99,4118400000.0,1242856929.6
2012-12-25,'002369,卓翼科技,17.15,17.35,16.31,16.31,16.47,0.68,4.1287,1.8873,1366918,23179313.1,4116000000.0,1242132654.0
2012-12-24,'002369,卓翼科技,16.47,16.78,15.72,15.8,15.94,0.53,3.325,1.3912,1007604,16488900.69,3952800000.0,1192881913.2
2012-12-21,'002369,卓翼科技,15.94,15.95,15.47,15.62,15.86,0.08,0.5044,0.8196,593610,9389370.08,3825600000.0,1154495306.4
2012-12-20,'002369,卓翼科技,15.86,15.99,15.0,15.85,15.85,0.01,0.0631,1.9359,1402102,21631422.21,3806400000.0,1148701101.6
2012-12-19,'002369,卓翼科技,15.85,16.0,15.51,15.6,15.45,0.4,2.589,1.1399,825588,13019451.2,3804000000.0,1147976826.0
2012-12-18,'002369,卓翼科技,15.45,15.71,15.3,15.49,15.6,-0.15,-0.9615,1.2614,913595,14196933.77,3708000000.0,1119005802.0
2012-12-17,'002369,卓翼科技,15.6,16.34,15.55,16.34,16.34,-0.74,-4.5288,1.8295,1325074,20828638.4,3744000000.0,1129869936.0
2012-12-14,'002369,卓翼科技,16.34,16.34,15.11,15.15,15.32,1.02,6.658,1.2972,939517,14955656.89,3921600000.0,1183466330.4
2012-12-13,'002369,卓翼科技,15.32,15.46,14.88,14.9,15.01,0.31,2.0653,0.5237,379288,5724200.98,3676800000.0,1109590219.2
2012-12-12,'002369,卓翼科技,15.01,15.11,14.9,15.08,14.9,0.11,0.7383,0.7159,518500,7781056.0,3602400000.0,1087137675.6
2012-12-11,'002369,卓翼科技,14.9,15.15,14.83,15.07,15.2,-0.3,-1.9737,0.1819,131754,1972735.42,3576000000.0,1079170644.0
2012-12-10,'002369,卓翼科技,15.2,15.29,15.03,15.14,15.14,0.06,0.3963,0.3044,220474,3343332.47,3648000000.0,1100898912.0
2012-12-07,'002369,卓翼科技,15.14,15.18,14.68,14.68,14.65,0.49,3.3447,0.7027,508933,7657264.41,3633600000.0,1096553258.4
2012-12-06,'002369,卓翼科技,14.65,15.0,14.6,14.9,14.86,-0.21,-1.4132,0.2613,189286,2798802.9,3516000000.0,1061063754.0
2012-12-05,'002369,卓翼科技,14.86,14.97,13.9,13.93,13.93,0.93,6.6762,0.512,370803,5406549.8,3566400000.0,1076273541.6
2012-12-04,'002369,卓翼科技,13.93,13.93,13.5,13.51,13.59,0.34,2.5018,0.2132,154441,2112899.26,3343200000.0,1008915910.8
2012-12-03,'002369,卓翼科技,13.59,14.72,13.4,14.62,14.62,-1.03,-7.0451,1.2727,921800,12889519.52,3261600000.0,984290540.4
2012-11-30,'002369,卓翼科技,14.62,14.79,14.51,14.51,14.58,0.04,0.2743,0.4592,332622,4876931.82,3508800000.0,1058890927.2
2012-11-29,'002369,卓翼科技,14.58,14.81,14.41,14.63,14.59,-0.01,-0.0685,1.0117,732727,10712546.43,3499200000.0,1055993824.8
2012-11-28,'002369,卓翼科技,14.59,14.7,14.5,14.51,14.61,-0.02,-0.1369,0.3108,225132,3282299.72,3501600000.0,1056718100.4
2012-11-27,'002369,卓翼科技,14.61,15.18,14.5,15.18,15.1,-0.49,-3.245,1.2256,887699,13020598.96,3506400000.0,1058166651.6
2012-11-26,'002369,卓翼科技,15.1,15.73,15.06,15.73,15.65,-0.55,-3.5144,0.6275,454477,6986094.32,3624000000.0,1093656156.0
2012-11-23,'002369,卓翼科技,15.65,16.26,15.6,16.14,16.09,-0.44,-2.7346,0.9808,710396,11203030.36,3756000000.0,1133491314.0
2012-11-22,'002369,卓翼科技,16.09,16.29,15.79,16.17,16.28,-0.19,-1.1671,0.5853,423918,6805991.92,3861600000.0,1165359440.4
2012-11-21,'002369,卓翼科技,16.28,16.28,15.7,15.79,15.9,0.38,2.3899,0.6807,493037,7880221.89,3907200000.0,1179120676.8
2012-11-20,'002369,卓翼科技,15.9,15.93,15.55,15.78,15.68,0.22,1.4031,1.1905,862267,13524904.41,3816000000.0,1151598204.0
2012-11-19,'002369,卓翼科技,15.68,16.06,15.52,16.06,16.05,-0.37,-2.3053,0.8062,583909,9178301.48,3763200000.0,1135664140.8
2012-11-16,'002369,卓翼科技,16.05,16.64,16.02,16.39,16.49,-0.44,-2.6683,0.4564,330590,5362821.6,3852000000.0,1162462338.0
2012-11-15,'002369,卓翼科技,16.49,16.6,16.1,16.27,16.43,0.06,0.3652,0.6026,436443,7114775.97,3957600000.0,1194330464.4
2012-11-14,'002369,卓翼科技,16.43,16.69,16.3,16.69,16.5,-0.07,-0.4242,0.3303,239200,3918437.0,3943200000.0,1189984810.8
2012-11-13,'002369,卓翼科技,16.5,16.71,16.33,16.7,16.8,-0.3,-1.7857,0.5523,400004,6608375.94,3960000000.0,1195054740.0
2012-11-12,'002369,卓翼科技,16.8,16.97,16.46,16.89,16.81,-0.01,-0.0595,0.4702,340566,5674904.17,4032000000.0,1216783008.0
2012-11-09,'002369,卓翼科技,16.81,16.94,16.26,16.47,16.45,0.36,2.1884,1.0649,771299,12826651.86,4034400000.0,1217507283.6
2012-11-08,'002369,卓翼科技,16.45,16.87,16.41,16.59,16.79,-0.34,-2.025,0.5894,426878,7084017.92,3948000000.0,1191433362.0
2012-11-07,'002369,卓翼科技,16.79,17.22,16.79,17.2,17.2,-0.41,-2.3837,1.7243,1248867,21127302.73,4029600000.0,1216058732.4
2012-11-06,'002369,卓翼科技,17.2,17.5,16.72,17.48,17.44,-0.24,-1.3761,2.3024,1667553,28690961.14,4128000000.0,1245754032.0
2012-11-05,'002369,卓翼科技,17.44,17.48,16.2,16.49,16.53,0.91,5.5051,3.7004,2680145,45561571.03,4185600000.0,1263136646.4
2012-11-02,'002369,卓翼科技,16.53,17.49,16.21,16.8,16.89,-0.36,-2.1314,5.1877,3757339,62394119.35,3967200000.0,1197227566.8
2012-11-01,'002369,卓翼科技,16.89,17.11,16.75,16.78,16.93,-0.04,-0.2363,1.7255,1249741,21202956.48,4053600000.0,1223301488.4
2012-10-31,'002369,卓翼科技,16.93,17.12,16.65,16.99,17.1,-0.17,-0.9942,1.5819,1145707,19361611.52,4063200000.0,1226198590.8
2012-10-30,'002369,卓翼科技,17.1,17.35,16.48,16.72,16.49,0.61,3.6992,3.3734,2443286,41856894.87,4104000000.0,1238511276.0
2012-10-29,'002369,卓翼科技,16.49,16.6,15.25,15.33,15.36,1.13,7.3568,2.0955,1517731,24450187.68,3957600000.0,1194330464.4
2012-10-26,'002369,卓翼科技,15.36,15.86,15.32,15.6,15.68,-0.32,-2.0408,2.7021,1957053,30167239.94,3686400000.0,1112487321.6
2012-10-25,'002369,卓翼科技,15.68,16.59,15.6,16.49,16.49,-0.81,-4.9121,2.6525,1921162,30939400.23,3763200000.0,1135664140.8
2012-10-24,'002369,卓翼科技,16.49,16.76,16.2,16.3,16.36,0.13,0.7946,2.0868,1511441,25051612.89,3957600000.0,1194330464.4
2012-10-23,'002369,卓翼科技,16.36,16.78,16.02,16.1,16.1,0.26,1.6149,2.158,1562965,25797947.57,3926400000.0,1184914881.6
2012-10-22,'002369,卓翼科技,16.1,16.48,15.98,16.0,16.1,0.0,0.0,1.5911,1152398,18654531.49,3864000000.0,1166083716.0
2012-10-19,'002369,卓翼科技,16.1,16.55,15.99,16.05,16.17,-0.07,-0.4329,2.3491,1701373,27701734.02,3864000000.0,1166083716.0
2012-10-18,'002369,卓翼科技,16.17,16.3,15.85,15.99,15.52,0.65,4.1881,2.5083,1816690,29226427.49,3880800000.0,1171153645.2
2012-10-17,'002369,卓翼科技,15.52,15.62,15.24,15.24,15.24,0.28,1.8373,1.3326,965171,14889559.53,3724800000.0,1124075731.2
2012-10-16,'002369,卓翼科技,15.24,15.3,14.84,15.23,15.26,-0.02,-0.1311,0.5495,397983,6024874.23,3657600000.0,1103796014.4
2012-10-15,'002369,卓翼科技,15.26,16.0,14.96,15.3,15.31,-0.05,-0.3266,1.2964,938938,14600692.86,3662400000.0,1105244565.6
2012-10-12,'002369,卓翼科技,15.31,15.39,14.94,15.32,15.3,0.01,0.0654,1.0654,771671,11709542.7,3674400000.0,1108865943.6
2012-10-11,'002369,卓翼科技,15.3,15.7,15.01,15.7,15.7,-0.4,-2.5478,1.8532,1342245,20491904.11,3672000000.0,1108141668.0
2012-10-10,'002369,卓翼科技,15.7,15.9,15.19,15.35,15.13,0.57,3.7673,2.4482,1773175,27760336.12,3768000000.0,1137112692.0
2012-10-09,'002369,卓翼科技,15.13,15.32,14.98,14.98,15.0,0.13,0.8667,2.1794,1578458,23870929.39,3631200000.0,1095828982.8
2012-10-08,'002369,卓翼科技,15.0,15.22,14.91,15.05,15.11,-0.11,-0.728,1.7825,1291052,19409236.45,3600000000.0,1086413400.0
2012-09-28,'002369,卓翼科技,15.11,15.24,14.02,14.25,14.28,0.83,5.8123,3.644,2639290,39268541.46,3022000000.0,1094380431.6
2012-09-27,'002369,卓翼科技,14.28,14.3,13.66,13.66,13.79,0.49,3.5533,1.5582,1128554,15835028.24,2856000000.0,1034265556.8
2012-09-26,'002369,卓翼科技,13.79,14.01,13.65,13.99,14.04,-0.25,-1.7806,2.0331,1472505,20395356.17,2758000000.0,998776052.4
2012-09-25,'002369,卓翼科技,14.04,14.36,13.7,14.18,14.19,-0.15,-1.0571,1.0037,726987,10171329.62,2808000000.0,1016882942.4
2012-09-24,'002369,卓翼科技,14.19,14.21,13.6,13.61,13.65,0.54,3.956,3.3693,2440270,33882134.93,2838000000.0,1027747076.4
2012-09-21,'002369,卓翼科技,13.65,14.57,13.62,14.35,14.4,-0.75,-5.2083,1.6408,1188362,16777270.53,2730000000.0,988636194.0
2012-09-20,'002369,卓翼科技,14.4,14.97,14.4,14.69,14.74,-0.34,-2.3066,2.5418,1840937,27146034.09,2880000000.0,1042956864.0
2012-09-19,'002369,卓翼科技,14.74,14.78,14.57,14.66,14.63,0.11,0.7519,2.0333,1472662,21604066.51,2948000000.0,1067582234.4
2012-09-18,'002369,卓翼科技,14.63,14.74,14.23,14.28,14.28,0.35,2.451,2.3141,1676076,24375575.14,2926000000.0,1059615202.8
2012-09-17,'002369,卓翼科技,14.28,14.65,14.22,14.45,14.5,-0.22,-1.5172,1.752,1268947,18347768.57,2856000000.0,1034265556.8
2012-09-14,'002369,卓翼科技,14.5,14.66,14.31,14.6,14.52,-0.02,-0.1377,2.393,1733201,25127771.1,2900000000.0,1050199620.0
2012-09-13,'002369,卓翼科技,14.52,15.1,14.4,15.05,15.09,-0.57,-3.7773,4.8097,3483565,51051476.4,2904000000.0,1051648171.2
2012-09-12,'002369,卓翼科技,15.09,15.25,14.81,15.02,14.97,0.12,0.8016,3.6168,2619547,39305802.41,3018000000.0,1092931880.4
2012-09-11,'002369,卓翼科技,14.97,15.65,14.77,15.65,15.59,-0.62,-3.9769,4.6692,3381814,51378315.27,2994000000.0,1084240573.2
2012-09-10,'002369,卓翼科技,15.59,15.89,15.4,15.89,15.9,-0.31,-1.9497,2.7223,1971682,30827846.56,3118000000.0,1129145660.4
2012-09-07,'002369,卓翼科技,15.9,16.3,15.45,15.55,15.62,0.28,1.7926,5.7985,4199716,66557980.13,3180000000.0,1151598204.0
2012-09-06,'002369,卓翼科技,15.62,15.82,15.37,15.52,15.52,0.1,0.6443,4.7401,3433172,53567603.98,3124000000.0,1131318487.2
2012-09-05,'002369,卓翼科技,15.52,15.67,14.63,14.82,14.51,1.01,6.9607,6.5515,4745066,72472171.79,3104000000.0,1124075731.2
2012-09-04,'002369,卓翼科技,14.51,14.95,14.35,14.67,14.54,-0.03,-0.2063,1.9641,1422562,20862081.34,2902000000.0,1050923895.6
2012-09-03,'002369,卓翼科技,14.54,14.71,13.96,14.06,13.96,0.58,4.1547,2.0027,1450510,20939886.15,2908000000.0,1053096722.4
2012-08-31,'002369,卓翼科技,13.96,14.14,13.69,13.86,14.17,-0.21,-1.482,1.0263,743311,10338915.05,2792000000.0,1011088737.6
2012-08-30,'002369,卓翼科技,14.17,15.04,13.6,14.82,14.76,-0.59,-3.9973,2.3467,1699651,24503737.97,2834000000.0,1026298525.2
2012-08-29,'002369,卓翼科技,14.76,14.95,14.3,14.4,14.4,0.36,2.5,1.747,1265331,18653998.89,2952000000.0,1069030785.6
2012-08-28,'002369,卓翼科技,14.4,14.66,14.38,14.55,14.57,-0.17,-1.1668,1.0195,738400,10693866.42,2880000000.0,1042956864.0
2012-08-27,'002369,卓翼科技,14.57,14.57,14.1,14.2,14.4,0.17,1.1806,1.1555,836884,12031661.65,2914000000.0,1055269549.2
2012-08-24,'002369,卓翼科技,14.4,14.72,14.05,14.58,14.57,-0.17,-1.1668,1.7234,1248245,17922940.8,2880000000.0,1042956864.0
2012-08-23,'002369,卓翼科技,14.57,14.84,14.35,14.35,14.42,0.15,1.0402,1.741,1260950,18503925.61,2914000000.0,1055269549.2
2012-08-22,'002369,卓翼科技,14.42,14.97,14.33,14.65,14.65,-0.23,-1.57,1.8525,1341698,19728258.11,2884000000.0,1044405415.2
2012-08-21,'002369,卓翼科技,14.65,14.79,14.16,14.24,14.3,0.35,2.4476,2.9671,2148969,31328538.95,2930000000.0,1061063754.0
2012-08-20,'002369,卓翼科技,14.3,14.3,13.31,13.31,13.49,0.81,6.0044,2.5949,1879448,26150847.17,2860000000.0,1035714108.0
2012-08-17,'002369,卓翼科技,13.49,13.58,13.13,13.22,13.21,0.28,2.1196,1.644,1190727,16011478.83,2698000000.0,977047784.4
2012-08-16,'002369,卓翼科技,13.21,13.62,13.07,13.25,13.48,-0.27,-2.003,2.3202,1680451,22380002.15,2642000000.0,956768067.6
2012-08-15,'002369,卓翼科技,13.48,14.18,13.3,13.86,13.75,-0.27,-1.9636,3.0731,2225789,30271894.21,2696000000.0,976323508.8
2012-08-14,'002369,卓翼科技,13.75,14.5,13.2,14.33,14.31,-0.56,-3.9133,3.4871,2525589,34214756.29,2750000000.0,995878950.0
2012-08-13,'002369,卓翼科技,14.31,15.15,14.31,14.87,15.0,-0.69,-4.6,1.8189,1317401,19514114.79,2862000000.0,1036438383.6
2012-08-10,'002369,卓翼科技,15.0,15.3,14.66,14.71,14.8,0.2,1.3514,2.1234,1537904,22946254.36,3000000000.0,1086413400.0
2012-08-09,'002369,卓翼科技,14.8,15.01,14.55,14.69,14.74,0.06,0.4071,1.8049,1307244,19365691.01,2960000000.0,1071927888.0
2012-08-08,'002369,卓翼科技,14.74,14.95,14.63,14.82,14.88,-0.14,-0.9409,1.5619,1131274,16729208.49,2948000000.0,1067582234.4
2012-08-07,'002369,卓翼科技,14.88,15.1,14.2,14.2,14.35,0.53,3.6934,4.112,2978230,44275081.17,2976000000.0,1077722092.8
2012-08-06,'002369,卓翼科技,14.35,14.56,13.81,14.12,14.14,0.21,1.4851,3.7685,2729404,39010108.31,2870000000.0,1039335486.0
2012-08-03,'002369,卓翼科技,14.14,14.18,13.34,13.48,13.59,0.55,4.0471,3.1953,2314272,32118998.55,2828000000.0,1024125698.4
2012-08-02,'002369,卓翼科技,13.59,13.94,13.07,13.07,13.24,0.35,2.6435,6.303,4565073,62215646.18,2718000000.0,984290540.4
2012-08-01,'002369,卓翼科技,13.24,13.29,12.25,12.25,12.47,0.77,6.1748,4.1684,3019057,39402008.83,2648000000.0,958940894.4
2012-07-31,'002369,卓翼科技,12.47,12.78,12.11,12.29,12.35,0.12,0.9717,1.5893,1151081,14315327.71,2494000000.0,903171673.2
2012-07-30,'002369,卓翼科技,12.35,12.89,12.34,12.87,13.04,-0.69,-5.2914,1.782,1290657,16356817.04,2470000000.0,894480366.0
2012-07-27,'002369,卓翼科技,13.04,13.15,12.18,12.75,12.69,0.35,2.7581,3.293,2385069,30074041.83,2608000000.0,944455382.4
2012-07-26,'002369,卓翼科技,12.69,13.2,12.61,13.19,13.23,-0.54,-4.0816,2.993,2167758,27849033.09,2538000000.0,919105736.4
2012-07-25,'002369,卓翼科技,13.23,13.74,13.2,13.53,13.51,-0.28,-2.0725,3.8175,2764888,37020057.5,2646000000.0,958216618.8
2012-07-24,'002369,卓翼科技,13.51,13.62,12.65,12.66,13.15,0.36,2.7376,5.9236,4290283,56292314.48,2702000000.0,978496335.6
2012-07-23,'002369,卓翼科技,13.15,13.25,12.65,12.8,12.53,0.62,4.9481,8.0192,5808142,75562381.33,2630000000.0,952422414.0
2012-07-20,'002369,卓翼科技,12.53,12.53,12.53,12.53,11.39,1.14,10.0088,1.1968,866837,10861467.61,2506000000.0,907517326.8
2012-07-19,'002369,卓翼科技,0.0,0.0,0.0,0.0,11.39,None,None,0.0,0,0.0,2278000000.0,824949908.4
2012-07-18,'002369,卓翼科技,0.0,0.0,0.0,0.0,11.39,None,None,0.0,0,0.0,2278000000.0,824949908.4
2012-07-17,'002369,卓翼科技,0.0,0.0,0.0,0.0,11.39,None,None,0.0,0,0.0,2278000000.0,824949908.4
2012-07-16,'002369,卓翼科技,0.0,0.0,0.0,0.0,11.39,None,None,0.0,0,0.0,2278000000.0,824949908.4
2012-07-13,'002369,卓翼科技,11.39,11.55,11.28,11.4,11.38,0.01,0.0879,2.3775,1721955,19717343.81,2278000000.0,824949908.4
2012-07-12,'002369,卓翼科技,11.38,11.39,11.08,11.08,11.16,0.22,1.9713,2.5491,1846276,20846724.35,2276000000.0,824225632.8
2012-07-11,'002369,卓翼科技,11.16,11.2,10.99,11.06,11.1,0.06,0.5405,1.4674,1062819,11809623.25,2232000000.0,808291569.6
2012-07-10,'002369,卓翼科技,11.1,11.59,11.0,11.52,11.5,-0.4,-3.4783,2.3071,1671006,18815631.57,2220000000.0,803945916.0
2012-07-09,'002369,卓翼科技,11.5,11.97,11.5,11.86,12.01,-0.51,-4.2465,2.0734,1501697,17554504.06,2300000000.0,832916940.0
2012-07-06,'002369,卓翼科技,12.01,12.2,11.52,12.12,12.01,0.0,0.0,2.9992,2172270,25698506.24,2402000000.0,869854995.6
2012-07-05,'002369,卓翼科技,12.01,12.81,12.01,12.69,12.88,-0.87,-6.7547,1.5672,1135111,14102706.65,2402000000.0,869854995.6
2012-07-04,'002369,卓翼科技,12.88,13.2,12.79,13.02,13.08,-0.2,-1.5291,1.3262,960533,12408273.82,2576000000.0,932866972.8
2012-07-03,'002369,卓翼科技,13.08,13.2,12.81,12.95,12.94,0.14,1.0819,1.7223,1247431,16296320.0,2616000000.0,947352484.8
2012-07-02,'002369,卓翼科技,12.94,12.94,12.63,12.69,12.68,0.26,2.0505,1.6263,1177902,15083663.71,2588000000.0,937212626.4
2012-06-29,'002369,卓翼科技,12.68,12.77,12.41,12.45,12.6,0.08,0.6349,2.218,1606451,20259231.53,2536000000.0,918381460.8
2012-06-28,'002369,卓翼科技,12.6,13.17,12.6,12.93,12.88,-0.28,-2.1739,1.4654,1061351,13724674.11,2520000000.0,912587256.0
2012-06-27,'002369,卓翼科技,12.88,13.28,12.8,13.03,13.16,-0.28,-2.1277,1.7393,1259732,16460906.26,2576000000.0,932866972.8
2012-06-26,'002369,卓翼科技,13.16,13.7,12.86,13.7,13.85,-0.69,-4.9819,2.4953,1807305,23961531.8,2632000000.0,953146689.6
2012-06-25,'002369,卓翼科技,13.85,13.99,13.55,13.74,13.84,0.01,0.0723,2.6941,1951288,26922202.3,2770000000.0,1003121706.0
2012-06-21,'002369,卓翼科技,13.84,14.28,13.77,14.17,14.51,-0.67,-4.6175,4.0292,2918236,40852914.0,2768000000.0,1002397430.4
2012-06-20,'002369,卓翼科技,14.51,15.17,14.2,15.17,14.52,-0.01,-0.0689,8.4051,6087592,88644939.93,2902000000.0,1050923895.6
2012-06-19,'002369,卓翼科技,14.52,14.52,13.5,13.52,13.2,1.32,10.0,4.462,3231723,46527238.6,2904000000.0,1051648171.2
2012-06-18,'002369,卓翼科技,0.0,0.0,0.0,0.0,13.2,None,None,0.0,0,0.0,2640000000.0,956043792.0
2012-06-15,'002369,卓翼科技,13.2,13.37,13.04,13.28,13.28,-0.08,-0.6024,1.2946,937618,12405818.47,2640000000.0,956043792.0
2012-06-14,'002369,卓翼科技,13.28,13.53,13.25,13.52,13.43,-0.15,-1.1169,0.9259,670634,8977776.03,2656000000.0,961837996.8
2012-06-13,'002369,卓翼科技,13.43,13.6,13.31,13.57,13.48,-0.05,-0.3709,1.4564,1054849,14190460.38,2686000000.0,972702130.8
2012-06-12,'002369,卓翼科技,13.68,13.83,13.57,13.83,13.95,-0.27,-1.9355,0.8157,590767,8084752.34,2736000000.0,990809020.8
2012-06-11,'002369,卓翼科技,13.95,13.95,13.17,13.64,13.63,0.32,2.3478,1.8711,1355163,18344179.96,2790000000.0,1010364462.0
2012-06-08,'002369,卓翼科技,13.63,14.12,13.6,14.1,13.86,-0.23,-1.6595,1.3505,978170,13485425.89,2726000000.0,987187642.8
2012-06-07,'002369,卓翼科技,13.86,13.89,13.54,13.54,13.47,0.39,2.8953,2.3379,1693284,23269508.32,2772000000.0,1003845981.6
2012-06-06,'002369,卓翼科技,13.47,13.63,13.43,13.45,13.43,0.04,0.2978,0.8845,640603,8668467.3,2694000000.0,975599233.2
2012-06-05,'002369,卓翼科技,13.43,13.76,13.4,13.66,13.62,-0.19,-1.395,0.8121,588188,7949606.34,2686000000.0,972702130.8
2012-06-04,'002369,卓翼科技,13.62,13.98,13.62,13.98,14.16,-0.54,-3.8136,1.3982,1012705,13995360.19,2724000000.0,986463367.2
2012-06-01,'002369,卓翼科技,14.16,14.18,13.75,13.99,13.99,0.17,1.2152,2.4891,1802823,25237713.7,2832000000.0,1025574249.6
2012-05-31,'002369,卓翼科技,13.99,14.1,13.64,13.72,13.73,0.26,1.8937,2.8019,2029368,28322466.3,2798000000.0,1013261564.4
2012-05-30,'002369,卓翼科技,13.73,13.87,13.15,13.55,13.55,0.18,1.3284,1.8658,1351356,18326032.74,2746000000.0,994430398.8
2012-05-29,'002369,卓翼科技,13.55,14.18,13.48,13.71,13.01,0.54,4.1507,2.7723,2007892,27474522.81,2710000000.0,981393438.0
2012-05-28,'002369,卓翼科技,13.01,13.15,12.7,13.02,13.15,-0.14,-1.0646,1.5879,1150095,14860269.7,2602000000.0,942282555.6
2012-05-25,'002369,卓翼科技,13.15,13.58,13.1,13.4,13.4,-0.25,-1.8657,0.9946,720372,9636170.85,2630000000.0,952422414.0
2012-05-24,'002369,卓翼科技,13.4,13.63,13.26,13.41,13.6,-0.2,-1.4706,1.7283,1251790,16797890.15,2680000000.0,970529304.0
2012-05-23,'002369,卓翼科技,13.6,14.55,13.45,13.52,13.26,0.34,2.5641,5.503,3985719,54878009.72,2720000000.0,985014816.0
2012-05-22,'002369,卓翼科技,13.26,13.44,13.15,13.31,13.25,0.01,0.0755,1.1186,810155,10751602.34,2652000000.0,960389445.6
2012-05-21,'002369,卓翼科技,13.25,13.5,12.81,13.35,13.6,-0.35,-2.5735,2.011,1456506,19152728.7,2650000000.0,959665170.0
2012-05-18,'002369,卓翼科技,0.0,0.0,0.0,0.0,13.6,None,None,0.0,0,0.0,2720000000.0,985014816.0
2012-05-17,'002369,卓翼科技,13.6,13.74,13.3,13.53,13.29,0.31,2.3326,1.2802,927187,12544261.6,2720000000.0,985014816.0
2012-05-16,'002369,卓翼科技,13.29,13.56,13.2,13.37,13.43,-0.14,-1.0424,1.1251,814897,10903866.85,2658000000.0,962562272.4
2012-05-15,'002369,卓翼科技,13.43,13.6,12.6,13.59,13.65,-0.22,-1.6117,0.9656,699385,9334117.06,2686000000.0,972702130.8
2012-05-14,'002369,卓翼科技,13.65,13.95,13.56,13.74,13.82,-0.17,-1.2301,1.3647,988426,13626984.32,2730000000.0,988636194.0
2012-05-11,'002369,卓翼科技,13.82,13.97,13.6,13.82,13.79,0.03,0.2175,1.7749,1285514,17763038.16,2764000000.0,1000948879.2
2012-05-10,'002369,卓翼科技,13.79,13.92,13.66,13.8,13.71,0.08,0.5835,1.2936,936889,12924928.06,2758000000.0,998776052.4
2012-05-09,'002369,卓翼科技,13.71,14.5,13.59,14.5,14.6,-0.89,-6.0959,3.5227,2551409,35360721.57,2742000000.0,992981847.6
2012-05-08,'002369,卓翼科技,14.6,14.66,14.32,14.45,14.42,0.18,1.2483,1.4887,1078253,15595217.96,2920000000.0,1057442376.0
2012-05-07,'002369,卓翼科技,14.42,14.48,14.28,14.4,14.46,-0.04,-0.2766,0.8177,592220,8520373.92,2884000000.0,1044405415.2
2012-05-04,'002369,卓翼科技,14.46,14.55,14.22,14.25,14.25,0.21,1.4737,1.2291,890233,12809268.87,2892000000.0,1047302517.6
2012-05-03,'002369,卓翼科技,14.25,14.36,14.11,14.22,14.2,0.05,0.3521,0.8496,615354,8742831.5,2850000000.0,1032092730.0
2012-05-02,'002369,卓翼科技,14.2,14.45,14.03,14.05,13.92,0.28,2.0115,1.8041,1306632,18634290.9,2840000000.0,1028471352.0
2012-04-27,'002369,卓翼科技,13.92,14.2,13.88,14.09,14.16,-0.24,-1.6949,0.6965,504455,7073137.42,2784000000.0,1008191635.2
2012-04-26,'002369,卓翼科技,14.16,14.27,13.61,14.11,14.21,-0.05,-0.3519,1.6111,1166864,16302891.71,2832000000.0,1025574249.6
2012-04-25,'002369,卓翼科技,14.21,14.7,13.91,14.7,14.23,-0.02,-0.1405,1.0657,771869,10950450.88,2842000000.0,1029195627.6
2012-04-24,'002369,卓翼科技,14.23,15.1,13.72,14.88,15.24,-1.01,-6.6273,2.5446,1842980,26350120.29,2846000000.0,1030644178.8
2012-04-23,'002369,卓翼科技,15.24,16.0,15.11,15.99,15.84,-0.6,-3.7879,1.08,782213,12108944.08,3048000000.0,1103796014.4
2012-04-20,'002369,卓翼科技,15.84,15.94,15.76,15.85,15.85,-0.01,-0.0631,0.9953,720901,11421784.91,3168000000.0,1147252550.4
2012-04-19,'002369,卓翼科技,15.85,15.92,15.6,15.6,15.6,0.25,1.6026,1.0334,748443,11798871.41,3170000000.0,1147976826.0
2012-04-18,'002369,卓翼科技,15.6,15.72,15.3,15.33,15.32,0.28,1.8277,0.9979,722737,11224752.49,3120000000.0,1129869936.0
2012-04-17,'002369,卓翼科技,15.32,15.75,15.32,15.7,15.6,-0.28,-1.7949,0.8327,603073,9348122.27,3064000000.0,1109590219.2
2012-04-16,'002369,卓翼科技,15.6,15.75,15.25,15.75,15.75,-0.15,-0.9524,1.3715,993354,15348676.84,3120000000.0,1129869936.0
2012-04-13,'002369,卓翼科技,15.75,15.97,15.6,15.65,15.67,0.08,0.5105,1.062,769174,12117171.59,3150000000.0,1140734070.0
2012-04-12,'002369,卓翼科技,15.67,15.69,15.17,15.17,15.27,0.4,2.6195,1.1223,812888,12599353.17,3134000000.0,1134939865.2
2012-04-11,'002369,卓翼科技,15.27,15.5,15.0,15.15,15.3,-0.03,-0.1961,0.9563,692641,10608795.75,3054000000.0,1105968841.2
2012-04-10,'002369,卓翼科技,15.3,15.3,14.59,15.0,14.95,0.35,2.3411,1.0558,764694,11376099.06,3060000000.0,1108141668.0
2012-04-09,'002369,卓翼科技,14.95,15.78,14.95,15.78,15.77,-0.82,-5.1997,1.2925,936120,14341393.77,2990000000.0,1082792022.0
2012-04-06,'002369,卓翼科技,15.77,15.88,15.4,15.5,15.49,0.28,1.8076,1.2664,917237,14412549.19,3154000000.0,1142182621.2
2012-04-05,'002369,卓翼科技,15.49,15.58,14.7,15.0,15.04,0.45,2.992,0.9103,659302,10141527.6,3098000000.0,1121902904.4
2012-03-30,'002369,卓翼科技,15.04,15.08,14.7,14.7,14.81,0.23,1.553,0.954,690974,10265102.31,3008000000.0,1089310502.4
2012-03-29,'002369,卓翼科技,14.81,15.36,14.75,15.36,15.39,-0.58,-3.7687,0.9384,679645,10171677.46,2962000000.0,1072652163.6
2012-03-28,'002369,卓翼科技,15.39,16.05,15.26,16.05,15.9,-0.51,-3.2075,1.3606,985413,15244668.64,3078000000.0,1114660148.4
2012-03-27,'002369,卓翼科技,15.9,16.43,15.9,16.02,15.98,-0.08,-0.5006,0.9348,677020,10953773.45,3180000000.0,1151598204.0
2012-03-26,'002369,卓翼科技,15.98,16.2,15.73,15.73,15.96,0.02,0.1253,0.5116,370572,5932639.8,3196000000.0,1157392408.8
2012-03-23,'002369,卓翼科技,15.96,16.59,15.91,16.56,16.59,-0.63,-3.7975,1.2402,898272,14481927.74,3192000000.0,1155943857.6
2012-03-22,'002369,卓翼科技,16.59,16.85,16.21,16.21,16.38,0.21,1.2821,1.2129,878481,14551041.22,3318000000.0,1201573220.4
2012-03-21,'002369,卓翼科技,16.38,16.85,15.9,16.85,16.68,-0.3,-1.7986,2.6225,1899426,31157272.65,3276000000.0,1186363432.8
2012-03-20,'002369,卓翼科技,16.68,17.79,16.66,17.76,17.79,-1.11,-6.2395,3.6317,2630370,44822643.54,3336000000.0,1208091700.8
2012-03-19,'002369,卓翼科技,17.79,18.13,17.55,17.59,17.73,0.06,0.3384,3.0308,2195106,39206650.83,3558000000.0,1288486292.4
2012-03-16,'002369,卓翼科技,17.73,17.8,17.1,17.31,17.31,0.42,2.4263,3.585,2596520,45391892.61,3546000000.0,1284140638.8
2012-03-15,'002369,卓翼科技,17.31,17.51,16.4,16.76,16.8,0.51,3.0357,3.8271,2771875,47445085.73,3462000000.0,1253721063.6
2012-03-14,'002369,卓翼科技,16.8,17.85,16.6,17.7,17.68,-0.88,-4.9774,4.316,3126006,53772830.53,3360000000.0,1216783008.0
2012-03-13,'002369,卓翼科技,17.68,17.75,17.4,17.75,17.85,-0.17,-0.9524,2.8047,2031358,35669335.63,3536000000.0,1280519260.8
2012-03-12,'002369,卓翼科技,17.85,18.3,16.93,17.0,17.01,0.84,4.9383,7.8279,5669550,100231363.48,3570000000.0,1292831946.0
2012-03-09,'002369,卓翼科技,17.01,17.28,16.25,16.25,16.25,0.76,4.6769,7.9915,5788044,97119756.55,3402000000.0,1231992795.6
2012-03-08,'002369,卓翼科技,16.25,16.3,15.88,16.0,15.97,0.28,1.7533,4.0114,2905370,46768767.7,3250000000.0,1176947850.0
2012-03-07,'002369,卓翼科技,15.97,16.07,15.65,15.91,16.08,-0.11,-0.6841,3.6163,2619164,41591893.69,3194000000.0,1156668133.2
2012-03-06,'002369,卓翼科技,16.08,16.44,15.85,16.3,16.39,-0.31,-1.8914,3.307,2395159,38622104.45,3216000000.0,1164635164.8
2012-03-05,'002369,卓翼科技,16.39,16.5,15.85,16.0,15.96,0.43,2.6942,4.594,3327350,53751702.68,3278000000.0,1187087708.4
2012-03-02,'002369,卓翼科技,15.96,16.03,15.73,15.85,15.81,0.15,0.9488,2.1978,1591819,25275934.72,3192000000.0,1155943857.6
2012-03-01,'002369,卓翼科技,15.81,15.9,15.35,15.45,15.48,0.33,2.1318,2.0059,1452839,22821414.37,3162000000.0,1145079723.6
2012-02-29,'002369,卓翼科技,15.48,15.7,15.4,15.7,15.8,-0.32,-2.0253,2.333,1689735,26282660.51,3096000000.0,1121178628.8
2012-02-28,'002369,卓翼科技,15.8,16.3,15.5,16.2,16.37,-0.57,-3.482,4.0705,2948179,46433058.96,3160000000.0,1144355448.0
2012-02-27,'002369,卓翼科技,16.37,16.6,16.27,16.5,16.4,-0.03,-0.1829,3.7981,2750866,45211299.17,3274000000.0,1185639157.2
2012-02-24,'002369,卓翼科技,16.4,16.49,15.89,16.05,16.15,0.25,1.548,4.3789,3171536,51314319.09,3280000000.0,1187811984.0
2012-02-23,'002369,卓翼科技,16.15,16.65,15.97,16.44,16.3,-0.15,-0.9202,3.7285,2700435,43798157.38,3230000000.0,1169705094.0
2012-02-22,'002369,卓翼科技,16.3,16.31,15.57,15.73,15.69,0.61,3.8878,4.2166,3053972,49071333.47,3260000000.0,1180569228.0
2012-02-21,'002369,卓翼科技,15.69,15.77,15.1,15.5,15.6,0.09,0.5769,3.7096,2686782,41741887.51,3138000000.0,1136388416.4
2012-02-20,'002369,卓翼科技,15.6,16.25,15.54,16.0,15.85,-0.25,-1.5773,3.006,2177192,34697702.87,3120000000.0,1129869936.0
2012-02-17,'002369,卓翼科技,15.85,16.24,15.5,16.16,16.16,-0.31,-1.9183,3.0448,2205239,34909811.19,3170000000.0,1147976826.0
2012-02-16,'002369,卓翼科技,16.16,16.41,15.7,16.08,16.15,0.01,0.0619,3.5016,2536157,40741591.99,3232000000.0,1170429369.6
2012-02-15,'002369,卓翼科技,16.15,16.22,15.43,15.43,15.53,0.62,3.9923,4.261,3086138,49449925.76,3230000000.0,1169705094.0
2012-02-14,'002369,卓翼科技,15.53,16.05,15.45,15.87,15.88,-0.35,-2.204,3.7351,2705259,42429262.61,3106000000.0,1124800006.8
2012-02-13,'002369,卓翼科技,15.88,15.92,14.82,14.9,15.04,0.84,5.5851,4.719,3417852,53308579.82,3176000000.0,1150149652.8
2012-02-10,'002369,卓翼科技,15.04,15.25,14.67,14.82,14.8,0.24,1.6216,1.992,1442772,21618481.84,3008000000.0,1089310502.4
2012-02-09,'002369,卓翼科技,14.8,14.82,14.23,14.23,14.36,0.44,3.0641,3.2618,2362413,34651694.66,2960000000.0,1071927888.0
2012-02-08,'002369,卓翼科技,14.36,14.37,13.76,14.01,14.0,0.36,2.5714,2.9923,2167215,30701305.11,2872000000.0,1040059761.6
2012-02-07,'002369,卓翼科技,14.0,14.39,13.91,13.97,14.13,-0.13,-0.92,3.77,2730506,38655246.23,2800000000.0,1013985840.0
2012-02-06,'002369,卓翼科技,14.13,14.17,13.92,13.98,13.53,0.6,4.4346,4.1966,3039465,42750210.83,2826000000.0,1023401422.8
2012-02-03,'002369,卓翼科技,0.0,0.0,0.0,0.0,13.53,None,None,0.0,0,0.0,2706000000.0,979944886.8
2012-02-02,'002369,卓翼科技,13.53,13.55,13.23,13.33,13.33,0.2,1.5004,1.2717,921032,12304489.16,2706000000.0,979944886.8
2012-02-01,'002369,卓翼科技,13.33,13.88,13.25,13.6,13.68,-0.35,-2.5585,0.832,602620,8202343.5,2666000000.0,965459374.8
2012-01-31,'002369,卓翼科技,13.68,13.74,13.01,13.25,13.52,0.16,1.1834,0.6803,492692,6643652.42,2736000000.0,990809020.8
2012-01-30,'002369,卓翼科技,13.52,13.94,13.5,13.94,13.57,-0.05,-0.3685,1.1493,832420,11401869.77,2704000000.0,979220611.2
2012-01-20,'002369,卓翼科技,13.57,13.8,13.0,13.13,12.97,0.6,4.6261,2.4104,1745794,23543580.26,2714000000.0,982841989.2
2012-01-19,'002369,卓翼科技,12.97,13.05,12.42,12.42,12.42,0.55,4.4283,1.8698,1354219,17316639.1,2594000000.0,939385453.2
2012-01-18,'002369,卓翼科技,12.42,13.8,12.4,13.8,13.41,-0.99,-7.3826,3.0806,2231189,29254795.79,2484000000.0,899550295.2
2012-01-17,'002369,卓翼科技,13.41,13.5,13.0,13.01,13.1,0.31,2.3664,5.3459,3871938,51370871.7,2682000000.0,971253579.6
2012-01-16,'002369,卓翼科技,13.1,14.22,13.1,14.22,14.3,-1.2,-8.3916,1.7822,1290836,17362306.73,2620000000.0,948801036.0
2012-01-13,'002369,卓翼科技,14.3,15.0,13.66,15.0,15.05,-0.75,-4.9834,2.6129,1892476,26529184.3,2860000000.0,1035714108.0
2012-01-12,'002369,卓翼科技,15.05,15.73,14.97,15.51,15.74,-0.69,-4.3837,2.1183,1534199,23382514.13,3010000000.0,1090034778.0
2012-01-11,'002369,卓翼科技,15.74,16.08,15.48,15.48,15.52,0.22,1.4175,0.8381,606997,9653946.29,3148000000.0,1140009794.4
2012-01-10,'002369,卓翼科技,15.52,15.58,15.02,15.02,15.02,0.5,3.3289,0.5219,377974,5820573.71,3104000000.0,1124075731.2
2012-01-09,'002369,卓翼科技,15.02,15.04,13.8,14.09,14.12,0.9,6.3739,0.8764,634728,9311408.91,3004000000.0,1087861951.2
2012-01-06,'002369,卓翼科技,14.12,14.41,13.4,14.41,14.36,-0.24,-1.6713,1.6101,1166186,16063085.02,2824000000.0,1022677147.2
2012-01-05,'002369,卓翼科技,14.36,15.5,14.2,15.5,15.66,-1.3,-8.3014,2.404,1741123,25851240.93,2872000000.0,1040059761.6
2012-01-04,'002369,卓翼科技,15.66,16.65,15.65,16.58,16.65,-0.99,-5.9459,0.936,677904,10975148.64,3132000000.0,1134215589.6
2011-12-30,'002369,卓翼科技,16.65,16.65,15.62,15.93,15.9,0.75,4.717,2.1644,1567591,25068518.44,3330000000.0,1205918874.0
2011-12-29,'002369,卓翼科技,15.9,16.3,15.5,16.04,16.1,-0.2,-1.2422,2.4376,1765521,27788935.38,3180000000.0,1151598204.0
2011-12-28,'002369,卓翼科技,16.1,16.1,15.29,15.8,15.88,0.22,1.3854,0.6581,476610,7517731.96,3220000000.0,1166083716.0
2011-12-27,'002369,卓翼科技,15.88,16.69,15.81,16.6,16.72,-0.84,-5.0239,0.7166,519018,8371091.84,3176000000.0,1150149652.8
2011-12-26,'002369,卓翼科技,16.72,17.08,16.48,16.72,16.88,-0.16,-0.9479,0.2332,168900,2850705.14,3344000000.0,1210988803.2
2011-12-23,'002369,卓翼科技,16.88,17.09,16.52,16.52,16.9,-0.02,-0.1183,0.2739,198393,3362255.06,3376000000.0,1222577212.8
2011-12-22,'002369,卓翼科技,16.9,17.1,16.1,16.49,16.77,0.13,0.7752,0.5305,384234,6392887.01,3380000000.0,1224025764.0
2011-12-21,'002369,卓翼科技,16.77,17.48,16.77,17.48,17.45,-0.68,-3.8968,0.2248,162800,2801423.0,3354000000.0,1214610181.2
2011-12-20,'002369,卓翼科技,17.45,17.7,17.21,17.38,17.3,0.15,0.8671,0.4297,311225,5439115.84,3490000000.0,1263860922.0
2011-12-19,'002369,卓翼科技,17.3,17.3,16.3,16.61,16.9,0.4,2.3669,0.31,224512,3787903.07,3460000000.0,1252996788.0
2011-12-16,'002369,卓翼科技,16.9,16.98,16.32,16.49,16.5,0.4,2.4242,0.3556,257582,4290881.27,3380000000.0,1224025764.0
2011-12-15,'002369,卓翼科技,16.5,16.7,16.1,16.49,16.74,-0.24,-1.4337,0.7393,535425,8758811.72,3300000000.0,1195054740.0
2011-12-14,'002369,卓翼科技,16.74,16.75,16.05,16.32,16.68,0.06,0.3597,0.4367,316324,5196525.78,3348000000.0,1212437354.4
2011-12-13,'002369,卓翼科技,16.68,17.06,16.51,17.01,17.07,-0.39,-2.2847,0.5429,393194,6597576.0,3336000000.0,1208091700.8
2011-12-12,'002369,卓翼科技,17.07,17.15,16.9,16.93,17.01,0.06,0.3527,0.4423,320312,5452361.32,3414000000.0,1236338449.2
2011-12-09,'002369,卓翼科技,17.01,17.57,16.95,17.45,17.58,-0.57,-3.2423,0.3745,271260,4658571.75,3402000000.0,1231992795.6
2011-12-08,'002369,卓翼科技,17.58,17.62,16.82,17.61,17.28,0.3,1.7361,0.7557,547310,9433419.07,3516000000.0,1273276504.8
2011-12-07,'002369,卓翼科技,17.28,17.97,17.26,17.7,17.66,-0.38,-2.1518,0.6628,480022,8447454.26,3456000000.0,1251548236.8
2011-12-06,'002369,卓翼科技,17.66,18.09,17.42,17.69,17.72,-0.06,-0.3386,0.7324,530490,9452819.81,3532000000.0,1279070709.6
2011-12-05,'002369,卓翼科技,17.72,18.6,17.72,18.35,18.7,-0.98,-5.2406,0.6525,472619,8570635.48,3544000000.0,1283416363.2
2011-12-02,'002369,卓翼科技,18.7,18.93,18.21,18.93,19.04,-0.34,-1.7857,0.9873,715083,13262701.5,3740000000.0,1354395372.0
2011-12-01,'002369,卓翼科技,19.04,19.2,18.61,18.82,18.5,0.54,2.9189,2.2163,1605198,30457789.37,3808000000.0,1379020742.4
2011-11-30,'002369,卓翼科技,18.5,18.6,17.8,18.38,18.49,0.01,0.0541,1.8603,1347336,24432669.74,3700000000.0,1339909860.0
2011-11-29,'002369,卓翼科技,18.49,18.69,18.25,18.45,18.24,0.25,1.3706,1.7674,1280056,23637257.41,3698000000.0,1339185584.4
2011-11-28,'002369,卓翼科技,18.24,19.0,18.01,18.9,18.9,-0.66,-3.4921,3.6953,2676430,49579702.11,3648000000.0,1321078694.4
2011-11-25,'002369,卓翼科技,18.9,19.15,18.7,19.15,19.09,-0.19,-0.9953,1.6608,1202886,22810459.1,3780000000.0,1368880884.0
2011-11-24,'002369,卓翼科技,19.09,19.2,18.28,18.63,19.0,0.09,0.4737,2.8732,2081012,39441939.28,3818000000.0,1382642120.4
2011-11-23,'002369,卓翼科技,19.0,19.0,17.7,18.76,18.72,0.28,1.4957,3.269,2367674,43656581.76,3800000000.0,1376123640.0
2011-11-22,'002369,卓翼科技,18.72,18.85,18.51,18.62,18.85,-0.13,-0.6897,0.3449,249821,4666436.76,3744000000.0,1355843923.2
2011-11-21,'002369,卓翼科技,18.85,19.0,18.39,19.0,19.14,-0.29,-1.5152,0.8765,634853,11855738.86,3770000000.0,1365259506.0
2011-11-18,'002369,卓翼科技,19.14,19.26,18.36,18.6,18.92,0.22,1.1628,1.7928,1298481,24555381.12,3828000000.0,1386263498.4
2011-11-17,'002369,卓翼科技,18.92,19.32,18.7,19.2,18.96,-0.04,-0.211,1.7916,1297619,24695551.17,3784000000.0,1370329435.2
2011-11-16,'002369,卓翼科技,18.96,19.69,18.87,19.5,19.58,-0.62,-3.1665,2.0568,1489677,28789883.97,3792000000.0,1373226537.6
2011-11-15,'002369,卓翼科技,19.58,19.59,19.13,19.23,19.23,0.35,1.8201,2.6358,1909054,37004957.96,3916000000.0,1418131624.8
2011-11-14,'002369,卓翼科技,19.23,19.45,19.08,19.34,19.2,0.03,0.1563,1.997,1446358,27882027.84,3846000000.0,1392781978.8
2011-11-11,'002369,卓翼科技,19.2,19.5,18.78,18.78,18.8,0.4,2.1277,2.4452,1770980,33969365.04,3840000000.0,1390609152.0
2011-11-10,'002369,卓翼科技,18.8,19.46,18.29,18.48,18.67,0.13,0.6963,1.925,1394216,26296300.82,3760000000.0,1361638128.0
2011-11-09,'002369,卓翼科技,18.67,18.75,17.99,18.35,18.15,0.52,2.865,1.4289,1034913,18904280.02,3734000000.0,1352222545.2
2011-11-08,'002369,卓翼科技,18.15,19.09,18.04,18.81,18.81,-0.66,-3.5088,1.3791,998847,18474063.64,3630000000.0,1314560214.0
2011-11-07,'002369,卓翼科技,18.81,19.11,18.68,18.91,18.91,-0.1,-0.5288,0.6163,446354,8434897.2,3762000000.0,1362362403.6
2011-11-04,'002369,卓翼科技,18.91,19.1,18.6,18.8,18.66,0.25,1.3398,1.5244,1104071,20845254.72,3782000000.0,1369605159.6
2011-11-03,'002369,卓翼科技,18.66,19.98,18.6,19.0,18.93,-0.27,-1.4263,2.5755,1865382,36175076.51,3732000000.0,1351498269.6
2011-11-02,'002369,卓翼科技,18.93,18.98,17.65,17.65,18.15,0.78,4.2975,2.1345,1545998,28525266.1,3786000000.0,1371053710.8
2011-11-01,'002369,卓翼科技,18.15,18.3,17.7,17.9,18.05,0.1,0.554,0.9852,713530,12886420.41,3630000000.0,1314560214.0
2011-10-31,'002369,卓翼科技,18.05,18.16,17.55,17.55,17.55,0.5,2.849,1.2778,925496,16636522.22,3610000000.0,1307317458.0
2011-10-28,'002369,卓翼科技,17.55,17.88,17.37,17.37,17.35,0.2,1.1527,1.7663,1279289,22542403.5,3510000000.0,1271103678.0
2011-10-27,'002369,卓翼科技,17.35,17.55,17.2,17.46,17.5,-0.15,-0.8571,0.8313,602085,10449399.41,3470000000.0,1256618166.0
2011-10-26,'002369,卓翼科技,17.5,17.8,16.51,16.8,16.72,0.78,4.6651,1.8661,1351561,23445879.16,3500000000.0,1267482300.0
2011-10-25,'002369,卓翼科技,16.72,16.94,16.02,16.02,15.99,0.73,4.5654,1.1783,853422,14161939.99,3344000000.0,1210988803.2
2011-10-24,'002369,卓翼科技,15.99,16.14,15.44,15.44,15.41,0.58,3.7638,0.5794,419612,6637725.8,3198000000.0,1158116684.4
2011-10-21,'002369,卓翼科技,15.41,15.64,15.01,15.58,15.25,0.16,1.0492,0.7746,560988,8593995.63,3082000000.0,1116108699.6
2011-10-20,'002369,卓翼科技,15.25,16.48,15.21,16.34,16.34,-1.09,-6.6707,1.5683,1135902,17841202.92,3050000000.0,1104520290.0
2011-10-19,'002369,卓翼科技,16.34,17.2,16.32,17.2,17.08,-0.74,-4.3326,1.0122,733106,12279952.43,3268000000.0,1183466330.4
2011-10-18,'002369,卓翼科技,17.08,17.4,16.92,17.1,17.3,-0.22,-1.2717,1.3761,996673,17175961.23,3416000000.0,1237062724.8
2011-10-17,'002369,卓翼科技,17.3,17.34,16.7,17.0,16.84,0.46,2.7316,1.8376,1330961,22826105.64,3460000000.0,1252996788.0
2011-10-14,'002369,卓翼科技,16.84,16.93,16.21,16.3,16.38,0.46,2.8083,1.0717,776224,12982039.69,3368000000.0,1219680110.4
2011-10-13,'002369,卓翼科技,16.38,16.52,15.5,15.9,15.7,0.68,4.3312,1.0532,762812,12370766.75,3276000000.0,1186363432.8
2011-10-12,'002369,卓翼科技,15.7,15.84,15.04,15.27,15.27,0.43,2.816,0.6911,500552,7755841.65,3140000000.0,1137112692.0
2011-10-11,'002369,卓翼科技,15.27,17.18,15.06,16.92,16.42,-1.15,-7.0037,0.7658,554640,8792139.53,3054000000.0,1105968841.2
2011-10-10,'002369,卓翼科技,0.0,0.0,0.0,0.0,16.42,None,None,0.0,0,0.0,3284000000.0,1189260535.2
2011-09-30,'002369,卓翼科技,16.42,17.2,16.21,16.88,16.9,-0.48,-2.8402,0.4258,308395,5115116.59,3284000000.0,1189260535.2
2011-09-29,'002369,卓翼科技,16.9,17.89,16.67,17.6,17.72,-0.82,-4.6275,0.5789,419275,7214173.59,3380000000.0,1224025764.0
2011-09-28,'002369,卓翼科技,17.72,18.31,17.72,18.31,18.0,-0.28,-1.5556,0.5331,386144,6951419.37,3544000000.0,1283416363.2
2011-09-27,'002369,卓翼科技,18.0,18.36,17.6,17.7,17.5,0.5,2.8571,0.5402,391241,7053093.74,3600000000.0,1303696080.0
2011-09-26,'002369,卓翼科技,17.5,17.7,17.3,17.5,17.3,0.2,1.1561,0.6172,447032,7831267.06,3500000000.0,1267482300.0
2011-09-23,'002369,卓翼科技,17.3,17.99,17.3,17.65,17.93,-0.63,-3.5137,0.8693,629608,11095614.13,3460000000.0,1252996788.0
2011-09-22,'002369,卓翼科技,17.93,18.5,17.81,18.3,18.27,-0.34,-1.861,0.8168,591620,10702719.85,3586000000.0,1298626150.8
2011-09-21,'002369,卓翼科技,18.37,18.55,17.71,17.92,17.72,0.65,3.6682,1.019,738003,13375295.11,3674000000.0,1330494277.2
2011-09-20,'002369,卓翼科技,17.72,17.98,17.6,17.85,17.71,0.01,0.0565,0.4234,306653,5442317.96,3544000000.0,1283416363.2
2011-09-19,'002369,卓翼科技,17.71,18.16,17.66,18.16,18.15,-0.44,-2.4242,0.2784,201640,3582245.49,3542000000.0,1282692087.6
2011-09-16,'002369,卓翼科技,18.15,18.35,18.02,18.1,18.1,0.05,0.2762,0.637,461395,8379168.66,3630000000.0,1314560214.0
2011-09-15,'002369,卓翼科技,18.1,18.36,17.68,17.68,17.42,0.68,3.9036,1.3192,955462,17219603.28,3620000000.0,1310938836.0
2011-09-14,'002369,卓翼科技,0.0,0.0,0.0,0.0,17.42,None,None,0.0,0,0.0,3484000000.0,1261688095.2
2011-09-13,'002369,卓翼科技,17.42,17.68,17.25,17.68,18.05,-0.63,-3.4903,0.4694,339986,5940011.84,3484000000.0,1261688095.2
2011-09-09,'002369,卓翼科技,18.05,18.56,18.0,18.18,18.18,-0.13,-0.7151,0.6398,463362,8455671.94,3610000000.0,1307317458.0
2011-09-08,'002369,卓翼科技,18.18,18.58,18.18,18.3,18.28,-0.1,-0.547,0.5046,365440,6709523.14,3636000000.0,1316733040.8
2011-09-07,'002369,卓翼科技,18.28,18.4,17.86,17.87,17.85,0.43,2.409,0.6581,476671,8660579.16,3656000000.0,1323975796.8
2011-09-06,'002369,卓翼科技,17.85,18.48,17.51,18.09,18.39,-0.54,-2.9364,1.0234,741191,13266282.82,3570000000.0,1292831946.0
2011-09-05,'002369,卓翼科技,18.39,19.3,18.38,19.3,19.4,-1.01,-5.2062,0.7849,568488,10645630.76,3678000000.0,1331942828.4
2011-09-02,'002369,卓翼科技,19.4,20.49,19.31,20.46,20.31,-0.91,-4.4806,1.8427,1334648,26083602.15,3880000000.0,1405094664.0
2011-09-01,'002369,卓翼科技,20.31,20.75,20.18,20.22,20.13,0.18,0.8942,2.354,1704920,34866604.49,4062000000.0,1471003743.6
2011-08-31,'002369,卓翼科技,20.13,20.29,19.86,20.1,20.23,-0.1,-0.4943,2.0676,1497547,30048018.61,4026000000.0,1457966782.8
2011-08-30,'002369,卓翼科技,20.23,20.28,19.52,19.53,19.49,0.74,3.7968,2.7145,1966074,39476123.9,4046000000.0,1465209538.8
2011-08-29,'002369,卓翼科技,19.49,19.86,19.38,19.69,19.86,-0.37,-1.863,1.0514,761478,14869822.79,3898000000.0,1411613144.4
2011-08-26,'002369,卓翼科技,19.86,20.13,19.74,19.91,20.05,-0.19,-0.9476,1.2214,884664,17610497.6,3972000000.0,1438411341.6
2011-08-25,'002369,卓翼科技,20.05,20.18,19.4,19.57,19.66,0.39,1.9837,2.1569,1562162,31093758.17,4010000000.0,1452172578.0
2011-08-24,'002369,卓翼科技,19.66,19.96,19.4,19.54,19.42,0.24,1.2358,1.969,1426086,28219017.74,3932000000.0,1423925829.6
2011-08-23,'002369,卓翼科技,19.42,19.6,18.96,19.58,19.3,0.12,0.6218,2.0784,1505326,28853777.62,3884000000.0,1406543215.2
2011-08-22,'002369,卓翼科技,19.3,20.5,19.28,20.5,20.5,-1.2,-5.8537,3.6674,2656182,52341228.14,3860000000.0,1397851908.0
2011-08-19,'002369,卓翼科技,20.5,20.68,19.35,19.75,20.09,0.41,2.0408,2.5989,1882307,38032643.76,4100000000.0,1484764980.0
2011-08-18,'002369,卓翼科技,20.09,21.05,20.05,20.51,20.57,-0.48,-2.3335,4.0374,2924183,59693605.2,4018000000.0,1455069680.4
2011-08-17,'002369,卓翼科技,20.57,21.0,19.58,19.8,19.99,0.58,2.9015,7.4454,5392550,110282462.57,4114000000.0,1489834909.2
2011-08-16,'002369,卓翼科技,19.99,20.4,19.47,19.66,18.93,1.06,5.5996,6.4288,4656223,92633171.1,3998000000.0,1447826924.4
2011-08-15,'002369,卓翼科技,18.93,19.0,18.47,18.85,18.78,0.15,0.7987,1.9967,1446126,27104676.48,3786000000.0,1371053710.8
2011-08-12,'002369,卓翼科技,18.78,18.91,17.95,17.95,17.9,0.88,4.9162,2.2393,1621838,30155045.16,3756000000.0,1360189576.8
2011-08-11,'002369,卓翼科技,17.9,18.02,17.2,17.31,17.81,0.09,0.5053,0.5443,394196,6982768.74,3580000000.0,1296453324.0
2011-08-10,'002369,卓翼科技,17.81,18.5,17.78,18.18,17.67,0.14,0.7923,0.9127,661077,11899330.16,3562000000.0,1289934843.6
2011-08-09,'002369,卓翼科技,17.67,17.85,16.9,17.12,18.16,-0.49,-2.6982,1.376,996602,17440897.82,3534000000.0,1279794985.2
2011-08-08,'002369,卓翼科技,18.16,18.72,16.88,18.18,18.75,-0.59,-3.1467,2.2254,1611772,28565012.69,3632000000.0,1315284489.6
2011-08-05,'002369,卓翼科技,18.75,19.07,18.31,18.65,19.33,-0.58,-3.0005,0.6894,499325,9405075.25,3750000000.0,1358016750.0
2011-08-04,'002369,卓翼科技,19.33,19.7,19.16,19.7,19.6,-0.27,-1.3776,0.8346,604515,11732886.91,3866000000.0,1400024734.8
2011-08-03,'002369,卓翼科技,19.6,20.04,19.45,19.59,19.74,-0.14,-0.7092,0.6823,494175,9735634.45,3920000000.0,1419580176.0
2011-08-02,'002369,卓翼科技,19.74,20.0,19.35,19.93,19.93,-0.19,-0.9533,0.8804,637660,12495733.93,3948000000.0,1429720034.4
2011-08-01,'002369,卓翼科技,19.93,20.38,19.51,20.0,20.14,-0.21,-1.0427,1.0747,778363,15478039.55,3986000000.0,1443481270.8
2011-07-29,'002369,卓翼科技,20.14,20.63,19.7,19.7,19.69,0.45,2.2854,4.2478,3076560,62415868.29,4028000000.0,1458691058.4
2011-07-28,'002369,卓翼科技,19.69,19.8,19.08,19.6,19.54,0.15,0.7677,1.6072,1164040,22784442.81,3938000000.0,1426098656.4
2011-07-27,'002369,卓翼科技,19.54,19.59,18.47,18.7,18.75,0.79,4.2133,1.4736,1067321,20316011.62,3908000000.0,1415234522.4
2011-07-26,'002369,卓翼科技,18.75,18.85,18.26,18.26,18.6,0.15,0.8065,0.5442,394166,7358787.8,3750000000.0,1358016750.0
2011-07-25,'002369,卓翼科技,18.6,19.33,18.38,19.1,19.31,-0.71,-3.6769,2.0109,1456418,27103764.6,3720000000.0,1347152616.0
2011-07-22,'002369,卓翼科技,19.31,19.74,19.28,19.42,19.41,-0.1,-0.5152,1.1476,831178,16161894.19,3862000000.0,1398576183.6
2011-07-21,'002369,卓翼科技,19.41,19.68,19.35,19.36,19.47,-0.06,-0.3082,1.3672,990202,19371664.79,3882000000.0,1405818939.6
2011-07-20,'002369,卓翼科技,19.47,19.8,19.33,19.7,19.55,-0.08,-0.4092,1.8285,1324328,25812789.61,3894000000.0,1410164593.2
2011-07-19,'002369,卓翼科技,19.55,19.86,19.21,19.86,19.87,-0.32,-1.6105,3.5815,2593995,50696098.0,3910000000.0,1415958798.0
2011-07-18,'002369,卓翼科技,19.87,19.96,19.08,19.1,19.02,0.85,4.469,7.6821,5563986,108921497.22,3974000000.0,1439135617.2
2011-07-15,'002369,卓翼科技,19.02,19.51,18.25,18.25,18.51,0.51,2.7553,3.4082,2468504,46959094.21,3804000000.0,1377572191.2
2011-07-14,'002369,卓翼科技,18.51,18.93,18.35,18.8,18.65,-0.14,-0.7507,1.288,932870,17380175.28,3702000000.0,1340634135.6
2011-07-13,'002369,卓翼科技,18.65,18.65,18.12,18.28,18.28,0.37,2.0241,0.7376,534250,9865217.95,3730000000.0,1350773994.0
2011-07-12,'002369,卓翼科技,18.28,18.5,18.22,18.5,18.63,-0.35,-1.8787,0.5776,418350,7679532.5,3656000000.0,1323975796.8
2011-07-11,'002369,卓翼科技,18.63,18.85,18.4,18.42,18.4,0.23,1.25,0.7673,555772,10341085.99,3726000000.0,1349325442.8
2011-07-08,'002369,卓翼科技,18.4,19.38,18.19,19.03,19.2,-0.8,-4.1667,2.1876,1584405,29568750.99,3680000000.0,1332667104.0
2011-07-07,'002369,卓翼科技,19.2,19.5,18.75,18.9,18.75,0.45,2.4,2.8851,2089578,40194873.01,3840000000.0,1390609152.0
2011-07-06,'002369,卓翼科技,18.75,18.89,18.41,18.68,18.7,0.05,0.2674,1.2548,908836,17005640.09,3750000000.0,1358016750.0
2011-07-05,'002369,卓翼科技,18.7,18.99,18.4,18.72,18.87,-0.17,-0.9009,2.0991,1520320,28316579.0,3740000000.0,1354395372.0
2011-07-04,'002369,卓翼科技,18.87,19.32,18.27,18.27,18.4,0.47,2.5543,4.1157,2980903,56311266.57,3774000000.0,1366708057.2
2011-07-01,'002369,卓翼科技,18.4,18.85,18.16,18.2,18.33,0.07,0.3819,1.7711,1282764,23758160.43,3680000000.0,1332667104.0
2011-06-30,'002369,卓翼科技,18.33,18.5,17.7,17.9,18.0,0.33,1.8333,1.4387,1042015,18957306.36,3666000000.0,1327597174.8
2011-06-29,'002369,卓翼科技,18.0,18.83,18.0,18.43,18.43,-0.43,-2.3332,3.8104,2759772,50953599.99,3600000000.0,1303696080.0
2011-06-28,'002369,卓翼科技,18.43,18.77,17.67,17.77,17.9,0.53,2.9609,3.3447,2422513,44758076.8,3686000000.0,1334839930.8
2011-06-27,'002369,卓翼科技,17.9,18.03,17.34,17.58,17.62,0.28,1.5891,3.6004,2607678,45985449.02,3580000000.0,1296453324.0
2011-06-24,'002369,卓翼科技,17.62,18.2,16.6,16.6,16.86,0.76,4.5077,3.7855,2741722,48130686.38,3524000000.0,1276173607.2
2011-06-23,'002369,卓翼科技,16.86,16.89,16.11,16.3,16.65,0.21,1.2613,2.1589,1563642,25861405.07,3372000000.0,1221128661.6
2011-06-22,'002369,卓翼科技,16.65,17.66,16.18,16.18,16.05,0.6,3.7383,1.7812,1290085,22019678.56,3330000000.0,1205918874.0
2011-06-21,'002369,卓翼科技,16.05,16.08,15.71,15.73,15.83,0.22,1.3898,0.3524,255207,4069027.57,3210000000.0,1162462338.0
2011-06-20,'002369,卓翼科技,15.83,15.87,15.46,15.5,15.71,0.12,0.7638,0.3949,285989,4494298.27,3166000000.0,1146528274.8
2011-06-17,'002369,卓翼科技,15.71,16.08,15.49,15.69,15.8,-0.09,-0.5696,0.5927,429265,6787527.09,3142000000.0,1137836967.6
2011-06-16,'002369,卓翼科技,15.8,16.25,15.14,16.2,16.37,-0.57,-3.482,0.4193,303662,4779366.84,3160000000.0,1144355448.0
2011-06-15,'002369,卓翼科技,16.37,16.38,16.01,16.01,16.13,0.24,1.4879,0.6779,491015,7983476.7,3274000000.0,1185639157.2
2011-06-14,'002369,卓翼科技,16.13,16.25,15.8,16.08,15.95,0.18,1.1285,0.4985,361059,5816989.5,3226000000.0,1168256542.8
2011-06-13,'002369,卓翼科技,15.95,16.04,15.55,15.58,15.77,0.18,1.1414,0.2909,210718,3343025.51,3190000000.0,1155219582.0
2011-06-10,'002369,卓翼科技,15.77,15.99,15.53,15.99,16.0,-0.23,-1.4375,0.3874,280599,4400290.46,3154000000.0,1142182621.2
2011-06-09,'002369,卓翼科技,16.0,16.34,15.81,16.34,16.27,-0.27,-1.6595,0.5104,369672,5946338.52,3200000000.0,1158840960.0
2011-06-08,'002369,卓翼科技,16.27,16.42,16.0,16.26,16.3,-0.03,-0.184,0.6528,472803,7645747.84,3254000000.0,1178396401.2
2011-06-07,'002369,卓翼科技,16.3,16.33,15.85,16.02,16.02,0.28,1.7478,0.352,254922,4123136.21,3260000000.0,1180569228.0
2011-06-03,'002369,卓翼科技,16.02,16.09,15.63,15.63,15.81,0.21,1.3283,0.3775,273435,4370867.65,3204000000.0,1160289511.2
2011-06-02,'002369,卓翼科技,15.81,15.99,15.5,15.8,16.17,-0.36,-2.2263,0.4047,293120,4603753.79,3162000000.0,1145079723.6
2011-06-01,'002369,卓翼科技,16.17,16.5,15.51,15.51,15.85,0.32,2.0189,0.5459,395363,6390989.55,3234000000.0,1171153645.2
2011-05-31,'002369,卓翼科技,15.85,15.9,14.5,15.39,15.55,0.3,1.9293,0.3216,232939,3619720.18,3170000000.0,1147976826.0
2011-05-30,'002369,卓翼科技,15.55,15.84,15.0,15.35,15.45,0.1,0.6472,0.5246,379942,5924601.14,3110000000.0,1126248558.0
2011-05-27,'002369,卓翼科技,15.45,15.93,15.0,15.91,15.85,-0.4,-2.5237,0.7258,525704,8120284.78,3090000000.0,1119005802.0
2011-05-26,'002369,卓翼科技,15.85,16.74,15.71,16.43,16.38,-0.53,-3.2357,0.6677,483630,7760003.42,3170000000.0,1147976826.0
2011-05-25,'002369,卓翼科技,16.38,17.39,16.3,16.95,16.99,-0.61,-3.5903,0.6242,452103,7660589.15,3276000000.0,1186363432.8
2011-05-24,'002369,卓翼科技,16.99,17.39,16.03,17.28,17.2,-0.21,-1.2209,0.4165,301674,5048527.77,3398000000.0,1230544244.4
2011-05-23,'002369,卓翼科技,17.2,18.1,17.2,18.1,17.95,-0.75,-4.1783,0.5024,363911,6387106.66,3440000000.0,1245754032.0
2011-05-20,'002369,卓翼科技,17.95,18.36,17.87,18.14,18.11,-0.16,-0.8835,0.4105,297341,5365664.07,3590000000.0,1300074702.0
2011-05-19,'002369,卓翼科技,18.11,18.58,18.01,18.47,18.39,-0.28,-1.5226,0.467,338209,6147024.66,3622000000.0,1311663111.6
2011-05-18,'002369,卓翼科技,18.39,18.52,17.8,17.88,18.13,0.26,1.4341,0.3988,288845,5257655.25,3678000000.0,1331942828.4
2011-05-17,'002369,卓翼科技,18.13,18.8,17.72,18.8,18.85,-0.72,-3.8196,0.9764,707158,12831890.57,3626000000.0,1313111662.8
2011-05-16,'002369,卓翼科技,38.2,39.79,38.2,39.69,39.69,-1.49,-3.7541,1.5386,557179,21642358.43,3820000000.0,1383366396.0
2011-05-13,'002369,卓翼科技,39.69,39.88,39.02,39.4,39.4,0.29,0.736,0.9148,331293,13051313.11,3969000000.0,1437324928.2
2011-05-12,'002369,卓翼科技,39.4,40.5,39.4,39.6,39.85,-0.45,-1.1292,0.8624,312299,12433252.11,3940000000.0,1426822932.0
2011-05-11,'002369,卓翼科技,39.85,40.4,39.6,40.0,39.6,0.25,0.6313,0.9769,353755,14116104.11,3985000000.0,1443119133.0
2011-05-10,'002369,卓翼科技,39.6,39.7,39.02,39.6,39.45,0.15,0.3802,0.7977,288872,11361337.43,3960000000.0,1434065688.0
2011-05-09,'002369,卓翼科技,39.45,39.66,38.35,38.66,38.35,1.1,2.8683,1.1227,406556,15866720.09,3945000000.0,1428633621.0
2011-05-06,'002369,卓翼科技,0.0,0.0,0.0,0.0,38.35,None,None,0.0,0,0.0,3835000000.0,1388798463.0
2011-05-05,'002369,卓翼科技,38.35,38.49,37.26,37.8,37.8,0.55,1.455,0.5599,202744,7725761.68,3835000000.0,1388798463.0
2011-05-04,'002369,卓翼科技,37.8,38.7,37.36,37.77,37.9,-0.1,-0.2639,0.5577,201979,7661229.24,3780000000.0,1368880884.0
2011-05-03,'002369,卓翼科技,37.9,38.3,37.0,37.87,37.87,0.03,0.0792,0.3911,141621,5338675.3,3790000000.0,1372502262.0
2011-04-29,'002369,卓翼科技,37.87,38.5,36.9,36.9,36.9,0.97,2.6287,0.5228,189329,7169908.38,3787000000.0,1371415848.6
2011-04-28,'002369,卓翼科技,36.9,40.0,36.6,38.8,38.81,-1.91,-4.9214,1.4242,515770,19680901.51,3690000000.0,1336288482.0
2011-04-27,'002369,卓翼科技,38.81,41.2,38.3,39.3,39.1,-0.29,-0.7417,1.1347,410904,15983507.1,3881000000.0,1405456801.8
2011-04-26,'002369,卓翼科技,39.1,40.27,38.03,40.27,40.27,-1.17,-2.9054,1.4218,514877,19925709.82,3910000000.0,1415958798.0
2011-04-25,'002369,卓翼科技,40.27,41.1,40.23,40.91,40.98,-0.71,-1.7326,1.1328,410241,16637203.74,4027000000.0,1458328920.6
2011-04-22,'002369,卓翼科技,40.98,41.57,40.5,41.2,41.3,-0.32,-0.7748,1.3273,480683,19663870.6,4098000000.0,1484040704.4
2011-04-21,'002369,卓翼科技,41.3,41.82,39.26,39.5,39.38,1.92,4.8756,3.732,1351503,55286639.34,4130000000.0,1495629114.0
2011-04-20,'002369,卓翼科技,39.38,39.4,38.32,38.96,38.87,0.51,1.3121,0.9918,359152,14029472.61,3938000000.0,1426098656.4
2011-04-19,'002369,卓翼科技,38.87,38.87,38.17,38.51,38.98,-0.11,-0.2822,1.2727,460905,17764024.67,3887000000.0,1407629628.6
2011-04-18,'002369,卓翼科技,38.98,39.0,37.8,38.86,38.89,0.09,0.2314,1.36,492515,18864891.92,3898000000.0,1411613144.4
2011-04-15,'002369,卓翼科技,38.89,39.29,38.59,38.8,38.79,0.1,0.2578,0.7096,256970,9989605.75,3889000000.0,1408353904.2
2011-04-14,'002369,卓翼科技,38.79,39.4,38.67,39.09,39.09,-0.3,-0.7675,1.0863,393379,15338882.84,3879000000.0,1404732526.2
2011-04-13,'002369,卓翼科技,39.09,39.28,37.79,37.99,37.75,1.34,3.5497,1.673,605846,23441617.3,3909000000.0,1415596660.2
2011-04-12,'002369,卓翼科技,37.75,38.48,37.4,38.03,38.22,-0.47,-1.2297,2.0141,729381,27542335.69,3775000000.0,1367070195.0
2011-04-11,'002369,卓翼科技,38.22,38.56,36.8,36.8,36.74,1.48,4.0283,3.3911,1228052,46440613.8,3822000000.0,1384090671.6
2011-04-08,'002369,卓翼科技,36.74,36.75,35.6,36.09,35.92,0.82,2.2829,1.9457,704609,25273031.96,3674000000.0,1330494277.2
2011-04-07,'002369,卓翼科技,35.92,36.37,35.72,35.92,35.92,0.0,0.0,0.6255,226512,8160488.53,3592000000.0,1300798977.6
2011-04-06,'002369,卓翼科技,35.92,37.27,35.7,36.7,36.7,-0.78,-2.1253,1.1906,431145,15718225.5,3592000000.0,1300798977.6
2011-04-01,'002369,卓翼科技,36.7,36.7,35.75,36.0,36.1,0.6,1.662,0.5725,207340,7520376.36,3670000000.0,1329045726.0
2011-03-31,'002369,卓翼科技,36.1,36.19,35.56,35.99,36.0,0.1,0.2778,0.614,222344,7961172.45,3610000000.0,1307317458.0
2011-03-30,'002369,卓翼科技,36.0,36.44,35.89,36.44,36.09,-0.09,-0.2494,0.6515,235944,8517224.88,3600000000.0,1303696080.0
2011-03-29,'002369,卓翼科技,36.09,36.77,36.08,36.37,36.25,-0.16,-0.4414,1.1707,423950,15411976.85,3609000000.0,1306955320.2
2011-03-28,'002369,卓翼科技,36.25,37.31,36.2,37.31,37.3,-1.05,-2.815,1.115,403782,14873619.19,3625000000.0,1312749525.0
2011-03-25,'002369,卓翼科技,37.3,38.05,37.01,38.05,38.19,-0.89,-2.3305,1.1751,425550,15906045.6,3730000000.0,1350773994.0
2011-03-24,'002369,卓翼科技,38.19,38.42,37.85,38.2,38.21,-0.02,-0.0523,0.6686,242124,9211317.71,3819000000.0,1383004258.2
2011-03-23,'002369,卓翼科技,38.21,38.46,37.65,38.0,38.06,0.15,0.3941,0.5438,196942,7510764.33,3821000000.0,1383728533.8
2011-03-22,'002369,卓翼科技,38.06,38.39,37.4,38.39,38.15,-0.09,-0.2359,0.5238,189679,7172505.26,3806000000.0,1378296466.8
2011-03-21,'002369,卓翼科技,38.15,38.66,37.95,38.3,38.3,-0.15,-0.3916,0.7087,256655,9778582.99,3815000000.0,1381555707.0
2011-03-18,'002369,卓翼科技,38.3,38.98,38.07,38.58,38.65,-0.35,-0.9056,0.4738,171585,6564594.72,3830000000.0,1386987774.0
2011-03-17,'002369,卓翼科技,38.65,39.58,37.88,39.58,39.68,-1.03,-2.5958,1.9281,698223,26918533.95,3865000000.0,1399662597.0
2011-03-16,'002369,卓翼科技,39.68,40.4,39.6,40.35,40.4,-0.72,-1.7822,2.4455,885600,35264653.29,3968000000.0,1436962790.4
2011-03-15,'002369,卓翼科技,40.4,40.78,39.0,40.41,40.48,-0.08,-0.1976,2.8418,710442,28328984.77,4040000000.0,1010000000.0
2011-03-14,'002369,卓翼科技,40.48,40.61,39.29,39.72,39.72,0.76,1.9134,2.7751,693770,27861718.59,4048000000.0,1012000000.0
2011-03-11,'002369,卓翼科技,39.72,39.88,38.9,39.1,39.2,0.52,1.3265,3.194,798489,31543008.22,3972000000.0,993000000.0
2011-03-10,'002369,卓翼科技,39.2,39.77,38.82,38.9,38.95,0.25,0.6418,2.0633,515829,20329980.09,3920000000.0,980000000.0
2011-03-09,'002369,卓翼科技,38.95,39.2,38.62,38.62,38.68,0.27,0.698,2.1873,546835,21242592.08,3895000000.0,973750000.0
2011-03-08,'002369,卓翼科技,38.68,39.03,38.0,39.03,39.03,-0.35,-0.8967,1.7858,446442,17151858.23,3868000000.0,967000000.0
2011-03-07,'002369,卓翼科技,39.03,39.26,38.7,39.05,38.98,0.05,0.1283,2.2252,556301,21654206.39,3903000000.0,975750000.0
2011-03-04,'002369,卓翼科技,38.98,39.07,38.58,39.07,38.96,0.02,0.0513,1.1454,286345,11136763.88,3898000000.0,974500000.0
2011-03-03,'002369,卓翼科技,38.96,39.19,38.5,38.82,38.78,0.18,0.4642,1.5639,390978,15192535.65,3896000000.0,974000000.0
2011-03-02,'002369,卓翼科技,38.78,39.46,38.37,39.1,39.07,-0.29,-0.7423,2.3967,599164,23186944.16,3878000000.0,969500000.0
2011-03-01,'002369,卓翼科技,39.07,40.0,38.92,39.66,39.7,-0.63,-1.5869,2.8129,703236,27563037.52,3907000000.0,976750000.0
2011-02-28,'002369,卓翼科技,39.7,40.12,38.85,40.11,40.08,-0.38,-0.9481,3.8337,958420,37595543.46,3970000000.0,992500000.0
2011-02-25,'002369,卓翼科技,40.08,41.27,39.82,41.1,41.1,-1.02,-2.4818,1.35,337491,13550963.43,4008000000.0,1002000000.0
2011-02-24,'002369,卓翼科技,41.1,41.35,40.8,41.29,40.99,0.11,0.2684,1.58,394999,16198278.86,4110000000.0,1027500000.0
2011-02-23,'002369,卓翼科技,40.99,41.4,40.39,40.39,40.79,0.2,0.4903,1.8341,458532,18816331.1,4099000000.0,1024750000.0
2011-02-22,'002369,卓翼科技,40.79,42.25,40.7,42.25,42.25,-1.46,-3.4556,2.3802,595043,24588724.37,4079000000.0,1019750000.0
2011-02-21,'002369,卓翼科技,42.25,42.58,40.0,40.55,40.6,1.65,4.064,2.3325,583116,24413318.5,4225000000.0,1056250000.0
2011-02-18,'002369,卓翼科技,40.6,41.66,40.5,41.66,41.61,-1.01,-2.4273,1.3084,327098,13378529.31,4060000000.0,1015000000.0
2011-02-17,'002369,卓翼科技,41.61,42.1,40.81,40.97,40.95,0.66,1.6117,4.5184,1129591,46752995.54,4161000000.0,1040250000.0
2011-02-16,'002369,卓翼科技,40.95,40.95,39.48,39.91,40.16,0.79,1.9671,4.4043,1101083,43970959.59,4095000000.0,1023750000.0
2011-02-15,'002369,卓翼科技,40.16,41.1,40.1,41.0,40.76,-0.6,-1.472,1.766,441500,17936974.77,4016000000.0,1004000000.0
2011-02-14,'002369,卓翼科技,40.76,41.14,39.81,39.81,39.8,0.96,2.4121,1.4682,367053,14989141.86,4076000000.0,1019000000.0
2011-02-11,'002369,卓翼科技,39.8,40.4,39.7,39.7,40.03,-0.23,-0.5746,0.9631,240765,9626570.6,3980000000.0,995000000.0
2011-02-10,'002369,卓翼科技,40.03,40.2,38.53,38.98,38.8,1.23,3.1701,1.7268,431702,16963321.4,4003000000.0,1000750000.0
2011-02-09,'002369,卓翼科技,38.8,39.2,37.54,37.55,38.3,0.5,1.3055,1.1214,280347,10855162.35,3880000000.0,970000000.0
2011-02-01,'002369,卓翼科技,38.3,38.97,38.1,38.11,38.48,-0.18,-0.4678,0.7049,176232,6772433.87,3830000000.0,957500000.0
2011-01-31,'002369,卓翼科技,38.48,38.54,37.52,38.2,38.2,0.28,0.733,0.8833,220819,8455301.19,3848000000.0,962000000.0
2011-01-28,'002369,卓翼科技,38.2,38.7,37.91,38.35,38.4,-0.2,-0.5208,0.7245,181116,6941845.48,3820000000.0,955000000.0
2011-01-27,'002369,卓翼科技,38.4,38.95,37.88,38.0,38.31,0.09,0.2349,0.6601,165032,6348704.45,3840000000.0,960000000.0
2011-01-26,'002369,卓翼科技,38.31,38.5,36.74,36.8,36.4,1.91,5.2473,1.3717,342922,12957801.68,3831000000.0,957750000.0
2011-01-25,'002369,卓翼科技,36.4,37.0,35.55,36.6,36.9,-0.5,-1.355,1.7875,446881,16173262.29,3640000000.0,910000000.0
2011-01-24,'002369,卓翼科技,36.9,39.45,36.8,39.13,39.13,-2.23,-5.699,1.2283,307080,11559299.91,3690000000.0,922500000.0
2011-01-21,'002369,卓翼科技,39.13,39.78,38.18,38.18,38.91,0.22,0.5654,0.6576,164394,6422483.53,3913000000.0,978250000.0
2011-01-20,'002369,卓翼科技,38.91,40.45,38.61,40.03,40.27,-1.36,-3.3772,1.1429,285732,11349867.45,3891000000.0,972750000.0
2011-01-19,'002369,卓翼科技,40.27,40.28,38.8,38.84,38.64,1.63,4.2184,1.327,331743,13265613.62,4027000000.0,1006750000.0
2011-01-18,'002369,卓翼科技,38.64,38.97,37.6,38.57,38.57,0.07,0.1815,0.7984,199609,7699432.3,3864000000.0,966000000.0
2011-01-17,'002369,卓翼科技,38.57,39.2,37.09,38.6,39.34,-0.77,-1.9573,1.8689,467227,17733679.54,3857000000.0,964250000.0
2011-01-14,'002369,卓翼科技,39.34,40.5,38.72,40.06,40.66,-1.32,-3.2464,2.098,524498,20621897.31,3934000000.0,983500000.0
2011-01-13,'002369,卓翼科技,40.66,42.08,40.53,41.4,40.91,-0.25,-0.6111,2.0973,524332,21773769.36,4066000000.0,1016500000.0
2011-01-12,'002369,卓翼科技,40.91,41.97,40.53,41.41,41.45,-0.54,-1.3028,1.3515,337880,13857598.77,4091000000.0,1022750000.0
2011-01-11,'002369,卓翼科技,41.45,41.9,40.62,41.0,41.6,-0.15,-0.3606,0.7737,193423,7991844.52,4145000000.0,1036250000.0
2011-01-10,'002369,卓翼科技,41.6,43.1,41.01,43.1,42.75,-1.15,-2.6901,2.0206,505140,21068921.39,4160000000.0,1040000000.0
2011-01-07,'002369,卓翼科技,42.75,43.54,42.2,42.67,43.15,-0.4,-0.927,1.4005,350120,15011958.87,4275000000.0,1068750000.0
2011-01-06,'002369,卓翼科技,43.15,44.58,42.3,44.3,44.0,-0.85,-1.9318,1.9026,475652,20586355.38,4315000000.0,1078750000.0
2011-01-05,'002369,卓翼科技,44.0,45.29,43.9,45.06,45.6,-1.6,-3.5088,2.3541,588517,26132236.27,4400000000.0,1100000000.0
2011-01-04,'002369,卓翼科技,45.6,46.33,44.01,45.24,45.24,0.36,0.7958,2.4832,620798,28273032.74,4560000000.0,1140000000.0
2010-12-31,'002369,卓翼科技,45.24,45.25,44.3,44.78,44.49,0.75,1.6858,1.5818,395444,17680863.35,4524000000.0,1131000000.0
2010-12-30,'002369,卓翼科技,44.49,45.48,42.71,43.28,42.99,1.5,3.4892,3.7397,934926,41550386.71,4449000000.0,1112250000.0
2010-12-29,'002369,卓翼科技,42.99,43.88,41.15,42.05,41.72,1.27,3.0441,3.1631,790780,34043186.54,4299000000.0,1074750000.0
2010-12-28,'002369,卓翼科技,41.72,42.08,40.0,40.99,41.12,0.6,1.4591,1.9023,475575,19367753.22,4172000000.0,1043000000.0
2010-12-27,'002369,卓翼科技,41.12,44.8,40.83,44.2,43.6,-2.48,-5.6881,3.7546,938662,39980306.23,4112000000.0,1028000000.0
2010-12-24,'002369,卓翼科技,43.6,44.85,42.65,43.5,43.98,-0.38,-0.864,3.0249,756214,33273366.02,4360000000.0,1090000000.0
2010-12-23,'002369,卓翼科技,43.98,45.75,43.61,45.75,46.0,-2.02,-4.3913,2.8164,704099,31364815.57,4398000000.0,1099500000.0
2010-12-22,'002369,卓翼科技,46.0,46.6,44.82,45.7,45.8,0.2,0.4367,3.6533,913331,41862466.26,4600000000.0,1150000000.0
2010-12-21,'002369,卓翼科技,45.8,45.8,42.5,42.75,43.76,2.04,4.6618,5.907,1476754,65783406.39,4580000000.0,1145000000.0
2010-12-20,'002369,卓翼科技,43.76,44.15,41.35,43.48,43.92,-0.16,-0.3643,3.6896,922398,39540690.96,4376000000.0,1094000000.0
2010-12-17,'002369,卓翼科技,43.92,44.27,43.55,43.72,43.88,0.04,0.0912,1.2002,300043,13141192.89,4392000000.0,1098000000.0
2010-12-16,'002369,卓翼科技,43.88,44.52,43.5,43.75,43.75,0.13,0.2971,2.8099,702477,30900206.64,4388000000.0,1097000000.0
2010-12-15,'002369,卓翼科技,43.75,44.9,43.4,44.28,44.25,-0.5,-1.1299,2.3723,593067,26278611.18,4375000000.0,1093750000.0
2010-12-14,'002369,卓翼科技,44.25,44.93,43.56,44.4,44.3,-0.05,-0.1129,2.4992,624812,27640298.26,4425000000.0,1106250000.0
2010-12-13,'002369,卓翼科技,44.3,44.95,43.36,43.36,43.12,1.18,2.7365,3.1568,789188,34957469.77,4430000000.0,1107500000.0
2010-12-10,'002369,卓翼科技,43.12,43.75,41.0,41.6,41.87,1.25,2.9854,4.4839,1120972,48207217.82,4312000000.0,1078000000.0
2010-12-09,'002369,卓翼科技,41.87,42.28,40.5,41.8,41.8,0.07,0.1675,2.8802,720048,29731485.09,4187000000.0,1046750000.0
2010-12-08,'002369,卓翼科技,41.8,42.96,41.04,41.5,41.49,0.31,0.7472,4.5078,1126941,47657581.7,4180000000.0,1045000000.0
2010-12-07,'002369,卓翼科技,41.49,41.5,38.85,39.2,39.26,2.23,5.6801,3.3355,833873,33781278.19,4149000000.0,1037250000.0
2010-12-06,'002369,卓翼科技,39.26,40.96,38.54,40.48,40.48,-1.22,-3.0138,3.5697,892435,35121608.86,3926000000.0,981500000.0
2010-12-03,'002369,卓翼科技,40.48,41.8,40.2,41.56,41.36,-0.88,-2.1277,2.3938,598438,24465369.55,4048000000.0,1012000000.0
2010-12-02,'002369,卓翼科技,41.36,42.6,41.2,41.46,40.9,0.46,1.1247,2.8009,700220,29331306.44,4136000000.0,1034000000.0
2010-12-01,'002369,卓翼科技,40.9,42.24,40.3,41.18,41.24,-0.34,-0.8244,2.7402,685041,28103322.95,4090000000.0,1022500000.0
2010-11-30,'002369,卓翼科技,41.24,43.78,40.8,43.39,43.71,-2.47,-5.6509,5.5393,1384824,57758900.57,4124000000.0,1031000000.0
2010-11-29,'002369,卓翼科技,43.71,43.86,41.8,42.08,42.81,0.9,2.1023,5.7935,1448376,62217834.4,4371000000.0,1092750000.0
2010-11-26,'002369,卓翼科技,42.81,43.45,42.15,42.15,42.88,-0.07,-0.1632,4.7221,1180534,50660495.68,4281000000.0,1070250000.0
2010-11-25,'002369,卓翼科技,42.88,44.7,42.06,43.98,43.86,-0.98,-2.2344,7.3765,1844124,79746044.61,4288000000.0,1072000000.0
2010-11-24,'002369,卓翼科技,43.86,44.3,43.01,43.8,43.53,0.33,0.7581,6.9406,1735159,75763362.6,4386000000.0,1096500000.0
2010-11-23,'002369,卓翼科技,43.53,44.4,42.4,42.9,43.6,-0.07,-0.1606,7.9334,1983347,85738827.27,4353000000.0,1088250000.0
2010-11-22,'002369,卓翼科技,43.6,43.6,40.23,40.75,40.75,2.85,6.9939,13.8556,3463907,146328664.54,4360000000.0,1090000000.0
2010-11-19,'002369,卓翼科技,40.75,41.53,37.51,37.51,37.75,3.0,7.947,10.6332,2658297,106231155.65,4075000000.0,1018750000.0
2010-11-18,'002369,卓翼科技,37.75,37.98,35.13,36.96,36.65,1.1,3.0014,6.8272,1706793,62397710.3,3775000000.0,943750000.0
2010-11-17,'002369,卓翼科技,36.65,37.98,36.59,37.29,37.9,-1.25,-3.2982,5.3579,1339463,49852367.82,3665000000.0,916250000.0
2010-11-16,'002369,卓翼科技,37.9,39.3,36.5,37.6,37.6,0.3,0.7979,11.7939,2948482,112298935.13,3790000000.0,947500000.0
2010-11-15,'002369,卓翼科技,37.6,37.6,35.92,36.1,35.8,1.8,5.0279,7.8268,1956707,71952665.66,3760000000.0,940000000.0
2010-11-12,'002369,卓翼科技,35.8,39.0,35.8,38.7,39.09,-3.29,-8.4165,10.389,2597240,96445681.68,3580000000.0,895000000.0
2010-11-11,'002369,卓翼科技,39.09,39.6,38.5,39.0,39.2,-0.11,-0.2806,6.7054,1676350,65430403.02,3909000000.0,977250000.0
2010-11-10,'002369,卓翼科技,39.2,40.1,38.81,39.33,39.3,-0.1,-0.2545,4.3646,1091145,42982575.2,3920000000.0,980000000.0
2010-11-09,'002369,卓翼科技,39.3,39.88,38.5,39.88,39.98,-0.68,-1.7009,5.4118,1352944,52942561.49,3930000000.0,982500000.0
2010-11-08,'002369,卓翼科技,39.98,40.5,38.4,38.57,38.65,1.33,3.4411,10.8601,2715026,106673687.69,3998000000.0,999500000.0
2010-11-05,'002369,卓翼科技,38.65,39.37,36.32,36.95,36.7,1.95,5.3134,10.1842,2546053,96726291.07,3865000000.0,966250000.0
2010-11-04,'002369,卓翼科技,36.7,37.0,35.55,36.89,36.9,-0.2,-0.542,9.1845,2296116,83073439.87,3670000000.0,917500000.0
2010-11-03,'002369,卓翼科技,36.9,38.29,36.53,37.1,36.5,0.4,1.0959,7.5886,1897142,71088969.71,3690000000.0,922500000.0
2010-11-02,'002369,卓翼科技,36.5,38.42,36.4,37.66,37.89,-1.39,-3.6685,10.3995,2599884,97686784.58,3650000000.0,912500000.0
2010-11-01,'002369,卓翼科技,37.89,38.65,36.5,36.5,36.26,1.63,4.4953,8.4225,2105629,79324931.64,3789000000.0,947250000.0
2010-10-29,'002369,卓翼科技,36.26,36.9,35.0,35.5,35.5,0.76,2.1408,10.8188,2704701,97545844.9,3626000000.0,906500000.0
2010-10-28,'002369,卓翼科技,35.5,35.86,34.13,34.66,34.74,0.76,2.1877,11.8509,2962724,104197928.97,3550000000.0,887500000.0
2010-10-27,'002369,卓翼科技,34.74,34.97,33.68,34.6,34.82,-0.08,-0.2298,12.0147,3003673,103528145.46,3474000000.0,868500000.0
2010-10-26,'002369,卓翼科技,34.82,35.0,33.2,33.88,33.42,1.4,4.1891,12.6007,3150166,107574237.94,3482000000.0,870500000.0
2010-10-25,'002369,卓翼科技,33.42,33.45,31.99,31.99,31.9,1.52,4.7649,7.7186,1929651,63604248.11,3342000000.0,835500000.0
2010-10-22,'002369,卓翼科技,31.9,32.12,31.53,31.8,31.75,0.15,0.4724,3.9488,987188,31387971.78,3190000000.0,797500000.0
2010-10-21,'002369,卓翼科技,31.75,31.8,31.01,31.2,31.0,0.75,2.4194,4.9607,1240176,39027673.27,3175000000.0,793750000.0
2010-10-20,'002369,卓翼科技,31.0,31.48,30.51,30.9,31.09,-0.09,-0.2895,4.0643,1016073,31566139.08,3100000000.0,775000000.0
2010-10-19,'002369,卓翼科技,31.09,31.3,29.75,29.99,30.0,1.09,3.6333,3.5302,882562,27229901.44,3109000000.0,777250000.0
2010-10-18,'002369,卓翼科技,30.0,30.15,28.5,29.15,29.45,0.55,1.8676,3.7151,928784,27254880.73,3000000000.0,750000000.0
2010-10-15,'002369,卓翼科技,29.45,29.7,29.0,29.38,29.69,-0.24,-0.8084,4.0245,1006124,29471807.45,2945000000.0,736250000.0
2010-10-14,'002369,卓翼科技,29.69,30.89,29.69,30.68,30.65,-0.96,-3.1321,3.6436,910894,27458745.66,2969000000.0,742250000.0
2010-10-13,'002369,卓翼科技,30.65,31.2,30.19,31.2,31.22,-0.57,-1.8258,3.8072,951805,29033935.76,3065000000.0,766250000.0
2010-10-12,'002369,卓翼科技,31.22,31.42,31.05,31.05,31.16,0.06,0.1926,2.4174,604350,18866518.11,3122000000.0,780500000.0
2010-10-11,'002369,卓翼科技,31.16,31.66,30.88,30.92,30.89,0.27,0.8741,3.1675,791878,24719115.84,3116000000.0,779000000.0
2010-10-08,'002369,卓翼科技,30.89,31.1,30.3,30.3,30.2,0.69,2.2848,2.2932,573304,17679132.98,3089000000.0,772250000.0
2010-09-30,'002369,卓翼科技,30.2,30.31,29.66,29.87,29.88,0.32,1.071,1.5678,391962,11782254.09,3020000000.0,755000000.0
2010-09-29,'002369,卓翼科技,29.88,30.99,29.59,30.81,30.89,-1.01,-3.2697,3.1512,787795,23854007.83,2988000000.0,747000000.0
2010-09-28,'002369,卓翼科技,30.89,31.5,30.81,31.29,31.2,-0.31,-0.9936,2.1749,543714,16922321.34,3089000000.0,772250000.0
2010-09-27,'002369,卓翼科技,31.2,31.2,30.73,30.8,30.68,0.52,1.6949,2.3087,577177,17914747.38,3120000000.0,780000000.0
2010-09-21,'002369,卓翼科技,30.68,30.99,30.62,30.63,30.76,-0.08,-0.2601,1.4785,369633,11374925.88,3068000000.0,767000000.0
2010-09-20,'002369,卓翼科技,30.76,31.1,30.69,30.72,30.69,0.07,0.2281,2.2754,568845,17550012.84,3076000000.0,769000000.0
2010-09-17,'002369,卓翼科技,30.69,31.38,30.61,31.21,31.11,-0.42,-1.35,3.1735,793368,24472371.59,3069000000.0,767250000.0
2010-09-16,'002369,卓翼科技,31.11,32.6,30.82,32.39,32.39,-1.28,-3.9518,5.1593,1289830,40522183.54,3111000000.0,777750000.0
2010-09-15,'002369,卓翼科技,32.39,33.88,32.23,33.74,33.61,-1.22,-3.6299,4.7846,1196154,39627460.24,3239000000.0,809750000.0
2010-09-14,'002369,卓翼科技,33.61,33.73,33.1,33.36,33.35,0.26,0.7796,5.601,1400245,46769176.56,3361000000.0,840250000.0
2010-09-13,'002369,卓翼科技,33.35,33.49,32.81,32.88,32.92,0.43,1.3062,5.1362,1284044,42715735.86,3335000000.0,833750000.0
2010-09-10,'002369,卓翼科技,32.92,32.95,32.08,32.61,32.6,0.32,0.9816,5.254,1313491,42677540.31,3292000000.0,823000000.0
2010-09-09,'002369,卓翼科技,32.6,33.5,32.55,33.27,33.26,-0.66,-1.9844,5.6232,1405811,46440465.78,3260000000.0,815000000.0
2010-09-08,'002369,卓翼科技,33.26,33.3,32.7,33.03,33.16,0.1,0.3016,4.3691,1092271,36089490.15,3326000000.0,831500000.0
2010-09-07,'002369,卓翼科技,33.16,33.25,32.56,32.82,32.82,0.34,1.036,4.1862,1046547,34415497.98,3316000000.0,829000000.0
2010-09-06,'002369,卓翼科技,32.82,34.27,32.81,33.99,33.99,-1.17,-3.4422,8.2331,2058270,68410805.21,3282000000.0,820500000.0
2010-09-03,'002369,卓翼科技,33.99,34.38,33.78,34.28,34.4,-0.41,-1.1919,7.8259,1956470,66604668.12,3399000000.0,849750000.0
2010-09-02,'002369,卓翼科技,34.9,34.96,34.1,34.55,34.28,0.62,1.8086,6.5342,1633552,56496287.31,3490000000.0,872500000.0
2010-09-01,'002369,卓翼科技,34.28,35.54,33.8,35.3,35.36,-1.08,-3.0543,8.2503,2062572,71296203.62,3428000000.0,857000000.0
2010-08-31,'002369,卓翼科技,35.36,35.76,34.45,34.7,34.88,0.48,1.3761,9.7092,2427292,85178066.77,3536000000.0,884000000.0
2010-08-30,'002369,卓翼科技,34.88,34.96,34.32,34.4,34.51,0.37,1.0722,8.4611,2115266,73329683.46,3488000000.0,872000000.0
2010-08-27,'002369,卓翼科技,34.51,35.0,33.61,33.8,33.3,1.21,3.6336,11.5259,2881467,99435009.35,3451000000.0,862750000.0
2010-08-26,'002369,卓翼科技,33.3,33.38,32.42,32.85,32.85,0.45,1.3699,4.8849,1221213,40215742.51,3330000000.0,832500000.0
2010-08-25,'002369,卓翼科技,32.85,33.48,32.71,32.9,33.11,-0.26,-0.7853,4.1328,1033199,34179628.37,3285000000.0,821250000.0
2010-08-24,'002369,卓翼科技,33.11,33.49,32.52,32.86,32.86,0.25,0.7608,3.4837,870918,28867016.66,3311000000.0,827750000.0
2010-08-23,'002369,卓翼科技,32.86,33.15,32.7,32.79,32.79,0.07,0.2135,2.9821,745533,24544013.65,3286000000.0,821500000.0
2010-08-20,'002369,卓翼科技,32.79,33.89,32.7,33.48,33.47,-0.68,-2.0317,5.5911,1397766,46535401.73,3279000000.0,819750000.0
2010-08-19,'002369,卓翼科技,33.47,33.9,33.42,33.6,33.72,-0.25,-0.7414,5.5872,1396798,47022632.99,3347000000.0,836750000.0
2010-08-18,'002369,卓翼科技,33.72,34.48,33.57,34.11,34.37,-0.65,-1.8912,5.7028,1425697,48328193.95,3372000000.0,843000000.0
2010-08-17,'002369,卓翼科技,34.37,34.99,33.95,34.99,34.32,0.05,0.1457,7.9797,1994922,68610792.19,3437000000.0,859250000.0
2010-08-16,'002369,卓翼科技,0.0,0.0,0.0,0.0,34.32,None,None,0.0,0,0.0,3432000000.0,858000000.0
2010-08-13,'002369,卓翼科技,34.32,34.5,33.51,33.51,33.43,0.89,2.6623,8.7122,2178051,74283715.83,3432000000.0,858000000.0
2010-08-12,'002369,卓翼科技,33.43,33.92,33.33,33.63,33.95,-0.52,-1.5317,5.1961,1299022,43621445.71,3343000000.0,835750000.0
2010-08-11,'002369,卓翼科技,33.95,33.98,33.33,33.5,33.64,0.31,0.9215,6.2787,1569674,52953082.79,3395000000.0,848750000.0
2010-08-10,'002369,卓翼科技,33.64,34.55,33.61,33.99,33.85,-0.21,-0.6204,9.6947,2423685,82443680.03,3364000000.0,841000000.0
2010-08-09,'002369,卓翼科技,33.85,34.16,33.65,34.16,33.92,-0.07,-0.2064,8.3041,2076033,70274178.18,3385000000.0,846250000.0
2010-08-06,'002369,卓翼科技,33.92,33.95,33.37,33.65,33.45,0.47,1.4051,8.2161,2054024,69175536.14,3392000000.0,848000000.0
2010-08-05,'002369,卓翼科技,33.45,33.68,32.96,33.0,32.98,0.47,1.4251,8.067,2016761,67339460.5,3345000000.0,836250000.0
2010-08-04,'002369,卓翼科技,32.98,32.98,31.96,32.18,32.18,0.8,2.486,5.9185,1479613,47947722.76,3298000000.0,824500000.0
2010-08-03,'002369,卓翼科技,32.18,33.0,32.16,33.0,33.03,-0.85,-2.5734,6.1865,1546613,50404421.99,3218000000.0,804500000.0
2010-08-02,'002369,卓翼科技,33.03,33.17,32.2,32.8,32.79,0.24,0.7319,7.874,1968494,64463807.91,3303000000.0,825750000.0
2010-07-30,'002369,卓翼科技,32.79,33.2,31.78,31.78,31.78,1.01,3.1781,12.2153,3053832,99755077.77,3279000000.0,819750000.0
2010-07-29,'002369,卓翼科技,0.0,0.0,0.0,0.0,31.78,None,None,0.0,0,0.0,3178000000.0,794500000.0
2010-07-28,'002369,卓翼科技,31.78,31.93,31.05,31.27,31.27,0.51,1.631,7.7437,1935918,61451655.62,3178000000.0,794500000.0
2010-07-27,'002369,卓翼科技,31.27,31.76,31.15,31.68,31.93,-0.66,-2.067,5.6405,1410124,44263197.0,3127000000.0,781750000.0
2010-07-26,'002369,卓翼科技,31.93,32.06,31.21,31.21,31.19,0.74,2.3726,5.9246,1481161,47021156.97,3193000000.0,798250000.0
2010-07-23,'002369,卓翼科技,31.19,31.56,30.65,31.45,31.39,-0.2,-0.6371,5.2305,1307628,40537994.6,3119000000.0,779750000.0
2010-07-22,'002369,卓翼科技,31.39,31.45,30.8,30.95,31.06,0.33,1.0625,4.4758,1118949,34868600.4,3139000000.0,784750000.0
2010-07-21,'002369,卓翼科技,31.06,31.89,31.05,31.37,31.33,-0.27,-0.8618,6.4134,1603342,50372452.79,3106000000.0,776500000.0
2010-07-20,'002369,卓翼科技,31.33,31.37,30.51,30.88,30.88,0.45,1.4573,7.2214,1805347,56139824.61,3133000000.0,783250000.0
2010-07-19,'002369,卓翼科技,30.88,30.98,29.5,29.61,30.2,0.68,2.2517,6.5811,1645268,50466306.5,3088000000.0,772000000.0
2010-07-16,'002369,卓翼科技,30.2,30.26,29.18,29.49,29.82,0.38,1.2743,4.0629,1015725,30043864.62,3020000000.0,755000000.0
2010-07-15,'002369,卓翼科技,29.82,31.16,29.8,30.21,30.29,-0.47,-1.5517,5.2995,1324870,40403482.94,2982000000.0,745500000.0
2010-07-14,'002369,卓翼科技,30.29,30.99,30.0,30.7,30.78,-0.49,-1.5919,6.8447,1711170,52153499.77,3029000000.0,757250000.0
2010-07-13,'002369,卓翼科技,30.78,31.46,30.2,30.2,29.79,0.99,3.3233,9.4082,2352051,72488416.41,3078000000.0,769500000.0
2010-07-12,'002369,卓翼科技,29.79,30.49,29.58,29.8,29.61,0.18,0.6079,5.7761,1444024,43307883.08,2979000000.0,744750000.0
2010-07-09,'002369,卓翼科技,29.61,30.1,28.25,28.58,28.57,1.04,3.6402,7.7347,1933675,56680321.17,2961000000.0,740250000.0
2010-07-08,'002369,卓翼科技,28.57,29.0,27.91,28.79,28.86,-0.29,-1.0049,6.0519,1512967,43000326.07,2857000000.0,714250000.0
2010-07-07,'002369,卓翼科技,28.86,28.92,27.85,27.85,27.85,1.01,3.6266,5.8296,1457392,41357211.79,2886000000.0,721500000.0
2010-07-06,'002369,卓翼科技,27.85,27.98,26.5,26.8,26.8,1.05,3.9179,4.6868,1171705,32323603.85,2785000000.0,696250000.0
2010-07-05,'002369,卓翼科技,26.8,27.09,26.0,26.83,27.12,-0.32,-1.1799,3.7966,949155,25202163.29,2680000000.0,670000000.0
2010-07-02,'002369,卓翼科技,27.12,28.48,25.98,28.47,28.3,-1.18,-4.1696,6.3883,1597084,43286791.91,2712000000.0,678000000.0
2010-07-01,'002369,卓翼科技,28.3,29.65,28.25,29.15,29.59,-1.29,-4.3596,6.5816,1645406,47760134.33,2830000000.0,707500000.0
2010-06-30,'002369,卓翼科技,29.59,29.83,28.9,29.48,29.73,-0.14,-0.4709,4.2918,1072950,31548009.54,2959000000.0,739750000.0
2010-06-29,'002369,卓翼科技,29.73,31.8,29.73,31.4,31.73,-2.0,-6.3032,5.0041,1251019,38070609.25,2973000000.0,743250000.0
2010-06-28,'002369,卓翼科技,31.73,31.87,30.58,31.7,31.81,-0.08,-0.2515,3.812,953000,30055032.64,3173000000.0,793250000.0
2010-06-25,'002369,卓翼科技,31.81,32.79,31.35,32.43,32.88,-1.07,-3.2543,5.2926,1323145,42200454.57,3181000000.0,795250000.0
2010-06-24,'002369,卓翼科技,32.88,32.95,32.3,32.95,32.83,0.05,0.1523,3.673,918253,30003179.04,3288000000.0,822000000.0
2010-06-23,'002369,卓翼科技,32.83,33.22,32.0,32.26,32.5,0.33,1.0154,5.0395,1259884,41164710.34,3283000000.0,820750000.0
2010-06-22,'002369,卓翼科技,32.5,32.72,31.6,31.9,32.0,0.5,1.5625,5.6517,1412924,45738250.76,3250000000.0,812500000.0
2010-06-21,'002369,卓翼科技,32.0,32.15,30.6,30.72,30.69,1.31,4.2685,5.7167,1429176,44780740.1,3200000000.0,800000000.0
2010-06-18,'002369,卓翼科技,30.69,33.6,30.3,33.32,33.56,-2.87,-8.5518,9.9637,2490934,79496672.64,3069000000.0,767250000.0
2010-06-17,'002369,卓翼科技,33.56,35.0,33.5,34.68,35.0,-1.44,-4.1143,11.9555,2988866,102820215.4,3356000000.0,839000000.0
2010-06-11,'002369,卓翼科技,35.0,35.87,34.85,35.79,35.6,-0.6,-1.6854,6.8072,1361430,48084713.65,3500000000.0,700000000.0
2010-06-10,'002369,卓翼科技,35.6,35.86,34.82,34.88,35.17,0.43,1.2226,8.6456,1729123,61390793.49,3560000000.0,712000000.0
2010-06-09,'002369,卓翼科技,35.17,35.48,34.62,35.34,35.12,0.05,0.1424,8.8884,1777681,62328394.91,3517000000.0,703400000.0
2010-06-08,'002369,卓翼科技,35.12,35.48,34.44,34.75,34.96,0.16,0.4577,12.6349,2526976,88518875.47,3512000000.0,702400000.0
2010-06-07,'002369,卓翼科技,34.96,35.0,32.56,32.7,33.05,1.91,5.7791,13.5659,2713181,92978051.09,3496000000.0,699200000.0
2010-06-04,'002369,卓翼科技,33.05,33.2,32.08,32.11,32.35,0.7,2.1638,4.1809,836184,27308045.92,3305000000.0,661000000.0
2010-06-03,'002369,卓翼科技,32.35,33.49,32.35,32.68,32.53,-0.18,-0.5533,6.8463,1369256,45134556.0,3235000000.0,647000000.0
2010-06-02,'002369,卓翼科技,32.53,32.54,31.4,32.02,32.02,0.51,1.5928,4.7502,950038,30392178.77,3253000000.0,650600000.0
2010-06-01,'002369,卓翼科技,32.02,32.78,31.31,32.3,32.9,-0.88,-2.6748,5.6791,1135825,36472726.09,3202000000.0,640400000.0
2010-05-31,'002369,卓翼科技,32.9,34.12,32.9,33.5,33.76,-0.86,-2.5474,4.9974,999482,33608315.51,3290000000.0,658000000.0
2010-05-28,'002369,卓翼科技,33.76,34.65,33.4,34.55,34.23,-0.47,-1.3731,6.9478,1389551,47268998.29,3376000000.0,675200000.0
2010-05-27,'002369,卓翼科技,34.23,34.5,32.7,33.49,33.6,0.63,1.875,7.2189,1443788,48695305.65,3423000000.0,684600000.0
2010-05-26,'002369,卓翼科技,33.6,34.1,33.21,33.78,33.72,-0.12,-0.3559,4.9013,980266,32949127.33,3360000000.0,672000000.0
2010-05-25,'002369,卓翼科技,33.72,34.41,33.25,34.08,34.5,-0.78,-2.2609,9.7099,1941977,65672713.56,3372000000.0,674400000.0
2010-05-24,'002369,卓翼科技,34.5,34.65,33.18,33.4,33.4,1.1,3.2934,14.3029,2860575,97580325.1,3450000000.0,690000000.0
2010-05-21,'002369,卓翼科技,33.4,33.5,30.55,31.0,32.09,1.31,4.0823,10.9017,2180336,70555919.18,3340000000.0,668000000.0
2010-05-20,'002369,卓翼科技,32.09,33.4,31.51,31.51,32.17,-0.08,-0.2487,10.563,2112597,68985195.12,3209000000.0,641800000.0
2010-05-19,'002369,卓翼科技,32.17,32.55,30.44,30.51,30.9,1.27,4.11,9.5638,1912750,60769234.88,3217000000.0,643400000.0
2010-05-18,'002369,卓翼科技,30.9,31.2,29.5,29.5,29.81,1.09,3.6565,5.6306,1126127,34191977.99,3090000000.0,618000000.0
2010-05-17,'002369,卓翼科技,29.81,32.3,29.8,31.98,32.52,-2.71,-8.3333,6.1647,1232936,38512615.26,2981000000.0,596200000.0
2010-05-14,'002369,卓翼科技,32.52,32.68,30.91,31.31,31.74,0.78,2.4575,8.0042,1600836,51126572.32,3252000000.0,650400000.0
2010-05-13,'002369,卓翼科技,31.74,31.98,29.8,30.98,30.9,0.84,2.7184,6.9972,1399438,43557567.67,3174000000.0,634800000.0
2010-05-12,'002369,卓翼科技,30.9,32.1,30.21,31.03,31.75,-0.85,-2.6772,5.765,1153001,35781192.27,3090000000.0,618000000.0
2010-05-11,'002369,卓翼科技,31.75,33.79,31.61,33.4,32.68,-0.93,-2.8458,5.5389,1107780,36242944.74,3175000000.0,635000000.0
2010-05-10,'002369,卓翼科技,32.68,34.34,31.3,33.82,33.9,-1.22,-3.5988,7.2658,1453153,47354386.94,3268000000.0,653600000.0
2010-05-07,'002369,卓翼科技,33.9,34.8,33.1,33.55,35.43,-1.53,-4.3184,8.1029,1620583,55103503.06,3390000000.0,678000000.0
2010-05-06,'002369,卓翼科技,0.0,0.0,0.0,0.0,35.43,None,None,0.0,0,0.0,3543000000.0,708600000.0
2010-05-05,'002369,卓翼科技,35.43,35.43,33.18,33.79,33.75,1.68,4.9778,8.7103,1742059,60485960.44,3543000000.0,708600000.0
2010-05-04,'002369,卓翼科技,33.75,34.28,32.2,32.48,32.9,0.85,2.5836,6.5548,1310963,44076328.27,3375000000.0,675000000.0
2010-04-30,'002369,卓翼科技,32.9,34.38,32.13,33.75,34.01,-1.11,-3.2637,9.5625,1912508,63671473.07,3290000000.0,658000000.0
2010-04-29,'002369,卓翼科技,34.01,37.78,33.96,37.5,37.33,-3.32,-8.8937,10.6709,2134178,76929297.42,3401000000.0,680200000.0
2010-04-28,'002369,卓翼科技,37.33,37.94,36.0,37.0,37.97,-0.64,-1.6855,8.5292,1705843,63012803.77,3733000000.0,746600000.0
2010-04-27,'002369,卓翼科技,37.97,39.43,37.35,38.1,37.0,0.97,2.6216,17.7518,3550362,136464805.42,3797000000.0,759400000.0
2010-04-26,'002369,卓翼科技,37.0,38.95,35.88,38.57,38.54,-1.54,-3.9958,12.1034,2420681,90302819.12,3700000000.0,740000000.0
2010-04-23,'002369,卓翼科技,38.54,40.05,38.45,39.11,39.46,-0.92,-2.3315,10.3585,2071708,81029201.43,3854000000.0,770800000.0
2010-04-22,'002369,卓翼科技,39.46,40.48,38.68,39.31,39.59,-0.13,-0.3284,13.325,2665004,105717424.26,3946000000.0,789200000.0
2010-04-21,'002369,卓翼科技,39.59,39.98,37.25,37.5,37.87,1.72,4.5419,17.536,3507197,135462038.9,3959000000.0,791800000.0
2010-04-20,'002369,卓翼科技,37.87,37.95,35.59,36.99,37.07,0.8,2.1581,11.3188,2263760,83517022.62,3787000000.0,757400000.0
2010-04-19,'002369,卓翼科技,37.07,38.18,35.8,36.19,36.23,0.84,2.3185,16.3843,3276860,122902364.32,3707000000.0,741400000.0
2010-04-16,'002369,卓翼科技,36.23,36.94,35.02,35.25,35.25,0.98,2.7801,9.8355,1967104,70884092.23,3623000000.0,724600000.0
2010-04-15,'002369,卓翼科技,35.25,37.9,34.98,37.74,37.42,-2.17,-5.799,15.1706,3034118,108926560.32,3525000000.0,705000000.0
2010-04-14,'002369,卓翼科技,37.42,38.5,37.1,37.1,37.99,-0.57,-1.5004,10.6531,2130627,80232975.57,3742000000.0,748400000.0
2010-04-13,'002369,卓翼科技,37.99,42.1,37.6,41.9,41.78,-3.79,-9.0713,25.6629,5132573,199910646.64,3799000000.0,759800000.0
2010-04-12,'002369,卓翼科技,41.78,42.31,40.22,41.02,41.28,0.5,1.2112,17.5728,3514550,145215431.54,4178000000.0,835600000.0
2010-04-09,'002369,卓翼科技,41.28,41.68,40.01,40.01,40.65,0.63,1.5498,13.477,2695391,110350493.98,4128000000.0,825600000.0
2010-04-08,'002369,卓翼科技,40.65,43.66,40.52,41.91,42.51,-1.86,-4.3754,20.7534,4150673,174238590.02,4065000000.0,813000000.0
2010-04-07,'002369,卓翼科技,42.51,43.08,40.0,40.8,41.35,1.16,2.8053,29.6741,5934816,245841676.1,4251000000.0,850200000.0
2010-04-06,'002369,卓翼科技,41.35,41.79,38.1,38.5,38.04,3.31,8.7014,30.1085,6021705,241044604.39,4135000000.0,827000000.0
2010-04-02,'002369,卓翼科技,38.04,38.6,37.38,37.8,38.6,-0.56,-1.4508,16.5503,3310066,125898994.49,3804000000.0,760800000.0
2010-04-01,'002369,卓翼科技,38.6,40.57,38.12,38.12,38.5,0.1,0.2597,25.0755,5015095,197853211.74,3860000000.0,772000000.0
2010-03-31,'002369,卓翼科技,38.5,39.49,38.0,38.11,38.88,-0.38,-0.9774,19.9058,3981152,154251710.96,3850000000.0,770000000.0
2010-03-30,'002369,卓翼科技,38.88,39.88,36.73,37.25,37.1,1.78,4.7978,23.9625,4792491,185549471.88,3888000000.0,777600000.0
2010-03-29,'002369,卓翼科技,37.1,37.35,35.65,36.8,37.28,-0.18,-0.4828,19.7121,3942426,144009467.89,3710000000.0,742000000.0
2010-03-26,'002369,卓翼科技,37.28,37.99,36.11,37.42,38.4,-1.12,-2.9167,21.593,4318603,160308421.55,3728000000.0,745600000.0
2010-03-25,'002369,卓翼科技,38.4,39.69,37.52,38.0,38.72,-0.32,-0.8264,36.4747,7294930,280897223.19,3840000000.0,768000000.0
2010-03-24,'002369,卓翼科技,38.72,38.72,36.0,36.0,35.2,3.52,10.0,36.1976,7239513,271329029.37,3872000000.0,774400000.0
2010-03-23,'002369,卓翼科技,35.2,36.28,34.1,34.46,34.51,0.69,1.9994,33.2074,6641489,234118728.82,3520000000.0,704000000.0
2010-03-22,'002369,卓翼科技,34.51,35.28,33.19,33.5,33.18,1.33,4.0084,38.7193,7743866,264871002.27,3451000000.0,690200000.0
2010-03-19,'002369,卓翼科技,33.18,34.0,32.58,33.72,34.12,-0.94,-2.755,37.3957,7479138,249517258.72,3318000000.0,663600000.0
2010-03-18,'002369,卓翼科技,34.12,36.0,33.81,34.7,33.44,0.68,2.0335,68.4325,13686503,475917651.65,3412000000.0,682400000.0
2010-03-17,'002369,卓翼科技,33.44,33.44,31.31,31.31,30.4,3.04,10.0,40.5212,8104236,265056680.67,3344000000.0,668800000.0
2010-03-16,'002369,N卓翼,30.4,32.0,29.56,30.12,22.58,7.82,34.6324,74.6428,14928551,456183565.24,3040000000.0,608000000.0
2010-03-03,'002369,卓翼科技,0.0,0.0,0.0,0.0,22.58,None,None,0.0,0,0.0,1693500000.0,0.0
