日期,股票代码,名称,收盘价,最高价,最低价,开盘价,前收盘,涨跌额,涨跌幅,换手率,成交量,成交金额,总市值,流通市值
2019-03-12,'600249,两面针,5.32,5.57,5.19,5.25,5.35,-0.03,-0.5607,8.1258,44691789,239631206.0,2926000000.0,2926000000.0
2019-03-11,'600249,两面针,5.35,5.38,5.05,5.15,5.61,-0.26,-4.6346,10.4973,57735336,299748388.0,2942500000.0,2942500000.0
2019-03-08,'600249,两面针,5.61,5.61,5.1,5.15,5.1,0.51,10.0,12.195,67072719,370178814.0,3085500000.0,3085500000.0
2019-03-07,'600249,两面针,5.1,5.1,4.64,4.69,4.64,0.46,9.9138,7.8751,43312904,217064581.0,2805000000.0,2805000000.0
2019-03-06,'600249,两面针,4.64,4.64,4.48,4.51,4.51,0.13,2.8825,3.8098,20953824,95569879.0,2552000000.0,2552000000.0
2019-03-05,'600249,两面针,4.51,4.52,4.37,4.45,4.45,0.06,1.3483,2.5552,14053660,62434418.0,2480500000.0,2480500000.0
2019-03-04,'600249,两面针,4.45,4.7,4.33,4.35,4.35,0.1,2.2989,4.2954,23624967,105512487.0,2447500000.0,2447500000.0
2019-03-01,'600249,两面针,4.35,4.35,4.25,4.32,4.33,0.02,0.4619,1.5826,8704401,37506003.0,2392500000.0,2392500000.0
2019-02-28,'600249,两面针,4.33,4.44,4.29,4.31,4.31,0.02,0.464,1.609,8849345,38406819.0,2381500000.0,2381500000.0
2019-02-27,'600249,两面针,4.31,4.47,4.27,4.35,4.39,-0.08,-1.8223,2.5489,14018700,61297635.0,2370500000.0,2370500000.0
2019-02-26,'600249,两面针,4.39,4.48,4.3,4.39,4.5,-0.11,-2.4444,4.2175,23196012,101452381.0,2414500000.0,2414500000.0
2019-02-25,'600249,两面针,4.5,4.56,4.19,4.24,4.28,0.22,5.1402,5.1959,28577591,124482197.0,2475000000.0,2475000000.0
2019-02-22,'600249,两面针,4.28,4.39,4.01,4.05,4.06,0.22,5.4187,3.6173,19895421,83219859.0,2354000000.0,2354000000.0
2019-02-21,'600249,两面针,4.06,4.25,4.0,4.03,4.03,0.03,0.7444,2.4644,13554367,55699650.0,2233000000.0,2233000000.0
2019-02-20,'600249,两面针,4.03,4.08,3.97,3.99,3.99,0.04,1.0025,0.959,5274667,21183906.0,2216500000.0,2216500000.0
2019-02-19,'600249,两面针,3.99,4.04,3.94,3.99,3.99,0.0,0.0,1.1582,6370287,25375592.0,2194500000.0,2194500000.0
2019-02-18,'600249,两面针,3.99,3.99,3.88,3.88,3.88,0.11,2.8351,0.823,4526522,17901171.0,2194500000.0,2194500000.0
2019-02-15,'600249,两面针,3.88,3.94,3.87,3.92,3.92,-0.04,-1.0204,0.7456,4101020,16003453.0,2134000000.0,2134000000.0
2019-02-14,'600249,两面针,3.92,3.98,3.89,3.9,3.91,0.01,0.2558,0.7031,3867200,15171699.0,2156000000.0,2156000000.0
2019-02-13,'600249,两面针,3.91,3.92,3.85,3.86,3.87,0.04,1.0336,0.958,5269050,20460866.0,2150500000.0,2150500000.0
2019-02-12,'600249,两面针,3.87,3.88,3.73,3.77,3.73,0.14,3.7534,1.0066,5536461,21181136.0,2128500000.0,2128500000.0
2019-02-11,'600249,两面针,3.73,3.75,3.64,3.64,3.63,0.1,2.7548,0.6968,3832551,14232568.0,2051500000.0,2051500000.0
2019-02-01,'600249,两面针,3.63,3.65,3.54,3.57,3.54,0.09,2.5424,0.5684,3126350,11241878.0,1996500000.0,1996500000.0
2019-01-31,'600249,两面针,3.54,3.66,3.54,3.58,3.63,-0.09,-2.4793,0.7358,4046888,14544717.0,1947000000.0,1947000000.0
2019-01-30,'600249,两面针,3.63,3.81,3.61,3.75,3.93,-0.3,-7.6336,1.524,8382242,30877149.0,1996500000.0,1996500000.0
2019-01-29,'600249,两面针,3.93,4.1,3.8,3.8,3.79,0.14,3.6939,1.9432,10687518,42047143.0,2161500000.0,2161500000.0
2019-01-28,'600249,两面针,3.79,3.89,3.78,3.86,3.86,-0.07,-1.8135,0.5169,2843003,10881600.0,2084500000.0,2084500000.0
2019-01-25,'600249,两面针,3.86,3.96,3.82,3.93,3.93,-0.07,-1.7812,0.6596,3627797,14082390.0,2123000000.0,2123000000.0
2019-01-24,'600249,两面针,3.93,3.94,3.88,3.92,3.91,0.02,0.5115,0.7928,4360350,17075370.0,2161500000.0,2161500000.0
2019-01-23,'600249,两面针,3.91,3.92,3.85,3.85,3.86,0.05,1.2953,0.4382,2410347,9370954.0,2150500000.0,2150500000.0
2019-01-22,'600249,两面针,3.86,3.93,3.85,3.88,3.88,-0.02,-0.5155,0.6142,3377945,13136199.0,2123000000.0,2123000000.0
2019-01-21,'600249,两面针,3.88,3.9,3.83,3.83,3.85,0.03,0.7792,0.549,3019585,11681507.0,2134000000.0,2134000000.0
2019-01-18,'600249,两面针,3.85,3.87,3.79,3.8,3.8,0.05,1.3158,0.6012,3306500,12674839.0,2117500000.0,2117500000.0
2019-01-17,'600249,两面针,3.8,3.89,3.8,3.87,3.89,-0.09,-2.3136,0.5573,3065200,11788341.0,2090000000.0,2090000000.0
2019-01-16,'600249,两面针,3.89,3.92,3.86,3.9,3.93,-0.04,-1.0178,0.6362,3499113,13574868.0,2139500000.0,2139500000.0
2019-01-15,'600249,两面针,3.93,4.0,3.8,3.85,3.84,0.09,2.3438,1.1001,6050480,23635756.0,2161500000.0,2161500000.0
2019-01-14,'600249,两面针,3.84,3.97,3.82,3.9,3.85,-0.01,-0.2597,0.7601,4180277,16207789.0,2112000000.0,2112000000.0
2019-01-11,'600249,两面针,3.85,3.88,3.81,3.82,3.83,0.02,0.5222,0.5306,2918121,11212238.0,2117500000.0,2117500000.0
2019-01-10,'600249,两面针,3.83,3.9,3.78,3.81,3.81,0.02,0.5249,0.7953,4374251,16794361.0,2106500000.0,2106500000.0
2019-01-09,'600249,两面针,3.81,3.88,3.81,3.81,3.82,-0.01,-0.2618,0.6772,3724601,14333078.0,2095500000.0,2095500000.0
2019-01-08,'600249,两面针,3.82,3.86,3.81,3.83,3.85,-0.03,-0.7792,0.4253,2339301,8952966.0,2101000000.0,2101000000.0
2019-01-07,'600249,两面针,3.85,3.88,3.76,3.79,3.8,0.05,1.3158,0.7035,3869053,14794936.0,2117500000.0,2117500000.0
2019-01-04,'600249,两面针,3.8,3.8,3.57,3.61,3.67,0.13,3.5422,0.6651,3658301,13612903.0,2090000000.0,2090000000.0
2019-01-03,'600249,两面针,3.67,3.71,3.62,3.66,3.65,0.02,0.5479,0.2787,1532900,5619188.0,2018500000.0,2018500000.0
2019-01-02,'600249,两面针,3.65,3.69,3.6,3.63,3.62,0.03,0.8287,0.2554,1404901,5110511.0,2007500000.0,2007500000.0
2018-12-28,'600249,两面针,3.62,3.68,3.6,3.66,3.64,-0.02,-0.5495,0.3284,1806200,6559086.0,1991000000.0,1991000000.0
2018-12-27,'600249,两面针,3.64,3.75,3.62,3.74,3.71,-0.07,-1.8868,0.5089,2798900,10331072.0,2002000000.0,2002000000.0
2018-12-26,'600249,两面针,3.71,3.74,3.69,3.74,3.73,-0.02,-0.5362,0.3238,1780850,6622001.0,2040500000.0,2040500000.0
2018-12-25,'600249,两面针,3.73,3.75,3.59,3.71,3.75,-0.02,-0.5333,0.611,3360599,12293839.0,2051500000.0,2051500000.0
2018-12-24,'600249,两面针,3.75,3.79,3.72,3.72,3.72,0.03,0.8065,0.3824,2103000,7905362.0,2062500000.0,2062500000.0
2018-12-21,'600249,两面针,3.72,3.76,3.71,3.75,3.77,-0.05,-1.3263,0.337,1853400,6915427.0,2046000000.0,2046000000.0
2018-12-20,'600249,两面针,3.77,3.77,3.7,3.77,3.75,0.02,0.5333,0.4925,2709002,10116227.0,2073500000.0,2073500000.0
2018-12-19,'600249,两面针,3.75,3.82,3.75,3.8,3.78,-0.03,-0.7937,0.3813,2097302,7912889.0,2062500000.0,2062500000.0
2018-12-18,'600249,两面针,3.78,3.82,3.74,3.77,3.81,-0.03,-0.7874,0.4381,2409800,9092273.0,2079000000.0,2079000000.0
2018-12-17,'600249,两面针,3.81,3.86,3.78,3.83,3.82,-0.01,-0.2618,0.5859,3222502,12257581.0,2095500000.0,2095500000.0
2018-12-14,'600249,两面针,3.82,3.98,3.8,3.96,3.96,-0.14,-3.5354,0.799,4394451,16960065.0,2101000000.0,2101000000.0
2018-12-13,'600249,两面针,3.96,3.99,3.9,3.91,3.93,0.03,0.7634,0.5932,3262752,12887703.0,2178000000.0,2178000000.0
2018-12-12,'600249,两面针,3.93,3.94,3.89,3.92,3.92,0.01,0.2551,0.4806,2643301,10368820.0,2161500000.0,2161500000.0
2018-12-11,'600249,两面针,3.92,3.95,3.87,3.95,3.93,-0.01,-0.2545,0.8477,4662358,18209346.0,2156000000.0,2156000000.0
2018-12-10,'600249,两面针,3.93,4.11,3.89,4.08,4.11,-0.18,-4.3796,1.4979,8238572,32576534.0,2161500000.0,2161500000.0
2018-12-07,'600249,两面针,4.11,4.2,4.08,4.14,4.14,-0.03,-0.7246,0.8142,4478300,18472260.0,2260500000.0,2260500000.0
2018-12-06,'600249,两面针,4.14,4.3,4.12,4.25,4.28,-0.14,-3.271,1.3025,7163950,30011055.0,2277000000.0,2277000000.0
2018-12-05,'600249,两面针,4.28,4.33,4.24,4.28,4.37,-0.09,-2.0595,1.6328,8980374,38425183.0,2354000000.0,2354000000.0
2018-12-04,'600249,两面针,4.37,4.45,4.19,4.21,4.22,0.15,3.5545,2.5417,13979209,60400885.0,2403500000.0,2403500000.0
2018-12-03,'600249,两面针,4.22,4.26,4.14,4.18,4.12,0.1,2.4272,1.6572,9114515,38386448.0,2321000000.0,2321000000.0
2018-11-30,'600249,两面针,4.12,4.18,4.02,4.04,4.08,0.04,0.9804,1.2211,6715940,27577519.0,2266000000.0,2266000000.0
2018-11-29,'600249,两面针,4.08,4.26,4.03,4.03,4.01,0.07,1.7456,1.66,9130100,37554827.0,2244000000.0,2244000000.0
2018-11-28,'600249,两面针,4.01,4.04,3.9,4.01,4.0,0.01,0.25,0.734,4037150,16079582.0,2205500000.0,2205500000.0
2018-11-27,'600249,两面针,4.0,4.04,3.95,4.0,3.98,0.02,0.5025,0.5528,3040201,12149417.0,2200000000.0,2200000000.0
2018-11-26,'600249,两面针,3.98,4.1,3.92,3.96,4.02,-0.04,-0.995,0.8129,4471200,17924709.0,2189000000.0,2189000000.0
2018-11-23,'600249,两面针,4.02,4.28,4.0,4.27,4.22,-0.2,-4.7393,1.1986,6592416,27026490.0,2211000000.0,2211000000.0
2018-11-22,'600249,两面针,4.22,4.3,4.16,4.27,4.29,-0.07,-1.6317,1.205,6627600,27945731.0,2321000000.0,2321000000.0
2018-11-21,'600249,两面针,4.29,4.39,4.14,4.15,4.22,0.07,1.6588,1.5214,8367450,35604099.0,2359500000.0,2359500000.0
2018-11-20,'600249,两面针,4.22,4.45,4.21,4.38,4.42,-0.2,-4.5249,1.5754,8664860,37260803.0,2321000000.0,2321000000.0
2018-11-19,'600249,两面针,4.42,4.51,4.24,4.29,4.32,0.1,2.3148,2.2691,12480092,54642171.0,2431000000.0,2431000000.0
2018-11-16,'600249,两面针,4.32,4.41,4.27,4.34,4.31,0.01,0.232,1.314,7227050,31214297.0,2376000000.0,2376000000.0
2018-11-15,'600249,两面针,4.31,4.35,4.22,4.22,4.25,0.06,1.4118,1.4408,7924343,33996119.0,2370500000.0,2370500000.0
2018-11-14,'600249,两面针,4.25,4.39,4.24,4.25,4.27,-0.02,-0.4684,1.9107,10508900,45326033.0,2337500000.0,2337500000.0
2018-11-13,'600249,两面针,4.27,4.43,4.04,4.05,4.11,0.16,3.8929,2.3513,12932368,54934837.0,2348500000.0,2348500000.0
2018-11-12,'600249,两面针,4.11,4.18,3.94,3.94,3.93,0.18,4.5802,1.8841,10362709,42391532.0,2260500000.0,2260500000.0
2018-11-09,'600249,两面针,3.93,4.06,3.92,4.0,4.03,-0.1,-2.4814,1.0983,6040509,24057450.0,2161500000.0,2161500000.0
2018-11-08,'600249,两面针,4.03,4.1,3.92,3.92,3.91,0.12,3.0691,1.9675,10821178,43613844.0,2216500000.0,2216500000.0
2018-11-07,'600249,两面针,3.91,3.98,3.91,3.94,3.94,-0.03,-0.7614,0.9165,5040500,19903315.0,2150500000.0,2150500000.0
2018-11-06,'600249,两面针,3.94,3.96,3.87,3.89,3.95,-0.01,-0.2532,0.8852,4868500,19093108.0,2167000000.0,2167000000.0
2018-11-05,'600249,两面针,3.95,4.01,3.85,3.86,3.88,0.07,1.8041,1.4114,7762600,30599417.0,2172500000.0,2172500000.0
2018-11-02,'600249,两面针,3.88,3.88,3.81,3.86,3.79,0.09,2.3747,0.898,4939150,19031718.0,2134000000.0,2134000000.0
2018-11-01,'600249,两面针,3.79,3.9,3.78,3.85,3.85,-0.06,-1.5584,1.0794,5936801,22850391.0,2084500000.0,2084500000.0
2018-10-31,'600249,两面针,3.85,3.96,3.84,3.89,3.91,-0.06,-1.5345,1.7492,9620609,37322008.0,2117500000.0,2117500000.0
2018-10-30,'600249,两面针,3.91,4.1,3.69,3.73,3.78,0.13,3.4392,2.4636,13550050,52565519.0,2150500000.0,2150500000.0
2018-10-29,'600249,两面针,3.78,4.13,3.76,4.0,3.99,-0.21,-5.2632,2.8201,15510463,60759875.0,2079000000.0,2079000000.0
2018-10-26,'600249,两面针,3.99,3.99,3.64,3.7,3.63,0.36,9.9174,1.9955,10975214,42525226.0,2194500000.0,2194500000.0
2018-10-25,'600249,两面针,3.63,3.67,3.5,3.51,3.69,-0.06,-1.626,1.09,5995250,21494247.0,1996500000.0,1996500000.0
2018-10-24,'600249,两面针,3.69,3.83,3.51,3.55,3.55,0.14,3.9437,1.6286,8957411,32962716.0,2029500000.0,2029500000.0
2018-10-23,'600249,两面针,3.55,3.71,3.52,3.57,3.57,-0.02,-0.5602,0.8843,4863611,17472862.0,1952500000.0,1952500000.0
2018-10-22,'600249,两面针,3.57,3.62,3.43,3.43,3.36,0.21,6.25,1.0112,5561796,19733990.0,1963500000.0,1963500000.0
2018-10-19,'600249,两面针,3.36,3.39,3.2,3.21,3.27,0.09,2.7523,0.4662,2563900,8491830.0,1848000000.0,1848000000.0
2018-10-18,'600249,两面针,3.27,3.36,3.2,3.36,3.4,-0.13,-3.8235,0.514,2827058,9253659.0,1798500000.0,1798500000.0
2018-10-17,'600249,两面针,3.4,3.42,3.25,3.4,3.36,0.04,1.1905,0.6124,3368000,11302007.0,1870000000.0,1870000000.0
2018-10-16,'600249,两面针,3.36,3.49,3.35,3.47,3.46,-0.1,-2.8902,0.4841,2662400,9110618.0,1848000000.0,1848000000.0
2018-10-15,'600249,两面针,3.46,3.58,3.44,3.53,3.53,-0.07,-1.983,0.432,2375903,8360646.0,1903000000.0,1903000000.0
2018-10-12,'600249,两面针,3.53,3.6,3.38,3.6,3.67,-0.14,-3.8147,0.9909,5449690,19117246.0,1941500000.0,1941500000.0
2018-10-11,'600249,两面针,3.67,3.99,3.67,3.99,4.08,-0.41,-10.049,1.1086,6097095,23090712.0,2018500000.0,2018500000.0
2018-10-10,'600249,两面针,4.08,4.08,4.0,4.06,4.08,0.0,0.0,0.5008,2754400,11143989.0,2244000000.0,2244000000.0
2018-10-09,'600249,两面针,4.08,4.08,3.99,4.04,4.04,0.04,0.9901,0.4692,2580441,10399887.0,2244000000.0,2244000000.0
2018-10-08,'600249,两面针,4.04,4.1,4.0,4.1,4.14,-0.1,-2.4155,0.6824,3753280,15145750.0,2222000000.0,2222000000.0
2018-09-28,'600249,两面针,4.14,4.14,4.08,4.12,4.11,0.03,0.7299,0.4753,2614151,10731452.0,2277000000.0,2277000000.0
2018-09-27,'600249,两面针,4.11,4.2,4.09,4.18,4.2,-0.09,-2.1429,0.6785,3731890,15459449.0,2260500000.0,2260500000.0
2018-09-26,'600249,两面针,4.2,4.23,4.17,4.18,4.19,0.01,0.2387,0.6083,3345500,14052811.0,2310000000.0,2310000000.0
2018-09-25,'600249,两面针,4.19,4.22,4.15,4.22,4.25,-0.06,-1.4118,0.679,3734704,15657712.0,2304500000.0,2304500000.0
2018-09-21,'600249,两面针,4.25,4.27,4.18,4.21,4.22,0.03,0.7109,0.9137,5025500,21285957.0,2337500000.0,2337500000.0
2018-09-20,'600249,两面针,4.22,4.22,4.17,4.17,4.2,0.02,0.4762,0.7429,4085801,17129063.0,2321000000.0,2321000000.0
2018-09-19,'600249,两面针,4.2,4.23,4.1,4.13,4.12,0.08,1.9417,0.7935,4364057,18184688.0,2310000000.0,2310000000.0
2018-09-18,'600249,两面针,4.12,4.13,4.02,4.08,4.08,0.04,0.9804,0.5884,3236045,13180219.0,2266000000.0,2266000000.0
2018-09-17,'600249,两面针,4.08,4.21,4.0,4.2,4.19,-0.11,-2.6253,0.7437,4090100,16730150.0,2244000000.0,2244000000.0
2018-09-14,'600249,两面针,4.19,4.24,4.17,4.22,4.23,-0.04,-0.9456,0.6501,3575714,15037429.0,2304500000.0,2304500000.0
2018-09-13,'600249,两面针,4.23,4.23,4.13,4.2,4.17,0.06,1.4388,0.7135,3924146,16435405.0,2326500000.0,2326500000.0
2018-09-12,'600249,两面针,4.17,4.18,4.12,4.16,4.16,0.01,0.2404,0.5288,2908500,12074251.0,2293500000.0,2293500000.0
2018-09-11,'600249,两面针,4.16,4.17,4.1,4.1,4.12,0.04,0.9709,0.4989,2743800,11343477.0,2288000000.0,2288000000.0
2018-09-10,'600249,两面针,4.12,4.2,4.11,4.18,4.2,-0.08,-1.9048,0.6029,3315950,13730055.0,2266000000.0,2266000000.0
2018-09-07,'600249,两面针,4.2,4.22,4.14,4.14,4.13,0.07,1.6949,0.7124,3918050,16378715.0,2310000000.0,2310000000.0
2018-09-06,'600249,两面针,4.13,4.27,4.13,4.17,4.23,-0.1,-2.3641,1.0605,5832800,24399490.0,2271500000.0,2271500000.0
2018-09-05,'600249,两面针,4.23,4.37,4.23,4.35,4.35,-0.12,-2.7586,0.9292,5110700,21905262.0,2326500000.0,2326500000.0
2018-09-04,'600249,两面针,4.35,4.35,4.23,4.33,4.33,0.02,0.4619,1.1722,6447350,27678930.0,2392500000.0,2392500000.0
2018-09-03,'600249,两面针,4.33,4.38,4.22,4.38,4.45,-0.12,-2.6966,1.3633,7498101,32226679.0,2381500000.0,2381500000.0
2018-08-31,'600249,两面针,4.45,4.48,4.28,4.32,4.28,0.17,3.972,2.3925,13159012,57725915.0,2447500000.0,2447500000.0
2018-08-30,'600249,两面针,4.28,4.51,4.16,4.16,4.14,0.14,3.3816,2.3889,13138860,56791329.0,2354000000.0,2354000000.0
2018-08-29,'600249,两面针,4.14,4.19,4.12,4.12,4.21,-0.07,-1.6627,0.7303,4016465,16666903.0,2277000000.0,2277000000.0
2018-08-28,'600249,两面针,4.21,4.38,4.12,4.13,4.13,0.08,1.937,1.399,7694450,32554654.0,2315500000.0,2315500000.0
2018-08-27,'600249,两面针,4.13,4.16,4.05,4.08,4.08,0.05,1.2255,0.6922,3807351,15683571.0,2271500000.0,2271500000.0
2018-08-24,'600249,两面针,4.08,4.1,4.03,4.08,4.07,0.01,0.2457,0.3697,2033462,8271615.0,2244000000.0,2244000000.0
2018-08-23,'600249,两面针,4.07,4.1,4.02,4.05,4.06,0.01,0.2463,0.4225,2324003,9465016.0,2238500000.0,2238500000.0
2018-08-22,'600249,两面针,4.06,4.14,4.06,4.14,4.14,-0.08,-1.9324,0.3984,2191000,8958384.0,2233000000.0,2233000000.0
2018-08-21,'600249,两面针,4.14,4.14,4.05,4.07,4.08,0.06,1.4706,0.5938,3265781,13394285.0,2277000000.0,2277000000.0
2018-08-20,'600249,两面针,4.08,4.15,3.99,4.09,4.11,-0.03,-0.7299,0.7242,3983054,16145081.0,2244000000.0,2244000000.0
2018-08-17,'600249,两面针,4.11,4.28,4.1,4.23,4.24,-0.13,-3.066,1.0047,5525602,23111808.0,2260500000.0,2260500000.0
2018-08-16,'600249,两面针,4.24,4.35,4.15,4.25,4.39,-0.15,-3.4169,2.1118,11615074,49299478.0,2332000000.0,2332000000.0
2018-08-15,'600249,两面针,4.39,4.65,4.23,4.23,4.23,0.16,3.7825,3.4287,18858123,85171588.0,2414500000.0,2414500000.0
2018-08-14,'600249,两面针,4.23,4.27,4.16,4.18,4.18,0.05,1.1962,0.6991,3844839,16231859.0,2326500000.0,2326500000.0
2018-08-13,'600249,两面针,4.18,4.21,4.07,4.21,4.27,-0.09,-2.1077,1.102,6060959,25104254.0,2299000000.0,2299000000.0
2018-08-10,'600249,两面针,4.27,4.32,4.24,4.27,4.29,-0.02,-0.4662,0.6607,3633773,15510913.0,2348500000.0,2348500000.0
2018-08-09,'600249,两面针,4.29,4.37,4.2,4.21,4.25,0.04,0.9412,1.046,5753231,24730162.0,2359500000.0,2359500000.0
2018-08-08,'600249,两面针,4.25,4.3,4.2,4.3,4.29,-0.04,-0.9324,0.7545,4149902,17610010.0,2337500000.0,2337500000.0
2018-08-07,'600249,两面针,4.29,4.3,4.13,4.17,4.17,0.12,2.8777,1.1447,6295900,26716455.0,2359500000.0,2359500000.0
2018-08-06,'600249,两面针,4.17,4.33,4.11,4.23,4.28,-0.11,-2.5701,1.0448,5746221,24192514.0,2293500000.0,2293500000.0
2018-08-03,'600249,两面针,4.28,4.47,4.24,4.25,4.28,0.0,0.0,1.4536,7994551,34887305.0,2354000000.0,2354000000.0
2018-08-02,'600249,两面针,4.28,4.37,4.17,4.36,4.42,-0.14,-3.1674,1.5452,8498351,36303040.0,2354000000.0,2354000000.0
2018-08-01,'600249,两面针,4.42,4.66,4.33,4.38,4.44,-0.02,-0.4505,2.499,13744300,61115728.0,2431000000.0,2431000000.0
2018-07-31,'600249,两面针,4.44,4.57,4.27,4.45,4.6,-0.16,-3.4783,2.9446,16195528,70952331.0,2442000000.0,2442000000.0
2018-07-30,'600249,两面针,4.6,5.15,4.51,4.79,4.76,-0.16,-3.3613,5.6275,30951185,149884597.0,2530000000.0,2530000000.0
2018-07-27,'600249,两面针,4.76,4.76,4.43,4.44,4.33,0.43,9.9307,1.8999,10449559,49198709.0,2618000000.0,2618000000.0
2018-07-26,'600249,两面针,4.33,4.36,4.2,4.22,4.23,0.1,2.3641,1.4505,7977562,34336003.0,2381500000.0,2381500000.0
2018-07-25,'600249,两面针,4.23,4.25,4.15,4.18,4.19,0.04,0.9547,0.8736,4805050,20228204.0,2326500000.0,2326500000.0
2018-07-24,'600249,两面针,4.19,4.19,4.08,4.08,4.1,0.09,2.1951,0.9872,5429468,22528367.0,2304500000.0,2304500000.0
2018-07-23,'600249,两面针,4.1,4.1,4.01,4.09,4.1,0.0,0.0,0.7694,4231497,17170497.0,2255000000.0,2255000000.0
2018-07-20,'600249,两面针,4.1,4.1,3.99,4.06,4.09,0.01,0.2445,0.7282,4005028,16209747.0,2255000000.0,2255000000.0
2018-07-19,'600249,两面针,4.09,4.16,4.06,4.1,4.18,-0.09,-2.1531,0.8505,4678000,19180494.0,2249500000.0,2249500000.0
2018-07-18,'600249,两面针,4.18,4.42,4.02,4.04,4.04,0.14,3.4653,2.0062,11034060,46774724.0,2299000000.0,2299000000.0
2018-07-17,'600249,两面针,4.04,4.06,3.97,4.02,4.02,0.02,0.4975,0.5176,2846944,11445444.0,2222000000.0,2222000000.0
2018-07-16,'600249,两面针,4.02,4.05,3.95,4.04,4.04,-0.02,-0.495,0.5442,2993061,11954143.0,2211000000.0,2211000000.0
2018-07-13,'600249,两面针,4.04,4.05,3.93,3.96,3.97,0.07,1.7632,0.7627,4195107,16750673.0,2222000000.0,2222000000.0
2018-07-12,'600249,两面针,3.97,3.98,3.83,3.83,3.88,0.09,2.3196,0.5942,3268210,12885657.0,2183500000.0,2183500000.0
2018-07-11,'600249,两面针,3.88,3.95,3.82,3.95,3.98,-0.1,-2.5126,0.5112,2811500,10868377.0,2134000000.0,2134000000.0
2018-07-10,'600249,两面针,3.98,3.98,3.9,3.94,3.91,0.07,1.7903,0.6016,3308703,13053058.0,2189000000.0,2189000000.0
2018-07-09,'600249,两面针,3.91,3.93,3.84,3.84,3.85,0.06,1.5584,0.4601,2530703,9861461.0,2150500000.0,2150500000.0
2018-07-06,'600249,两面针,3.85,3.88,3.69,3.85,3.83,0.02,0.5222,0.6648,3656166,13940079.0,2117500000.0,2117500000.0
2018-07-05,'600249,两面针,3.83,4.02,3.81,4.01,3.99,-0.16,-4.01,0.5676,3121701,12194307.0,2106500000.0,2106500000.0
2018-07-04,'600249,两面针,3.99,4.06,3.98,4.06,4.05,-0.06,-1.4815,0.484,2662201,10675833.0,2194500000.0,2194500000.0
2018-07-03,'600249,两面针,4.05,4.06,3.96,4.03,3.99,0.06,1.5038,0.6635,3649196,14687596.0,2227500000.0,2227500000.0
2018-07-02,'600249,两面针,3.99,4.1,3.98,4.03,4.05,-0.06,-1.4815,0.7101,3905495,15739446.0,2194500000.0,2194500000.0
2018-06-29,'600249,两面针,4.05,4.06,3.92,3.92,3.92,0.13,3.3163,0.7891,4340150,17362939.0,2227500000.0,2227500000.0
2018-06-28,'600249,两面针,3.92,3.99,3.92,3.95,3.96,-0.04,-1.0101,0.5565,3060600,12119882.0,2156000000.0,2156000000.0
2018-06-27,'600249,两面针,3.96,4.01,3.91,4.01,4.01,-0.05,-1.2469,0.511,2810431,11161297.0,2178000000.0,2178000000.0
2018-06-26,'600249,两面针,4.01,4.01,3.87,3.89,3.95,0.06,1.519,0.5307,2919000,11542315.0,2205500000.0,2205500000.0
2018-06-25,'600249,两面针,3.95,4.0,3.93,3.97,3.95,0.0,0.0,0.5537,3045296,12069250.0,2172500000.0,2172500000.0
2018-06-22,'600249,两面针,3.95,3.95,3.77,3.86,3.86,0.09,2.3316,0.6962,3829120,14873086.0,2172500000.0,2172500000.0
2018-06-21,'600249,两面针,3.86,4.02,3.83,3.91,3.95,-0.09,-2.2785,0.7184,3951266,15618609.0,2123000000.0,2123000000.0
2018-06-20,'600249,两面针,3.95,3.98,3.8,3.8,3.86,0.09,2.3316,0.7605,4182616,16368439.0,2172500000.0,2172500000.0
2018-06-19,'600249,两面针,3.86,4.2,3.82,4.19,4.24,-0.38,-8.9623,1.3988,7693436,30500813.0,2123000000.0,2123000000.0
2018-06-15,'600249,两面针,4.24,4.42,4.21,4.41,4.43,-0.19,-4.2889,0.9414,5177501,22172405.0,2332000000.0,2332000000.0
2018-06-14,'600249,两面针,4.43,4.52,4.41,4.52,4.53,-0.1,-2.2075,0.795,4372600,19470984.0,2436500000.0,2436500000.0
2018-06-13,'600249,两面针,4.53,4.6,4.52,4.6,4.61,-0.08,-1.7354,0.5025,2764008,12577038.0,2491500000.0,2491500000.0
2018-06-12,'600249,两面针,4.61,4.62,4.51,4.57,4.57,0.04,0.8753,0.4758,2616651,11968407.0,2535500000.0,2535500000.0
2018-06-11,'600249,两面针,4.57,4.64,4.49,4.6,4.69,-0.12,-2.5586,0.8555,4705312,21483791.0,2513500000.0,2513500000.0
2018-06-08,'600249,两面针,4.69,4.81,4.59,4.81,4.79,-0.1,-2.0877,1.0792,5935850,27806307.0,2579500000.0,2579500000.0
2018-06-07,'600249,两面针,4.79,4.88,4.77,4.83,4.84,-0.05,-1.0331,0.8959,4927300,23780085.0,2634500000.0,2634500000.0
2018-06-06,'600249,两面针,4.84,4.84,4.76,4.8,4.81,0.03,0.6237,0.6955,3825000,18352859.0,2662000000.0,2662000000.0
2018-06-05,'600249,两面针,4.81,4.82,4.73,4.78,4.78,0.03,0.6276,0.9395,5167029,24683958.0,2645500000.0,2645500000.0
2018-06-04,'600249,两面针,4.78,4.85,4.76,4.8,4.76,0.02,0.4202,0.8839,4861300,23305511.0,2629000000.0,2629000000.0
2018-06-01,'600249,两面针,4.76,4.85,4.74,4.81,4.86,-0.1,-2.0576,1.2651,6958300,33202982.0,2618000000.0,2618000000.0
2018-05-31,'600249,两面针,4.86,4.9,4.78,4.81,4.8,0.06,1.25,1.2722,6996918,33937893.0,2673000000.0,2673000000.0
2018-05-30,'600249,两面针,4.8,5.05,4.79,5.05,5.21,-0.41,-7.8695,2.5948,14271225,70253026.0,2640000000.0,2640000000.0
2018-05-29,'600249,两面针,5.21,5.5,5.07,5.5,5.63,-0.42,-7.46,3.9163,21539397,112807983.0,2865500000.0,2865500000.0
2018-05-28,'600249,两面针,5.63,5.94,5.56,5.73,5.49,0.14,2.5501,4.9884,27436379,156567739.0,3096500000.0,3096500000.0
2018-05-25,'600249,两面针,5.49,5.55,5.44,5.48,5.48,0.01,0.1825,1.2845,7064609,38747944.0,3019500000.0,3019500000.0
2018-05-24,'600249,两面针,5.48,5.49,5.38,5.44,5.44,0.04,0.7353,0.7304,4017200,21800059.0,3014000000.0,3014000000.0
2018-05-23,'600249,两面针,5.44,5.52,5.41,5.43,5.44,0.0,0.0,0.8124,4468400,24363160.0,2992000000.0,2992000000.0
2018-05-22,'600249,两面针,5.44,5.52,5.39,5.48,5.53,-0.09,-1.6275,1.069,5879450,32028572.0,2992000000.0,2992000000.0
2018-05-21,'600249,两面针,5.53,5.62,5.46,5.51,5.54,-0.01,-0.1805,1.2215,6718301,37143527.0,3041500000.0,3041500000.0
2018-05-18,'600249,两面针,5.54,5.64,5.3,5.32,5.32,0.22,4.1353,1.9226,10574360,57814462.0,3047000000.0,3047000000.0
2018-05-17,'600249,两面针,5.32,5.36,5.3,5.3,5.36,-0.04,-0.7463,0.5242,2882958,15365247.0,2926000000.0,2926000000.0
2018-05-16,'600249,两面针,5.36,5.4,5.22,5.26,5.3,0.06,1.1321,0.8435,4639357,24702077.0,2948000000.0,2948000000.0
2018-05-15,'600249,两面针,5.3,5.3,5.2,5.25,5.25,0.05,0.9524,0.3946,2170208,11383445.0,2915000000.0,2915000000.0
2018-05-14,'600249,两面针,5.25,5.34,5.24,5.33,5.33,-0.08,-1.5009,0.5344,2939004,15527537.0,2887500000.0,2887500000.0
2018-05-11,'600249,两面针,5.33,5.44,5.3,5.44,5.45,-0.12,-2.2018,0.678,3728903,19961001.0,2931500000.0,2931500000.0
2018-05-10,'600249,两面针,5.45,5.46,5.36,5.4,5.39,0.06,1.1132,0.9242,5082903,27560667.0,2997500000.0,2997500000.0
2018-05-09,'600249,两面针,5.39,5.43,5.36,5.42,5.44,-0.05,-0.9191,0.753,4141354,22327380.0,2964500000.0,2964500000.0
2018-05-08,'600249,两面针,5.44,5.47,5.26,5.29,5.3,0.14,2.6415,1.3031,7167253,38579546.0,2992000000.0,2992000000.0
2018-05-07,'600249,两面针,5.3,5.38,5.21,5.24,5.24,0.06,1.145,0.7557,4156578,21976109.0,2915000000.0,2915000000.0
2018-05-04,'600249,两面针,5.24,5.24,5.16,5.24,5.23,0.01,0.1912,0.5592,3075750,16007601.0,2882000000.0,2882000000.0
2018-05-03,'600249,两面针,5.23,5.26,5.11,5.25,5.27,-0.04,-0.759,0.7136,3924659,20298175.0,2876500000.0,2876500000.0
2018-05-02,'600249,两面针,5.27,5.42,5.19,5.4,5.4,-0.13,-2.4074,0.927,5098448,26787979.0,2898500000.0,2898500000.0
2018-04-27,'600249,两面针,5.4,5.46,5.31,5.36,5.41,-0.01,-0.1848,1.2113,6662350,35874208.0,2970000000.0,2970000000.0
2018-04-26,'600249,两面针,5.41,5.49,5.19,5.19,5.2,0.21,4.0385,2.183,12006298,64543362.0,2975500000.0,2975500000.0
2018-04-25,'600249,两面针,5.2,5.2,5.13,5.19,5.2,0.0,0.0,0.5588,3073647,15865430.0,2860000000.0,2860000000.0
2018-04-24,'600249,两面针,5.2,5.22,5.09,5.14,5.13,0.07,1.3645,0.6943,3818701,19760641.0,2860000000.0,2860000000.0
2018-04-23,'600249,两面针,5.13,5.13,5.0,5.06,5.06,0.07,1.3834,0.5785,3181796,16129193.0,2821500000.0,2821500000.0
2018-04-20,'600249,两面针,5.06,5.2,5.05,5.2,5.2,-0.14,-2.6923,0.7645,4204585,21465670.0,2783000000.0,2783000000.0
2018-04-19,'600249,两面针,5.2,5.21,5.13,5.16,5.19,0.01,0.1927,0.5902,3246261,16826019.0,2860000000.0,2860000000.0
2018-04-18,'600249,两面针,5.19,5.22,5.05,5.16,5.15,0.04,0.7767,0.779,4284648,22031867.0,2854500000.0,2854500000.0
2018-04-17,'600249,两面针,5.15,5.28,5.12,5.28,5.24,-0.09,-1.7176,0.7239,3981463,20624488.0,2832500000.0,2832500000.0
2018-04-16,'600249,两面针,5.24,5.36,5.18,5.35,5.38,-0.14,-2.6022,1.0116,5563690,29216889.0,2882000000.0,2882000000.0
2018-04-13,'600249,两面针,5.38,5.43,5.34,5.35,5.35,0.03,0.5607,0.7245,3984800,21396370.0,2959000000.0,2959000000.0
2018-04-12,'600249,两面针,5.35,5.45,5.34,5.44,5.46,-0.11,-2.0147,0.9233,5078343,27301164.0,2942500000.0,2942500000.0
2018-04-11,'600249,两面针,5.46,5.48,5.4,5.41,5.44,0.02,0.3676,0.8816,4848658,26457374.0,3003000000.0,3003000000.0
2018-04-10,'600249,两面针,5.44,5.49,5.36,5.48,5.48,-0.04,-0.7299,1.0154,5584506,30207085.0,2992000000.0,2992000000.0
2018-04-09,'600249,两面针,5.48,5.52,5.37,5.45,5.53,-0.05,-0.9042,0.8586,4722055,25720787.0,3014000000.0,3014000000.0
2018-04-04,'600249,两面针,5.53,5.6,5.5,5.51,5.51,0.02,0.363,0.9876,5431896,30123317.0,3041500000.0,3041500000.0
2018-04-03,'600249,两面针,5.51,5.62,5.44,5.62,5.67,-0.16,-2.8219,1.3558,7456664,41050654.0,3030500000.0,3030500000.0
2018-04-02,'600249,两面针,5.67,5.75,5.62,5.64,5.68,-0.01,-0.1761,1.1569,6363205,36111138.0,3118500000.0,3118500000.0
2018-03-30,'600249,两面针,5.68,5.7,5.6,5.64,5.6,0.08,1.4286,1.4693,8081305,45628703.0,3124000000.0,3124000000.0
2018-03-29,'600249,两面针,5.6,5.68,5.55,5.55,5.55,0.05,0.9009,1.3376,7356570,41228897.0,3080000000.0,3080000000.0
2018-03-28,'600249,两面针,5.55,5.65,5.53,5.6,5.69,-0.14,-2.4605,1.3235,7279170,40728518.0,3052500000.0,3052500000.0
2018-03-27,'600249,两面针,5.69,5.74,5.6,5.6,5.56,0.13,2.3381,1.9358,10646650,60463021.0,3129500000.0,3129500000.0
2018-03-26,'600249,两面针,5.56,5.58,5.27,5.27,5.45,0.11,2.0183,1.9397,10668287,57947359.0,3058000000.0,3058000000.0
2018-03-23,'600249,两面针,5.45,5.93,5.45,5.82,6.05,-0.6,-9.9174,3.7306,20518050,116004007.0,2997500000.0,2997500000.0
2018-03-22,'600249,两面针,6.05,6.25,5.99,6.19,6.16,-0.11,-1.7857,3.5525,19538877,118720354.0,3327500000.0,3327500000.0
2018-03-21,'600249,两面针,6.16,6.52,6.14,6.32,6.4,-0.24,-3.75,3.9447,21695590,137578956.0,3388000000.0,3388000000.0
2018-03-20,'600249,两面针,6.4,6.66,6.27,6.36,6.55,-0.15,-2.2901,4.2863,23574502,152127441.0,3520000000.0,3520000000.0
2018-03-19,'600249,两面针,6.55,6.84,6.4,6.41,6.58,-0.03,-0.4559,5.379,29584507,194463110.0,3602500000.0,3602500000.0
2018-03-16,'600249,两面针,6.58,6.99,6.27,6.37,6.66,-0.08,-1.2012,7.1526,39339088,258885186.0,3619000000.0,3619000000.0
2018-03-15,'600249,两面针,6.66,7.02,6.01,6.07,6.44,0.22,3.4161,10.2294,56261698,365954076.0,3663000000.0,3663000000.0
2018-03-14,'600249,两面针,6.44,6.44,6.39,6.4,5.85,0.59,10.0855,7.0172,38594700,248341941.0,3542000000.0,3542000000.0
2018-03-13,'600249,两面针,5.85,5.89,5.71,5.77,5.81,0.04,0.6885,1.2335,6784232,39499913.0,3217500000.0,3217500000.0
2018-03-12,'600249,两面针,5.81,5.97,5.66,5.76,5.69,0.12,2.109,1.4467,7956592,46213617.0,3195500000.0,3195500000.0
2018-03-09,'600249,两面针,5.69,5.71,5.58,5.68,5.67,0.02,0.3527,0.8799,4839663,27392784.0,3129500000.0,3129500000.0
2018-03-08,'600249,两面针,5.67,5.83,5.52,5.55,5.54,0.13,2.3466,1.4267,7847071,44438822.0,3118500000.0,3118500000.0
2018-03-07,'600249,两面针,5.54,5.56,5.5,5.5,5.52,0.02,0.3623,0.7661,4213471,23308662.0,3047000000.0,3047000000.0
2018-03-06,'600249,两面针,5.52,5.55,5.45,5.5,5.51,0.01,0.1815,0.6649,3656975,20136248.0,3036000000.0,3036000000.0
2018-03-05,'600249,两面针,5.51,5.52,5.36,5.41,5.45,0.06,1.1009,1.0389,5714083,31080482.0,3030500000.0,3030500000.0
2018-03-02,'600249,两面针,5.45,5.47,5.37,5.37,5.43,0.02,0.3683,0.7051,3877801,21033551.0,2997500000.0,2997500000.0
2018-03-01,'600249,两面针,5.43,5.47,5.32,5.36,5.37,0.06,1.1173,1.0364,4663680,25241710.0,2986500000.0,2443500000.0
2018-02-28,'600249,两面针,5.37,5.4,5.32,5.36,5.39,-0.02,-0.3711,0.7298,3284001,17599994.0,2953500000.0,2416500000.0
2018-02-27,'600249,两面针,5.39,5.41,5.33,5.39,5.39,0.0,0.0,0.7448,3351500,18026408.0,2964500000.0,2425500000.0
2018-02-26,'600249,两面针,5.39,5.41,5.31,5.32,5.35,0.04,0.7477,0.9173,4127791,22170220.0,2964500000.0,2425500000.0
2018-02-23,'600249,两面针,5.35,5.4,5.23,5.27,5.28,0.07,1.3258,0.8474,3813350,20330974.0,2942500000.0,2407500000.0
2018-02-22,'600249,两面针,5.28,5.31,5.22,5.23,5.23,0.05,0.956,0.6239,2807641,14811510.0,2904000000.0,2376000000.0
2018-02-14,'600249,两面针,5.23,5.32,5.15,5.21,5.22,0.01,0.1916,0.546,2457211,12854254.0,2876500000.0,2353500000.0
2018-02-13,'600249,两面针,5.22,5.44,5.2,5.39,5.38,-0.16,-2.974,1.2159,5471501,29085316.0,2871000000.0,2349000000.0
2018-02-12,'600249,两面针,5.38,5.54,5.0,5.11,5.04,0.34,6.746,1.5981,7191600,38116642.0,2959000000.0,2421000000.0
2018-02-09,'600249,两面针,5.04,5.09,4.96,5.05,5.15,-0.11,-2.1359,0.9471,4261851,21454652.0,2772000000.0,2268000000.0
2018-02-08,'600249,两面针,5.15,5.21,5.05,5.06,5.06,0.09,1.7787,0.8247,3711062,19066190.0,2832500000.0,2317500000.0
2018-02-07,'600249,两面针,5.06,5.14,4.91,5.1,5.0,0.06,1.2,0.7905,3557249,17886446.0,2783000000.0,2277000000.0
2018-02-06,'600249,两面针,5.0,5.21,4.96,5.1,5.14,-0.14,-2.7237,1.1664,5248703,26741940.0,2750000000.0,2250000000.0
2018-02-05,'600249,两面针,5.14,5.21,5.04,5.09,5.16,-0.02,-0.3876,0.8046,3620796,18616771.0,2827000000.0,2313000000.0
2018-02-02,'600249,两面针,5.16,5.27,5.0,5.09,5.21,-0.05,-0.9597,1.0773,4847994,24935641.0,2838000000.0,2322000000.0
2018-02-01,'600249,两面针,5.21,5.66,5.2,5.61,5.63,-0.42,-7.46,1.4805,6662362,35860790.0,2865500000.0,2344500000.0
2018-01-31,'600249,两面针,5.63,5.87,5.6,5.87,5.87,-0.24,-4.0886,1.1566,5204791,29690467.0,3096500000.0,2533500000.0
2018-01-30,'600249,两面针,5.87,5.91,5.8,5.81,5.85,0.02,0.3419,0.6947,3125950,18328718.0,3228500000.0,2641500000.0
2018-01-29,'600249,两面针,5.85,6.1,5.78,6.1,6.21,-0.36,-5.7971,2.6722,12025017,71042470.0,3217500000.0,2632500000.0
2018-01-26,'600249,两面针,6.21,6.33,6.2,6.3,6.29,-0.08,-1.2719,0.9706,4367901,27300577.0,3415500000.0,2794500000.0
2018-01-25,'600249,两面针,6.29,6.41,6.28,6.33,6.41,-0.12,-1.8721,1.0881,4896245,31027524.0,3459500000.0,2830500000.0
2018-01-24,'600249,两面针,6.41,6.44,6.29,6.29,6.4,0.01,0.1563,1.295,5827486,37115876.0,3525500000.0,2884500000.0
2018-01-23,'600249,两面针,6.4,6.46,6.22,6.24,6.24,0.16,2.5641,1.5706,7067681,44845899.0,3520000000.0,2880000000.0
2018-01-22,'600249,两面针,6.24,6.27,6.13,6.2,6.22,0.02,0.3215,0.932,4194205,25964833.0,3432000000.0,2808000000.0
2018-01-19,'600249,两面针,6.22,6.38,6.17,6.37,6.36,-0.14,-2.2013,1.3116,5902141,36954111.0,3421000000.0,2799000000.0
2018-01-18,'600249,两面针,6.36,6.39,6.28,6.33,6.33,0.03,0.4739,0.9805,4412052,27939837.0,3498000000.0,2862000000.0
2018-01-17,'600249,两面针,6.33,6.42,6.21,6.34,6.42,-0.09,-1.4019,1.5217,6847852,43217073.0,3481500000.0,2848500000.0
2018-01-16,'600249,两面针,6.42,6.74,6.29,6.57,6.59,-0.17,-2.5797,2.6815,12066642,78407481.0,3531000000.0,2889000000.0
2018-01-15,'600249,两面针,6.59,6.8,6.52,6.75,6.84,-0.25,-3.655,2.0721,9324230,62376976.0,3624500000.0,2965500000.0
2018-01-12,'600249,两面针,6.84,6.88,6.61,6.78,6.75,0.09,1.3333,2.9308,13188525,89334084.0,3762000000.0,3078000000.0
2018-01-11,'600249,两面针,6.75,6.86,6.48,6.56,6.62,0.13,1.9637,3.4315,15441573,104361324.0,3712500000.0,3037500000.0
2018-01-10,'600249,两面针,6.62,6.69,6.35,6.6,6.61,0.01,0.1513,2.4926,11216691,73113514.0,3641000000.0,2979000000.0
2018-01-09,'600249,两面针,6.61,6.78,6.6,6.77,6.78,-0.17,-2.5074,2.1895,9852756,65676893.0,3635500000.0,2974500000.0
2018-01-08,'600249,两面针,6.78,6.86,6.41,6.57,6.56,0.22,3.3537,4.2209,18993853,126851016.0,3729000000.0,3051000000.0
2018-01-05,'600249,两面针,6.56,6.62,6.5,6.55,6.55,0.01,0.1527,1.6513,7430771,48730650.0,3608000000.0,2952000000.0
2018-01-04,'600249,两面针,6.55,6.75,6.49,6.6,6.67,-0.12,-1.7991,2.5265,11369308,75021280.0,3602500000.0,2947500000.0
2018-01-03,'600249,两面针,6.67,6.85,6.49,6.7,6.69,-0.02,-0.299,3.396,15282008,101590331.0,3668500000.0,3001500000.0
2018-01-02,'600249,两面针,6.69,6.84,6.58,6.65,6.73,-0.04,-0.5944,3.1285,14078283,94158517.0,3679500000.0,3010500000.0
2017-12-29,'600249,两面针,6.73,6.77,6.41,6.45,6.59,0.14,2.1244,4.5423,20440367,135026173.0,3701500000.0,3028500000.0
2017-12-28,'600249,两面针,6.59,6.8,6.2,6.3,6.31,0.28,4.4374,5.1177,23029476,149064779.0,3624500000.0,2965500000.0
2017-12-27,'600249,两面针,6.31,6.56,6.26,6.5,6.42,-0.11,-1.7134,4.3057,19375561,123701300.0,3470500000.0,2839500000.0
2017-12-26,'600249,两面针,6.42,6.42,5.74,5.84,5.84,0.58,9.9315,4.5477,20464828,127069895.0,3531000000.0,2889000000.0
2017-12-25,'600249,两面针,5.84,6.13,5.8,6.0,6.0,-0.16,-2.6667,1.6683,7507250,44708227.0,3212000000.0,2628000000.0
2017-12-22,'600249,两面针,6.0,6.17,5.98,6.12,6.16,-0.16,-2.5974,1.7003,7651511,46268785.0,3300000000.0,2700000000.0
2017-12-21,'600249,两面针,6.16,6.27,6.07,6.26,6.23,-0.07,-1.1236,1.8078,8135227,49952848.0,3388000000.0,2772000000.0
2017-12-20,'600249,两面针,6.23,6.3,6.19,6.25,6.36,-0.13,-2.044,1.9571,8806769,54899252.0,3426500000.0,2803500000.0
2017-12-19,'600249,两面针,6.36,6.4,6.18,6.4,6.42,-0.06,-0.9346,3.0249,13612192,85370046.0,3498000000.0,2862000000.0
2017-12-18,'600249,两面针,6.42,6.76,6.1,6.11,6.27,0.15,2.3923,5.9118,26603094,172655449.0,3531000000.0,2889000000.0
2017-12-15,'600249,两面针,6.27,6.27,5.65,5.7,5.7,0.57,10.0,3.0442,13699049,82318786.0,3448500000.0,2821500000.0
2017-12-14,'600249,两面针,5.7,5.75,5.62,5.71,5.75,-0.05,-0.8696,0.648,2916100,16570879.0,3135000000.0,2565000000.0
2017-12-13,'600249,两面针,5.75,5.76,5.67,5.71,5.72,0.03,0.5245,0.4896,2203151,12592078.0,3162500000.0,2587500000.0
2017-12-12,'600249,两面针,5.72,5.78,5.69,5.77,5.76,-0.04,-0.6944,0.5479,2465350,14133205.0,3146000000.0,2574000000.0
2017-12-11,'600249,两面针,5.76,5.78,5.67,5.72,5.72,0.04,0.6993,0.5927,2667319,15321432.0,3168000000.0,2592000000.0
2017-12-08,'600249,两面针,5.72,5.74,5.61,5.64,5.65,0.07,1.2389,0.7106,3197915,18199647.0,3146000000.0,2574000000.0
2017-12-07,'600249,两面针,5.65,5.66,5.58,5.65,5.67,-0.02,-0.3527,0.7921,3564300,20056537.0,3107500000.0,2542500000.0
2017-12-06,'600249,两面针,5.67,5.7,5.52,5.59,5.61,0.06,1.0695,0.964,4337877,24328126.0,3118500000.0,2551500000.0
2017-12-05,'600249,两面针,5.61,5.9,5.56,5.9,5.95,-0.34,-5.7143,1.607,7231369,41405327.0,3085500000.0,2524500000.0
2017-12-04,'600249,两面针,5.95,6.08,5.95,6.08,6.08,-0.13,-2.1382,0.8032,3614300,21675450.0,3272500000.0,2677500000.0
2017-12-01,'600249,两面针,6.08,6.11,6.0,6.02,6.06,0.02,0.33,0.7778,3500201,21220572.0,3344000000.0,2736000000.0
2017-11-30,'600249,两面针,6.06,6.07,5.99,6.07,6.08,-0.02,-0.3289,0.8272,3722550,22422260.0,3333000000.0,2727000000.0
2017-11-29,'600249,两面针,6.08,6.14,5.99,6.09,6.09,-0.01,-0.1642,1.0758,4841300,29289553.0,3344000000.0,2736000000.0
2017-11-28,'600249,两面针,6.09,6.1,5.96,5.98,6.01,0.08,1.3311,1.0074,4533355,27321095.0,3349500000.0,2740500000.0
2017-11-27,'600249,两面针,6.01,6.05,5.92,6.0,6.02,-0.01,-0.1661,0.9471,4262026,25501594.0,3305500000.0,2704500000.0
2017-11-24,'600249,两面针,6.02,6.1,5.94,6.1,6.1,-0.08,-1.3115,1.5116,6802342,40738773.0,3311000000.0,2709000000.0
2017-11-23,'600249,两面针,6.1,6.28,6.05,6.25,6.23,-0.13,-2.0867,1.3293,5982000,36872656.0,3355000000.0,2745000000.0
2017-11-22,'600249,两面针,6.23,6.33,6.18,6.3,6.33,-0.1,-1.5798,1.1652,5243345,32748966.0,3426500000.0,2803500000.0
2017-11-21,'600249,两面针,6.33,6.42,6.15,6.38,6.38,-0.05,-0.7837,1.4748,6636702,41730447.0,3481500000.0,2848500000.0
2017-11-20,'600249,两面针,6.38,6.68,6.08,6.66,6.74,-0.36,-5.3412,1.6565,7454423,47203682.0,3509000000.0,2871000000.0
2017-11-17,'600249,两面针,6.74,6.84,6.64,6.66,6.68,0.06,0.8982,1.8222,8199722,55223803.0,3707000000.0,3033000000.0
2017-11-16,'600249,两面针,6.68,6.75,6.63,6.75,6.76,-0.08,-1.1834,1.1492,5171550,34550054.0,3674000000.0,3006000000.0
2017-11-15,'600249,两面针,6.76,6.85,6.65,6.8,6.8,-0.04,-0.5882,1.1538,5192250,34997587.0,3718000000.0,3042000000.0
2017-11-14,'600249,两面针,6.8,6.88,6.73,6.87,6.88,-0.08,-1.1628,1.1637,5236553,35620173.0,3740000000.0,3060000000.0
2017-11-13,'600249,两面针,6.88,7.08,6.83,7.08,7.09,-0.21,-2.9619,1.978,8900900,61581846.0,3784000000.0,3096000000.0
2017-11-10,'600249,两面针,7.09,7.15,7.05,7.15,7.15,-0.06,-0.8392,0.8817,3967651,28061992.0,3899500000.0,3190500000.0
2017-11-09,'600249,两面针,7.15,7.19,7.1,7.1,7.15,0.0,0.0,0.7395,3327950,23743976.0,3932500000.0,3217500000.0
2017-11-08,'600249,两面针,7.15,7.2,7.04,7.09,7.1,0.05,0.7042,0.9957,4480651,32006226.0,3932500000.0,3217500000.0
2017-11-07,'600249,两面针,7.1,7.11,6.98,7.04,7.04,0.06,0.8523,0.939,4225301,29788758.0,3905000000.0,3195000000.0
2017-11-06,'600249,两面针,7.04,7.13,6.96,7.06,7.08,-0.04,-0.565,1.0508,4728450,33192217.0,3872000000.0,3168000000.0
2017-11-03,'600249,两面针,7.08,7.16,6.93,7.03,7.04,0.04,0.5682,0.8146,3665800,25903411.0,3894000000.0,3186000000.0
2017-11-02,'600249,两面针,7.04,7.23,7.01,7.21,7.2,-0.16,-2.2222,0.8781,3951452,27994697.0,3872000000.0,3168000000.0
2017-11-01,'600249,两面针,7.2,7.26,7.15,7.21,7.23,-0.03,-0.4149,0.7398,3329019,23956252.0,3960000000.0,3240000000.0
2017-10-31,'600249,两面针,7.23,7.25,7.11,7.17,7.17,0.06,0.8368,0.7237,3256612,23428609.0,3976500000.0,3253500000.0
2017-10-30,'600249,两面针,7.17,7.46,7.15,7.46,7.46,-0.29,-3.8874,1.2878,5795179,41911524.0,3943500000.0,3226500000.0
2017-10-27,'600249,两面针,7.46,7.61,7.4,7.53,7.58,-0.12,-1.5831,1.1259,5066761,37945880.0,4103000000.0,3357000000.0
2017-10-26,'600249,两面针,7.58,7.66,7.46,7.5,7.41,0.17,2.2942,1.5697,7063501,53547259.0,4169000000.0,3411000000.0
2017-10-25,'600249,两面针,7.41,7.43,7.35,7.39,7.4,0.01,0.1351,0.8296,3733200,27611228.0,4075500000.0,3334500000.0
2017-10-24,'600249,两面针,7.4,7.47,7.32,7.47,7.47,-0.07,-0.9371,0.7705,3467200,25592610.0,4070000000.0,3330000000.0
2017-10-23,'600249,两面针,7.47,7.52,7.43,7.43,7.44,0.03,0.4032,0.681,3064700,22903299.0,4108500000.0,3361500000.0
2017-10-20,'600249,两面针,7.44,7.45,7.29,7.35,7.35,0.09,1.2245,0.8038,3617001,26763084.0,4092000000.0,3348000000.0
2017-10-19,'600249,两面针,7.35,7.64,7.33,7.61,7.6,-0.25,-3.2895,1.3761,6192500,45902903.0,4042500000.0,3307500000.0
2017-10-18,'600249,两面针,7.6,7.76,7.6,7.74,7.72,-0.12,-1.5544,1.0148,4566700,35027712.0,4180000000.0,3420000000.0
2017-10-17,'600249,两面针,7.72,7.81,7.67,7.77,7.82,-0.1,-1.2788,1.2453,5604001,43359582.0,4246000000.0,3474000000.0
2017-10-16,'600249,两面针,7.82,8.07,7.8,8.06,8.09,-0.27,-3.3375,1.683,7573650,59912264.0,4301000000.0,3519000000.0
2017-10-13,'600249,两面针,8.09,8.13,7.86,7.91,7.89,0.2,2.5349,1.8972,8537243,68421185.0,4449500000.0,3640500000.0
2017-10-12,'600249,两面针,7.89,8.02,7.84,8.02,8.02,-0.13,-1.6209,1.3928,6267800,49705290.0,4339500000.0,3550500000.0
2017-10-11,'600249,两面针,8.02,8.08,7.99,8.05,8.09,-0.07,-0.8653,1.1581,5211355,41781518.0,4411000000.0,3609000000.0
2017-10-10,'600249,两面针,8.09,8.1,7.97,8.05,8.01,0.08,0.9988,1.2576,5659151,45359691.0,4449500000.0,3640500000.0
2017-10-09,'600249,两面针,8.01,8.15,7.99,8.11,8.08,-0.07,-0.8663,1.2224,5500705,44325813.0,4405500000.0,3604500000.0
2017-09-29,'600249,两面针,8.08,8.09,7.93,7.93,7.97,0.11,1.3802,0.9746,4385500,35134627.0,4444000000.0,3636000000.0
2017-09-28,'600249,两面针,7.97,8.17,7.96,8.16,8.14,-0.17,-2.0885,1.5789,7105000,57140887.0,4383500000.0,3586500000.0
2017-09-27,'600249,两面针,8.14,8.26,8.12,8.21,8.2,-0.06,-0.7317,0.7568,3405804,27847029.0,4477000000.0,3663000000.0
2017-09-26,'600249,两面针,8.2,8.21,8.03,8.14,8.1,0.1,1.2346,1.0254,4614450,37423711.0,4510000000.0,3690000000.0
2017-09-25,'600249,两面针,8.1,8.31,8.1,8.25,8.26,-0.16,-1.937,0.8307,3738107,30662336.0,4455000000.0,3645000000.0
2017-09-22,'600249,两面针,8.26,8.46,8.25,8.41,8.47,-0.21,-2.4793,1.4086,6338501,52674616.0,4543000000.0,3717000000.0
2017-09-21,'600249,两面针,8.47,8.7,8.44,8.7,8.71,-0.24,-2.7555,1.3622,6129700,52456119.0,4658500000.0,3811500000.0
2017-09-20,'600249,两面针,8.71,8.72,8.61,8.63,8.65,0.06,0.6936,1.4582,6561801,56881645.0,4790500000.0,3919500000.0
2017-09-19,'600249,两面针,8.65,8.74,8.52,8.57,8.59,0.06,0.6985,1.8236,8206092,71068834.0,4757500000.0,3892500000.0
2017-09-18,'600249,两面针,8.59,8.66,8.42,8.47,8.47,0.12,1.4168,1.3165,5924152,50725393.0,4724500000.0,3865500000.0
2017-09-15,'600249,两面针,8.47,8.66,8.43,8.61,8.59,-0.12,-1.397,1.2817,5767730,49144984.0,4658500000.0,3811500000.0
2017-09-14,'600249,两面针,8.59,8.7,8.49,8.56,8.6,-0.01,-0.1163,1.6684,7507837,64513036.0,4724500000.0,3865500000.0
2017-09-13,'600249,两面针,8.6,8.63,8.53,8.54,8.56,0.04,0.4673,1.3092,5891550,50522867.0,4730000000.0,3870000000.0
2017-09-12,'600249,两面针,8.56,8.77,8.53,8.75,8.74,-0.18,-2.0595,2.6418,11888201,102343900.0,4708000000.0,3852000000.0
2017-09-11,'600249,两面针,8.74,8.86,8.52,8.7,8.7,0.04,0.4598,1.9313,8690671,75847437.0,4807000000.0,3933000000.0
2017-09-08,'600249,两面针,8.7,8.84,8.65,8.68,8.68,0.02,0.2304,1.7029,7662892,67068821.0,4785000000.0,3915000000.0
2017-09-07,'600249,两面针,8.68,8.87,8.66,8.72,8.8,-0.12,-1.3636,2.0269,9120833,79801005.0,4774000000.0,3906000000.0
2017-09-06,'600249,两面针,8.8,8.96,8.77,8.96,8.97,-0.17,-1.8952,2.4216,10897235,96245277.0,4840000000.0,3960000000.0
2017-09-05,'600249,两面针,8.97,9.29,8.92,9.1,9.17,-0.2,-2.181,3.4133,15359685,138928714.0,4933500000.0,4036500000.0
2017-09-04,'600249,两面针,9.17,9.2,8.52,8.68,8.72,0.45,5.1606,5.6068,25230580,226376265.0,5043500000.0,4126500000.0
2017-09-01,'600249,两面针,8.72,8.86,8.67,8.75,8.69,0.03,0.3452,2.5834,11625460,102134961.0,4796000000.0,3924000000.0
2017-08-31,'600249,两面针,8.69,8.83,8.62,8.74,8.76,-0.07,-0.7991,2.3124,10405849,90464936.0,4779500000.0,3910500000.0
2017-08-30,'600249,两面针,8.76,8.9,8.7,8.86,8.9,-0.14,-1.573,2.879,12955611,113701767.0,4818000000.0,3942000000.0
2017-08-29,'600249,两面针,8.9,9.05,8.88,8.9,8.96,-0.06,-0.6696,2.4979,11240445,100513778.0,4895000000.0,4005000000.0
2017-08-28,'600249,两面针,8.96,9.05,8.85,8.92,9.01,-0.05,-0.5549,3.6332,16349618,146322121.0,4928000000.0,4032000000.0
2017-08-25,'600249,两面针,9.01,9.15,8.9,9.0,9.16,-0.15,-1.6376,4.0869,18391210,165772645.0,4955500000.0,4054500000.0
2017-08-24,'600249,两面针,9.16,9.36,8.9,9.1,9.24,-0.08,-0.8658,6.3714,28671171,261278621.0,5038000000.0,4122000000.0
2017-08-23,'600249,两面针,9.24,9.46,8.7,8.8,8.97,0.27,3.01,9.8145,44165290,406889600.0,5082000000.0,4158000000.0
2017-08-22,'600249,两面针,8.97,9.0,8.3,8.51,8.55,0.42,4.9123,5.6398,25379324,216363158.0,4933500000.0,4036500000.0
2017-08-21,'600249,两面针,8.55,9.04,8.49,8.56,8.53,0.02,0.2345,5.8443,26299219,229263921.0,4702500000.0,3847500000.0
2017-08-18,'600249,两面针,8.53,8.68,8.05,8.07,8.16,0.37,4.5343,5.8191,26186030,221025333.0,4691500000.0,3838500000.0
2017-08-17,'600249,两面针,8.16,8.3,8.09,8.15,8.19,-0.03,-0.3663,1.8162,8173086,66673861.0,4488000000.0,3672000000.0
2017-08-16,'600249,两面针,8.19,8.23,8.03,8.07,8.04,0.15,1.8657,2.6842,12078982,98505140.0,4504500000.0,3685500000.0
2017-08-15,'600249,两面针,8.04,8.1,7.87,7.88,7.88,0.16,2.0305,1.8247,8210931,65977382.0,4422000000.0,3618000000.0
2017-08-14,'600249,两面针,7.88,7.92,7.62,7.62,7.69,0.19,2.4707,1.2481,5616501,44009635.0,4334000000.0,3546000000.0
2017-08-11,'600249,两面针,7.69,7.96,7.66,7.96,7.99,-0.3,-3.7547,1.7449,7852000,61256900.0,4229500000.0,3460500000.0
2017-08-10,'600249,两面针,7.99,8.02,7.8,7.98,8.01,-0.02,-0.2497,1.6677,7504618,59458317.0,4394500000.0,3595500000.0
2017-08-09,'600249,两面针,8.01,8.06,7.97,8.02,8.01,0.0,0.0,1.2483,5617397,45031203.0,4405500000.0,3604500000.0
2017-08-08,'600249,两面针,8.01,8.07,7.92,8.07,8.07,-0.06,-0.7435,1.8217,8197465,65416700.0,4405500000.0,3604500000.0
2017-08-07,'600249,两面针,8.07,8.09,7.9,7.95,8.02,0.05,0.6234,1.2986,5843619,46852626.0,4438500000.0,3631500000.0
2017-08-04,'600249,两面针,8.02,8.17,8.01,8.11,8.13,-0.11,-1.353,1.6562,7452851,60140140.0,4411000000.0,3609000000.0
2017-08-03,'600249,两面针,8.13,8.22,8.0,8.04,8.1,0.03,0.3704,2.1652,9743487,79153855.0,4471500000.0,3658500000.0
2017-08-02,'600249,两面针,8.1,8.28,7.98,8.25,8.21,-0.11,-1.3398,2.9449,13251899,107488111.0,4455000000.0,3645000000.0
2017-08-01,'600249,两面针,8.21,8.24,8.04,8.12,8.13,0.08,0.984,2.7064,12178873,98958614.0,4515500000.0,3694500000.0
2017-07-31,'600249,两面针,8.13,8.24,8.01,8.07,8.06,0.07,0.8685,3.1926,14366666,117048962.0,4471500000.0,3658500000.0
2017-07-28,'600249,两面针,8.06,8.17,8.02,8.1,8.18,-0.12,-1.467,2.6268,11820572,95555374.0,4433000000.0,3627000000.0
2017-07-27,'600249,两面针,8.18,8.19,7.95,8.07,8.17,0.01,0.1224,4.6068,20730599,167613041.0,4499000000.0,3681000000.0
2017-07-26,'600249,两面针,8.17,8.27,7.53,7.53,7.52,0.65,8.6436,7.3419,33038341,264633512.0,4493500000.0,3676500000.0
2017-07-25,'600249,两面针,7.52,7.64,7.5,7.58,7.6,-0.08,-1.0526,1.3434,6045109,45655728.0,4136000000.0,3384000000.0
2017-07-24,'600249,两面针,7.6,7.64,7.3,7.3,7.55,0.05,0.6623,1.454,6543097,49104613.0,4180000000.0,3420000000.0
2017-07-21,'600249,两面针,7.55,7.75,7.5,7.62,7.67,-0.12,-1.5645,1.7842,8029016,60901807.0,4152500000.0,3397500000.0
2017-07-20,'600249,两面针,7.67,7.92,7.58,7.61,7.64,0.03,0.3927,2.1054,9474177,73293293.0,4218500000.0,3451500000.0
2017-07-19,'600249,两面针,7.64,7.76,7.35,7.38,7.42,0.22,2.965,2.1535,9690793,73514505.0,4202000000.0,3438000000.0
2017-07-18,'600249,两面针,7.42,7.56,7.16,7.22,7.28,0.14,1.9231,1.943,8743378,64545883.0,4081000000.0,3339000000.0
2017-07-17,'600249,两面针,7.28,8.04,7.26,8.0,8.07,-0.79,-9.7893,3.6234,16305151,122043723.0,4004000000.0,3276000000.0
2017-07-14,'600249,两面针,8.07,8.17,8.01,8.13,8.15,-0.08,-0.9816,1.6294,7332207,59211315.0,4438500000.0,3631500000.0
2017-07-13,'600249,两面针,8.15,8.21,7.9,8.01,8.06,0.09,1.1166,2.6029,11713076,95038880.0,4482500000.0,3667500000.0
2017-07-12,'600249,两面针,8.06,8.24,7.91,8.2,8.23,-0.17,-2.0656,2.9731,13378947,107507876.0,4433000000.0,3627000000.0
2017-07-11,'600249,两面针,8.23,8.53,8.15,8.4,8.48,-0.25,-2.9481,3.8173,17177770,142893068.0,4526500000.0,3703500000.0
2017-07-10,'600249,两面针,8.48,8.5,8.06,8.17,8.28,0.2,2.4155,5.8285,26228445,218007352.0,4664000000.0,3816000000.0
2017-07-07,'600249,两面针,8.28,8.6,7.94,7.95,8.05,0.23,2.8571,7.6329,34348169,285783135.0,4554000000.0,3726000000.0
2017-07-06,'600249,两面针,8.05,8.07,7.86,7.95,8.01,0.04,0.4994,3.4473,15512833,123655078.0,4427500000.0,3622500000.0
2017-07-05,'600249,两面针,8.01,8.02,7.82,7.9,7.92,0.09,1.1364,2.7634,12435267,98609814.0,4405500000.0,3604500000.0
2017-07-04,'600249,两面针,7.92,8.04,7.84,7.9,7.97,-0.05,-0.6274,3.0729,13828101,109651861.0,4356000000.0,3564000000.0
2017-07-03,'600249,两面针,7.97,8.04,7.77,7.85,7.87,0.1,1.2706,3.9268,17670636,139562974.0,4383500000.0,3586500000.0
2017-06-30,'600249,两面针,7.87,8.14,7.79,8.12,8.12,-0.25,-3.0788,5.8143,26164334,206852795.0,4328500000.0,3541500000.0
2017-06-29,'600249,两面针,8.12,8.36,8.01,8.31,8.38,-0.26,-3.1026,6.6462,29908040,243862696.0,4466000000.0,3654000000.0
2017-06-28,'600249,两面针,8.38,8.77,8.29,8.35,8.06,0.32,3.9702,12.1555,54699615,462489905.0,4609000000.0,3771000000.0
2017-06-27,'600249,两面针,8.06,8.06,7.34,7.34,7.33,0.73,9.9591,2.4926,11216614,89738754.0,4433000000.0,3627000000.0
2017-06-26,'600249,两面针,7.33,7.34,7.12,7.15,7.16,0.17,2.3743,1.3194,5937207,43123560.0,4031500000.0,3298500000.0
2017-06-23,'600249,两面针,7.16,7.32,7.02,7.15,7.21,-0.05,-0.6935,1.8811,8464751,60518987.0,3938000000.0,3222000000.0
2017-06-22,'600249,两面针,7.21,7.57,7.15,7.52,7.51,-0.3,-3.9947,1.7892,8051399,59609104.0,3965500000.0,3244500000.0
2017-06-21,'600249,两面针,7.51,7.66,7.45,7.59,7.6,-0.09,-1.1842,1.726,7767211,58534223.0,4130500000.0,3379500000.0
2017-06-20,'600249,两面针,7.6,7.72,7.49,7.65,7.6,0.0,0.0,1.9132,8609450,65635727.0,4180000000.0,3420000000.0
2017-06-19,'600249,两面针,7.6,7.72,7.52,7.58,7.56,0.04,0.5291,1.419,6385700,48452511.0,4180000000.0,3420000000.0
2017-06-16,'600249,两面针,7.56,7.73,7.53,7.72,7.72,-0.16,-2.0725,2.2457,10105742,76770187.0,4158000000.0,3402000000.0
2017-06-15,'600249,两面针,7.72,7.73,7.43,7.46,7.5,0.22,2.9333,3.5342,15903851,121670988.0,4246000000.0,3474000000.0
2017-06-14,'600249,两面针,7.5,7.76,7.31,7.31,7.37,0.13,1.7639,3.7698,16964285,127779412.0,4125000000.0,3375000000.0
2017-06-13,'600249,两面针,7.37,7.45,7.23,7.31,7.37,0.0,0.0,1.932,8694201,63987009.0,4053500000.0,3316500000.0
2017-06-12,'600249,两面针,7.37,7.49,7.2,7.34,7.35,0.02,0.2721,2.868,12905858,95071318.0,4053500000.0,3316500000.0
2017-06-09,'600249,两面针,7.35,7.53,7.11,7.2,7.19,0.16,2.2253,2.6006,11702737,85389629.0,4042500000.0,3307500000.0
2017-06-08,'600249,两面针,7.19,7.25,7.13,7.2,7.29,-0.1,-1.3717,2.0255,9114628,65428058.0,3954500000.0,3235500000.0
2017-06-07,'600249,两面针,7.29,7.49,6.96,7.01,6.95,0.34,4.8921,4.1381,18621372,134705218.0,4009500000.0,3280500000.0
2017-06-06,'600249,两面针,6.95,6.97,6.77,6.83,6.81,0.14,2.0558,1.4426,6491710,44620247.0,3822500000.0,3127500000.0
2017-06-05,'600249,两面针,6.81,6.9,6.8,6.87,6.83,-0.02,-0.2928,1.1964,5383863,36817026.0,3745500000.0,3064500000.0
2017-06-02,'600249,两面针,6.83,6.92,6.51,6.62,6.74,0.09,1.3353,1.9232,8654250,58282342.0,3756500000.0,3073500000.0
2017-06-01,'600249,两面针,6.74,7.11,6.71,7.09,7.09,-0.35,-4.9365,1.6448,7401765,51140899.0,3707000000.0,3033000000.0
2017-05-31,'600249,两面针,7.09,7.15,7.01,7.08,6.98,0.11,1.5759,1.5158,6820900,48362485.0,3899500000.0,3190500000.0
2017-05-26,'600249,两面针,6.98,7.14,6.94,7.1,7.08,-0.1,-1.4124,2.2105,9947410,70075446.0,3839000000.0,3141000000.0
2017-05-25,'600249,两面针,7.08,7.13,6.91,7.07,7.04,0.04,0.5682,1.6697,7513730,52797016.0,3894000000.0,3186000000.0
2017-05-24,'600249,两面针,7.04,7.07,6.76,7.04,7.04,0.0,0.0,1.6367,7365087,51087157.0,3872000000.0,3168000000.0
2017-05-23,'600249,两面针,7.04,7.53,6.96,7.48,7.5,-0.46,-6.1333,2.2077,9934851,71875283.0,3872000000.0,3168000000.0
2017-05-22,'600249,两面针,7.5,7.84,7.43,7.81,7.83,-0.33,-4.2146,1.1646,5240581,40211004.0,4125000000.0,3375000000.0
2017-05-19,'600249,两面针,7.83,8.0,7.78,7.96,7.96,-0.13,-1.6332,1.1246,5060713,39789211.0,4306500000.0,3523500000.0
2017-05-18,'600249,两面针,7.96,8.08,7.84,8.05,8.14,-0.18,-2.2113,1.9485,8768296,69857321.0,4378000000.0,3582000000.0
2017-05-17,'600249,两面针,8.14,8.19,7.96,8.05,8.05,0.09,1.118,2.1106,9497703,77071259.0,4477000000.0,3663000000.0
2017-05-16,'600249,两面针,8.05,8.1,7.55,7.77,7.78,0.27,3.4704,2.4515,11031825,86572900.0,4427500000.0,3622500000.0
2017-05-15,'600249,两面针,7.78,7.85,7.74,7.81,7.78,0.0,0.0,0.8817,3967850,30898829.0,4279000000.0,3501000000.0
2017-05-12,'600249,两面针,7.78,7.89,7.61,7.85,7.85,-0.07,-0.8917,1.3199,5939600,46107404.0,4279000000.0,3501000000.0
2017-05-11,'600249,两面针,7.85,7.96,7.3,7.7,7.89,-0.04,-0.507,2.6308,11838704,90706166.0,4317500000.0,3532500000.0
2017-05-10,'600249,两面针,7.89,8.25,7.8,8.14,8.19,-0.3,-3.663,1.9513,8780911,70491276.0,4339500000.0,3550500000.0
2017-05-09,'600249,两面针,8.19,8.2,7.85,8.03,8.03,0.16,1.9925,2.0465,9209273,74202916.0,4504500000.0,3685500000.0
2017-05-08,'600249,两面针,8.03,8.38,8.01,8.35,8.34,-0.31,-3.717,2.159,9715437,79561609.0,4416500000.0,3613500000.0
2017-05-05,'600249,两面针,8.34,8.66,8.32,8.5,8.68,-0.34,-3.9171,2.3323,10495451,89150294.0,4587000000.0,3753000000.0
2017-05-04,'600249,两面针,8.68,8.91,8.65,8.81,8.8,-0.12,-1.3636,2.6655,11994772,105362240.0,4774000000.0,3906000000.0
2017-05-03,'600249,两面针,8.8,8.84,8.48,8.6,8.65,0.15,1.7341,3.0579,13760544,119339503.0,4840000000.0,3960000000.0
2017-05-02,'600249,两面针,8.65,8.74,8.41,8.62,8.61,0.04,0.4646,2.0049,9022100,77562717.0,4757500000.0,3892500000.0
2017-04-28,'600249,两面针,8.61,8.69,8.52,8.52,8.65,-0.04,-0.4624,1.758,7910900,67985394.0,4735500000.0,3874500000.0
2017-04-27,'600249,两面针,8.65,8.7,8.02,8.38,8.42,0.23,2.7316,4.1756,18790081,158140991.0,4757500000.0,3892500000.0
2017-04-26,'600249,两面针,8.42,8.48,8.31,8.38,8.43,-0.01,-0.1186,2.0246,9110564,76463804.0,4631000000.0,3789000000.0
2017-04-25,'600249,两面针,8.43,8.84,8.35,8.58,8.59,-0.16,-1.8626,2.765,12442442,106335282.0,4636500000.0,3793500000.0
2017-04-24,'600249,两面针,8.59,9.28,8.56,9.23,9.31,-0.72,-7.7336,3.0373,13667912,121309691.0,4724500000.0,3865500000.0
2017-04-21,'600249,两面针,9.31,9.42,9.24,9.26,9.26,0.05,0.54,1.5978,7190250,67013463.0,5120500000.0,4189500000.0
2017-04-20,'600249,两面针,9.26,9.52,9.17,9.4,9.41,-0.15,-1.594,2.3342,10503702,98042558.0,5093000000.0,4167000000.0
2017-04-19,'600249,两面针,9.41,9.68,9.38,9.6,9.69,-0.28,-2.8896,2.3103,10396253,98547175.0,5175500000.0,4234500000.0
2017-04-18,'600249,两面针,9.69,9.89,9.61,9.7,9.7,-0.01,-0.1031,3.0892,13901250,135456669.0,5329500000.0,4360500000.0
2017-04-17,'600249,两面针,9.7,9.83,9.3,9.54,9.55,0.15,1.5707,3.4477,15514451,148577013.0,5335000000.0,4365000000.0
2017-04-14,'600249,两面针,9.55,9.88,9.48,9.77,9.86,-0.31,-3.144,3.937,17716289,169731213.0,5252500000.0,4297500000.0
2017-04-13,'600249,两面针,9.86,9.98,9.77,9.88,9.91,-0.05,-0.5045,3.2361,14562475,143494947.0,5423000000.0,4437000000.0
2017-04-12,'600249,两面针,9.91,10.25,9.9,10.0,10.12,-0.21,-2.0751,4.0507,18228158,182873660.0,5450500000.0,4459500000.0
2017-04-11,'600249,两面针,10.12,10.59,9.9,10.5,10.59,-0.47,-4.4381,9.7085,43688280,442560438.0,5566000000.0,4554000000.0
2017-04-10,'600249,两面针,10.59,10.97,10.5,10.55,10.71,-0.12,-1.1204,5.3147,23916370,255355067.0,5824500000.0,4765500000.0
2017-04-07,'600249,两面针,10.71,10.87,10.65,10.71,10.79,-0.08,-0.7414,4.0632,18284472,196445291.0,5890500000.0,4819500000.0
2017-04-06,'600249,两面针,10.79,10.95,10.59,10.8,10.86,-0.07,-0.6446,5.6845,25580172,275696891.0,5934500000.0,4855500000.0
2017-04-05,'600249,两面针,10.86,11.43,10.41,11.39,11.57,-0.71,-6.1366,10.1649,45742070,496760779.0,5973000000.0,4887000000.0
2017-03-31,'600249,两面针,11.57,11.86,11.32,11.5,11.7,-0.13,-1.1111,10.1251,45563079,527456975.0,6363500000.0,5206500000.0
2017-03-30,'600249,两面针,11.7,12.34,11.06,11.12,11.23,0.47,4.1852,16.8578,75860014,879897141.0,6435000000.0,5265000000.0
2017-03-29,'600249,两面针,11.23,11.49,10.8,11.03,11.04,0.19,1.721,8.2465,37109208,414118860.0,6176500000.0,5053500000.0
2017-03-28,'600249,两面针,11.04,11.23,10.92,11.19,11.27,-0.23,-2.0408,5.0261,22617451,249798173.0,6072000000.0,4968000000.0
2017-03-27,'600249,两面针,11.27,11.39,10.5,10.58,10.64,0.63,5.9211,9.6514,43431406,479781240.0,6198500000.0,5071500000.0
2017-03-24,'600249,两面针,10.64,10.72,10.31,10.61,10.62,0.02,0.1883,4.703,21163421,222216822.0,5852000000.0,4788000000.0
2017-03-23,'600249,两面针,10.62,10.79,10.4,10.79,10.85,-0.23,-2.1198,5.8717,26422456,279026404.0,5841000000.0,4779000000.0
2017-03-22,'600249,两面针,10.85,11.04,10.84,11.0,11.06,-0.21,-1.8987,2.9995,13497537,147411009.0,5967500000.0,4882500000.0
2017-03-21,'600249,两面针,11.06,11.08,10.88,11.01,11.01,0.05,0.4541,2.6585,11963251,131141193.0,6083000000.0,4977000000.0
2017-03-20,'600249,两面针,11.01,11.06,10.83,10.85,10.89,0.12,1.1019,2.7641,12438544,136267505.0,6055500000.0,4954500000.0
2017-03-17,'600249,两面针,10.89,11.14,10.85,11.06,11.06,-0.17,-1.5371,3.4168,15375513,168792427.0,5989500000.0,4900500000.0
2017-03-16,'600249,两面针,11.06,11.15,10.77,10.77,10.77,0.29,2.6927,4.5153,20318902,223988670.0,6083000000.0,4977000000.0
2017-03-15,'600249,两面针,10.77,11.01,10.76,11.0,10.99,-0.22,-2.0018,3.4623,15580409,168713022.0,5923500000.0,4846500000.0
2017-03-14,'600249,两面针,10.99,11.17,10.93,11.17,11.11,-0.12,-1.0801,3.0586,13763870,151858817.0,6044500000.0,4945500000.0
2017-03-13,'600249,两面针,11.11,11.25,10.8,10.99,11.1,0.01,0.0901,3.7255,16764934,185318534.0,6110500000.0,4999500000.0
2017-03-10,'600249,两面针,11.1,11.34,11.02,11.1,11.03,0.07,0.6346,4.5621,20529612,229603322.0,6105000000.0,4995000000.0
2017-03-09,'600249,两面针,11.03,11.08,10.87,11.01,11.14,-0.11,-0.9874,3.4822,15670032,172067412.0,6066500000.0,4963500000.0
2017-03-08,'600249,两面针,11.14,11.3,10.75,10.87,10.94,0.2,1.8282,6.2739,28232503,312032750.0,6127000000.0,5013000000.0
2017-03-07,'600249,两面针,10.94,11.23,10.91,11.15,11.22,-0.28,-2.4955,5.4069,24331203,267607181.0,6017000000.0,4923000000.0
2017-03-06,'600249,两面针,11.22,11.28,11.13,11.18,11.14,0.08,0.7181,3.4825,15671285,175318327.0,6171000000.0,5049000000.0
2017-03-03,'600249,两面针,11.14,11.26,11.08,11.2,11.32,-0.18,-1.5901,4.5801,20610328,229995509.0,6127000000.0,5013000000.0
2017-03-02,'600249,两面针,11.32,11.75,11.3,11.64,11.77,-0.45,-3.8233,6.8009,30604029,350656322.0,6226000000.0,5094000000.0
2017-03-01,'600249,两面针,11.77,11.9,11.32,11.46,11.45,0.32,2.7948,8.4314,37941122,440975527.0,6473500000.0,5296500000.0
2017-02-28,'600249,两面针,11.45,11.63,11.25,11.5,11.51,-0.06,-0.5213,6.6527,29937257,341665246.0,6297500000.0,5152500000.0
2017-02-27,'600249,两面针,11.51,11.75,11.42,11.67,11.82,-0.31,-2.6227,6.9051,31072815,358918387.0,6330500000.0,5179500000.0
2017-02-24,'600249,两面针,11.82,12.2,11.61,12.14,12.33,-0.51,-4.1363,12.0691,54311134,644940191.0,6501000000.0,5319000000.0
2017-02-23,'600249,两面针,12.33,12.8,11.77,11.8,11.93,0.4,3.3529,16.6317,74842575,926777202.0,6781500000.0,5548500000.0
2017-02-22,'600249,两面针,11.93,11.98,11.75,11.92,12.03,-0.1,-0.8313,7.9002,35550731,421528893.0,6561500000.0,5368500000.0
2017-02-21,'600249,两面针,12.03,12.07,11.71,11.99,12.07,-0.04,-0.3314,9.6964,43633693,519305584.0,6616500000.0,5413500000.0
2017-02-20,'600249,两面针,12.07,12.17,11.67,11.91,12.22,-0.15,-1.2275,12.2616,55176981,657746860.0,6638500000.0,5431500000.0
2017-02-17,'600249,两面针,12.22,12.96,11.71,11.8,12.05,0.17,1.4108,24.1021,108459390,1337769170.0,6721000000.0,5499000000.0
2017-02-16,'600249,两面针,12.05,12.46,11.2,11.46,11.33,0.72,6.3548,24.0846,108380501,1288571739.0,6627500000.0,5422500000.0
2017-02-15,'600249,两面针,11.33,11.55,11.08,11.39,11.4,-0.07,-0.614,9.2064,41428937,466659210.0,6231500000.0,5098500000.0
2017-02-14,'600249,两面针,11.4,11.65,11.21,11.21,11.34,0.06,0.5291,9.3125,41906199,477864480.0,6270000000.0,5130000000.0
2017-02-13,'600249,两面针,11.34,11.37,10.81,11.05,11.46,-0.12,-1.0471,10.6165,47774135,531442594.0,6237000000.0,5103000000.0
2017-02-10,'600249,两面针,11.46,12.18,11.28,11.3,11.28,0.18,1.5957,18.8797,84958692,991688814.0,6303000000.0,5157000000.0
2017-02-09,'600249,两面针,11.28,11.41,11.16,11.28,11.4,-0.12,-1.0526,9.2789,41755179,470332211.0,6204000000.0,5076000000.0
2017-02-08,'600249,两面针,11.4,11.46,11.07,11.2,11.39,0.01,0.0878,11.5416,51937047,585213800.0,6270000000.0,5130000000.0
2017-02-07,'600249,两面针,11.39,11.47,10.75,10.85,11.01,0.38,3.4514,16.3804,73711765,824033122.0,6264500000.0,5125500000.0
2017-02-06,'600249,两面针,11.01,11.09,10.3,10.64,10.6,0.41,3.8679,12.6989,57144950,618683691.0,6055500000.0,4954500000.0
2017-02-03,'600249,两面针,10.6,10.68,10.4,10.46,10.46,0.14,1.3384,6.085,27382483,289396304.0,5830000000.0,4770000000.0
2017-01-26,'600249,两面针,10.46,10.76,10.36,10.47,10.59,-0.13,-1.2276,7.2032,32414551,340716980.0,5753000000.0,4707000000.0
2017-01-25,'600249,两面针,10.59,11.21,10.47,11.05,11.1,-0.51,-4.5946,11.8224,53200649,575119952.0,5824500000.0,4765500000.0
2017-01-24,'600249,两面针,11.1,11.38,10.93,11.25,11.45,-0.35,-3.0568,11.6717,52522751,582677039.0,6105000000.0,4995000000.0
2017-01-23,'600249,两面针,11.45,11.57,11.11,11.3,11.63,-0.18,-1.5477,17.6546,79445849,899425756.0,6297500000.0,5152500000.0
2017-01-20,'600249,两面针,11.63,11.91,10.53,10.62,10.83,0.8,7.3869,25.9427,116742142,1342196860.0,6396500000.0,5233500000.0
2017-01-19,'600249,两面针,10.83,11.47,10.46,10.5,10.7,0.13,1.215,17.6776,79549238,876624582.0,5956500000.0,4873500000.0
2017-01-18,'600249,两面针,10.7,11.13,10.42,10.69,10.83,-0.13,-1.2004,16.1411,72635153,781582978.0,5885000000.0,4815000000.0
2017-01-17,'600249,两面针,10.83,10.98,10.11,10.21,10.3,0.53,5.1456,18.0096,81042981,860154114.0,5956500000.0,4873500000.0
2017-01-16,'600249,两面针,10.3,10.93,9.89,10.8,10.77,-0.47,-4.364,15.4564,69553655,726456331.0,5665000000.0,4635000000.0
2017-01-13,'600249,两面针,10.77,11.47,10.55,11.4,11.49,-0.72,-6.2663,17.4057,78325816,860172044.0,5923500000.0,4846500000.0
2017-01-12,'600249,两面针,11.49,11.65,11.16,11.3,11.79,-0.3,-2.5445,18.8134,84660308,962740104.0,6319500000.0,5170500000.0
2017-01-11,'600249,两面针,11.79,12.35,11.14,11.39,11.61,0.18,1.5504,24.1165,108524203,1288850764.0,6484500000.0,5305500000.0
2017-01-10,'600249,两面针,11.61,12.5,11.53,12.1,12.81,-1.2,-9.3677,27.1919,122363603,1465474792.0,6385500000.0,5224500000.0
2017-01-09,'600249,两面针,12.81,13.57,11.21,11.73,12.45,0.36,2.8916,38.0723,171325368,2077847165.0,7045500000.0,5764500000.0
2017-01-06,'600249,两面针,12.45,12.45,10.91,11.11,11.32,1.13,9.9823,36.0758,162341219,1947648717.0,6847500000.0,5602500000.0
2017-01-05,'600249,两面针,11.32,11.95,10.8,11.4,11.08,0.24,2.1661,33.8776,152449126,1730623464.0,6226000000.0,5094000000.0
2017-01-04,'600249,两面针,11.08,11.08,10.35,10.35,10.07,1.01,10.0298,10.7129,48208131,518025725.0,6094000000.0,4986000000.0
2017-01-03,'600249,两面针,10.07,10.07,9.26,9.4,9.15,0.92,10.0546,19.6658,88496088,856850592.0,5538500000.0,4531500000.0
2016-12-30,'600249,两面针,9.15,9.15,8.31,8.37,8.32,0.83,9.976,3.8212,17195188,154844410.0,5032500000.0,4117500000.0
2016-12-29,'600249,两面针,8.32,8.41,8.24,8.32,8.34,-0.02,-0.2398,1.6639,7487633,62247204.0,4576000000.0,3744000000.0
2016-12-28,'600249,两面针,8.34,8.48,8.32,8.42,8.45,-0.11,-1.3018,1.643,7393700,62022059.0,4587000000.0,3753000000.0
2016-12-27,'600249,两面针,8.45,8.55,8.33,8.35,8.37,0.08,0.9558,2.3681,10656367,90021396.0,4647500000.0,3802500000.0
2016-12-26,'600249,两面针,8.37,8.45,8.12,8.45,8.47,-0.1,-1.1806,2.154,9693059,80330513.0,4603500000.0,3766500000.0
2016-12-23,'600249,两面针,8.47,8.58,8.38,8.52,8.57,-0.1,-1.1669,2.9153,13118709,110929669.0,4658500000.0,3811500000.0
2016-12-22,'600249,两面针,8.57,8.79,8.2,8.2,8.27,0.3,3.6276,4.5815,20616760,174487415.0,4713500000.0,3856500000.0
2016-12-21,'600249,两面针,8.27,8.45,8.22,8.29,8.26,0.01,0.1211,2.0166,9074582,75557955.0,4548500000.0,3721500000.0
2016-12-20,'600249,两面针,8.26,8.31,8.13,8.25,8.29,-0.03,-0.3619,2.3306,10487838,86304986.0,4543000000.0,3717000000.0
2016-12-19,'600249,两面针,8.29,8.44,7.96,8.01,8.04,0.25,3.1095,3.5644,16039837,132881970.0,4559500000.0,3730500000.0
2016-12-16,'600249,两面针,8.04,8.05,7.81,7.85,7.88,0.16,2.0305,1.5336,6901256,55021120.0,4422000000.0,3618000000.0
2016-12-15,'600249,两面针,7.88,7.89,7.7,7.74,7.76,0.12,1.5464,1.0342,4653790,36476165.0,4334000000.0,3546000000.0
2016-12-14,'600249,两面针,7.76,7.88,7.66,7.74,7.77,-0.01,-0.1287,1.0088,4539441,35330825.0,4268000000.0,3492000000.0
2016-12-13,'600249,两面针,7.77,7.82,7.6,7.7,7.78,-0.01,-0.1285,1.9981,8991287,69255812.0,4273500000.0,3496500000.0
2016-12-12,'600249,两面针,7.78,8.13,7.76,8.12,8.11,-0.33,-4.0691,1.92,8640001,68116825.0,4279000000.0,3501000000.0
2016-12-09,'600249,两面针,8.11,8.17,8.07,8.17,8.11,0.0,0.0,1.1516,5182200,42039469.0,4460500000.0,3649500000.0
2016-12-08,'600249,两面针,8.11,8.22,8.1,8.19,8.2,-0.09,-1.0976,1.0391,4676029,38055301.0,4460500000.0,3649500000.0
2016-12-07,'600249,两面针,8.2,8.23,7.87,7.9,7.9,0.3,3.7975,2.9878,13445090,109017175.0,4510000000.0,3690000000.0
2016-12-06,'600249,两面针,7.9,7.95,7.83,7.86,7.84,0.06,0.7653,0.9393,4226841,33351993.0,4345000000.0,3555000000.0
2016-12-05,'600249,两面针,7.84,7.85,7.73,7.79,7.86,-0.02,-0.2545,1.4796,6658100,51853635.0,4312000000.0,3528000000.0
2016-12-02,'600249,两面针,7.86,8.15,7.81,8.13,8.13,-0.27,-3.321,2.0372,9167332,73321633.0,4323000000.0,3537000000.0
2016-12-01,'600249,两面针,8.13,8.16,8.06,8.14,8.11,0.02,0.2466,1.3889,6250164,50784726.0,4471500000.0,3658500000.0
2016-11-30,'600249,两面针,8.11,8.17,8.01,8.05,8.1,0.01,0.1235,1.7804,8011712,64765608.0,4460500000.0,3649500000.0
2016-11-29,'600249,两面针,8.1,8.25,8.08,8.25,8.21,-0.11,-1.3398,2.8085,12638327,103188489.0,4455000000.0,3645000000.0
2016-11-28,'600249,两面针,8.21,8.37,8.2,8.33,8.34,-0.13,-1.5588,2.9346,13205813,108956451.0,4515500000.0,3694500000.0
2016-11-25,'600249,两面针,8.34,8.43,8.16,8.4,8.39,-0.05,-0.5959,2.6127,11757141,97412447.0,4587000000.0,3753000000.0
2016-11-24,'600249,两面针,8.39,8.57,8.35,8.45,8.54,-0.15,-1.7564,3.4978,15740203,133668119.0,4614500000.0,3775500000.0
2016-11-23,'600249,两面针,8.54,8.55,8.25,8.39,8.39,0.15,1.7878,4.5234,20355457,170744977.0,4697000000.0,3843000000.0
2016-11-22,'600249,两面针,8.39,8.44,8.33,8.36,8.4,-0.01,-0.119,2.308,10386191,87009762.0,4614500000.0,3775500000.0
2016-11-21,'600249,两面针,8.4,8.57,8.33,8.36,8.43,-0.03,-0.3559,2.7019,12158569,102688132.0,4620000000.0,3780000000.0
2016-11-18,'600249,两面针,8.43,8.75,8.35,8.6,8.5,-0.07,-0.8235,4.5719,20573678,175605484.0,4636500000.0,3793500000.0
2016-11-17,'600249,两面针,8.5,8.56,8.22,8.29,8.33,0.17,2.0408,4.636,20862060,176021388.0,4675000000.0,3825000000.0
2016-11-16,'600249,两面针,8.33,8.47,8.3,8.34,8.34,-0.01,-0.1199,3.1082,13987032,117069010.0,4581500000.0,3748500000.0
2016-11-15,'600249,两面针,8.34,8.45,8.22,8.37,8.4,-0.06,-0.7143,3.2469,14611131,121334294.0,4587000000.0,3753000000.0
2016-11-14,'600249,两面针,8.4,8.6,8.35,8.4,8.47,-0.07,-0.8264,4.8361,21762255,183836590.0,4620000000.0,3780000000.0
2016-11-11,'600249,两面针,8.47,8.49,8.23,8.33,8.31,0.16,1.9254,6.5033,29264947,244617214.0,4658500000.0,3811500000.0
2016-11-10,'600249,两面针,8.31,8.57,8.13,8.15,8.1,0.21,2.5926,9.746,43856949,367027106.0,4570500000.0,3739500000.0
2016-11-09,'600249,两面针,8.1,8.25,7.9,8.2,8.25,-0.15,-1.8182,2.7772,12497175,101330351.0,4455000000.0,3645000000.0
2016-11-08,'600249,两面针,8.25,8.32,8.03,8.08,8.07,0.18,2.2305,4.0514,18231348,149163491.0,4537500000.0,3712500000.0
2016-11-07,'600249,两面针,8.07,8.13,8.01,8.1,8.13,-0.06,-0.738,1.6114,7251413,58514612.0,4438500000.0,3631500000.0
2016-11-04,'600249,两面针,8.13,8.25,8.03,8.05,8.04,0.09,1.1194,4.306,19376778,158162355.0,4471500000.0,3658500000.0
2016-11-03,'600249,两面针,8.04,8.12,8.0,8.02,8.06,-0.02,-0.2481,1.7355,7809719,63022178.0,4422000000.0,3618000000.0
2016-11-02,'600249,两面针,8.06,8.15,7.96,8.01,8.01,0.05,0.6242,2.3894,10752131,86876461.0,4433000000.0,3627000000.0
2016-11-01,'600249,两面针,8.01,8.01,7.86,7.88,7.86,0.15,1.9084,1.5054,6774456,53764251.0,4405500000.0,3604500000.0
2016-10-31,'600249,两面针,7.86,7.9,7.81,7.86,7.89,-0.03,-0.3802,1.3318,5993243,47089097.0,4323000000.0,3537000000.0
2016-10-28,'600249,两面针,7.89,8.08,7.87,8.0,8.02,-0.13,-1.6209,1.6963,7633203,60972925.0,4339500000.0,3550500000.0
2016-10-27,'600249,两面针,8.02,8.03,7.93,8.03,8.04,-0.02,-0.2488,1.3689,6160196,49170851.0,4411000000.0,3609000000.0
2016-10-26,'600249,两面针,8.04,8.2,7.98,8.13,8.11,-0.07,-0.8631,2.1179,9530677,76719188.0,4422000000.0,3618000000.0
2016-10-25,'600249,两面针,8.11,8.22,8.06,8.08,8.08,0.03,0.3713,2.6404,11881806,96618246.0,4460500000.0,3649500000.0
2016-10-24,'600249,两面针,8.08,8.11,8.0,8.01,8.08,0.0,0.0,1.7656,7945350,64155951.0,4444000000.0,3636000000.0
2016-10-21,'600249,两面针,8.08,8.14,7.96,8.13,8.14,-0.06,-0.7371,2.7288,12279552,98626971.0,4444000000.0,3636000000.0
2016-10-20,'600249,两面针,8.14,8.18,7.98,8.18,8.08,0.06,0.7426,2.7003,12151423,97938573.0,4477000000.0,3663000000.0
2016-10-19,'600249,两面针,8.08,8.16,8.06,8.09,8.09,-0.01,-0.1236,1.5869,7141005,57853684.0,4444000000.0,3636000000.0
2016-10-18,'600249,两面针,8.09,8.12,7.99,8.01,8.06,0.03,0.3722,1.8351,8257959,66531815.0,4449500000.0,3640500000.0
2016-10-17,'600249,两面针,8.06,8.25,8.05,8.14,8.15,-0.09,-1.1043,1.9722,8875002,72255781.0,4433000000.0,3627000000.0
2016-10-14,'600249,两面针,8.15,8.2,8.08,8.12,8.16,-0.01,-0.1225,2.0161,9072533,73812775.0,4482500000.0,3667500000.0
2016-10-13,'600249,两面针,8.16,8.3,8.15,8.28,8.26,-0.1,-1.2107,2.0065,9029427,74041042.0,4488000000.0,3672000000.0
2016-10-12,'600249,两面针,8.26,8.41,8.17,8.31,8.41,-0.15,-1.7836,3.3225,14951172,123827354.0,4543000000.0,3717000000.0
2016-10-11,'600249,两面针,8.41,8.45,8.17,8.22,8.25,0.16,1.9394,3.8704,17416936,144866455.0,4625500000.0,3784500000.0
2016-10-10,'600249,两面针,8.25,8.39,8.15,8.28,8.2,0.05,0.6098,4.4381,19971523,164378603.0,4537500000.0,3712500000.0
2016-09-30,'600249,两面针,8.2,8.25,7.93,8.0,7.99,0.21,2.6283,6.393,28768577,234269479.0,4510000000.0,3690000000.0
2016-09-29,'600249,两面针,7.99,8.06,7.67,7.77,7.75,0.24,3.0968,4.224,19007780,151025148.0,4394500000.0,3595500000.0
2016-09-28,'600249,两面针,7.75,7.85,7.6,7.7,7.71,0.04,0.5188,1.8224,8200611,63602514.0,4262500000.0,3487500000.0
2016-09-27,'600249,两面针,7.71,7.73,7.47,7.5,7.53,0.18,2.3904,1.3782,6201937,47156909.0,4240500000.0,3469500000.0
2016-09-26,'600249,两面针,7.53,7.85,7.46,7.85,7.85,-0.32,-4.0764,2.2704,10216931,78494602.0,4141500000.0,3388500000.0
2016-09-23,'600249,两面针,7.85,7.94,7.69,7.75,7.72,0.13,1.6839,2.9602,13321028,104223952.0,4317500000.0,3532500000.0
2016-09-22,'600249,两面针,7.72,7.76,7.66,7.74,7.7,0.02,0.2597,1.2064,5428997,41823700.0,4246000000.0,3474000000.0
2016-09-21,'600249,两面针,7.7,7.78,7.66,7.7,7.7,0.0,0.0,1.3652,6143242,47351145.0,4235000000.0,3465000000.0
2016-09-20,'600249,两面针,7.7,7.72,7.62,7.65,7.69,0.01,0.13,1.0993,4946687,37986917.0,4235000000.0,3465000000.0
2016-09-19,'600249,两面针,7.69,7.74,7.43,7.48,7.49,0.2,2.6702,1.8347,8256313,62799627.0,4229500000.0,3460500000.0
2016-09-14,'600249,两面针,7.49,7.52,7.4,7.48,7.54,-0.05,-0.6631,1.0616,4777307,35689059.0,4119500000.0,3370500000.0
2016-09-13,'600249,两面针,7.54,7.56,7.36,7.55,7.54,0.0,0.0,1.9676,8854282,66115295.0,4147000000.0,3393000000.0
2016-09-12,'600249,两面针,7.54,7.81,7.43,7.7,7.81,-0.27,-3.4571,2.8375,12768579,97464086.0,4147000000.0,3393000000.0
2016-09-09,'600249,两面针,7.81,7.86,7.71,7.71,7.73,0.08,1.0349,2.8527,12837148,99762235.0,4295500000.0,3514500000.0
2016-09-08,'600249,两面针,7.73,7.74,7.6,7.67,7.66,0.07,0.9138,2.038,9171119,70346572.0,4251500000.0,3478500000.0
2016-09-07,'600249,两面针,7.66,7.72,7.6,7.63,7.65,0.01,0.1307,1.9176,8629192,66107047.0,4213000000.0,3447000000.0
2016-09-06,'600249,两面针,7.65,7.66,7.5,7.57,7.57,0.08,1.0568,1.5098,6793944,51495741.0,4207500000.0,3442500000.0
2016-09-05,'600249,两面针,7.57,7.61,7.52,7.57,7.57,0.0,0.0,1.1072,4982540,37767706.0,4163500000.0,3406500000.0
2016-09-02,'600249,两面针,7.57,7.58,7.48,7.53,7.55,0.02,0.2649,1.3764,6193999,46604649.0,4163500000.0,3406500000.0
2016-09-01,'600249,两面针,7.55,7.59,7.46,7.5,7.52,0.03,0.3989,1.5304,6886891,51843282.0,4152500000.0,3397500000.0
2016-08-31,'600249,两面针,7.52,7.55,7.4,7.53,7.49,0.03,0.4005,1.7996,8098005,60460694.0,4136000000.0,3384000000.0
2016-08-30,'600249,两面针,7.49,7.6,7.47,7.56,7.57,-0.08,-1.0568,1.6771,7546975,56969259.0,4119500000.0,3370500000.0
2016-08-29,'600249,两面针,7.57,7.64,7.5,7.58,7.56,0.01,0.1323,1.2173,5477783,41458115.0,4163500000.0,3406500000.0
2016-08-26,'600249,两面针,7.56,7.66,7.55,7.6,7.58,-0.02,-0.2639,1.249,5620301,42757732.0,4158000000.0,3402000000.0
2016-08-25,'600249,两面针,7.58,7.67,7.5,7.67,7.71,-0.13,-1.6861,1.8999,8549455,64624160.0,4169000000.0,3411000000.0
2016-08-24,'600249,两面针,7.71,7.88,7.69,7.8,7.9,-0.19,-2.4051,2.2477,10114609,78574823.0,4240500000.0,3469500000.0
2016-08-23,'600249,两面针,7.9,7.93,7.3,7.56,7.61,0.29,3.8108,3.6816,16567274,128966566.0,4345000000.0,3555000000.0
2016-08-22,'600249,两面针,7.61,7.77,7.58,7.72,7.7,-0.09,-1.1688,1.5967,7184995,55077114.0,4185500000.0,3424500000.0
2016-08-19,'600249,两面针,7.7,7.86,7.67,7.84,7.87,-0.17,-2.1601,2.3407,10533066,81615963.0,4235000000.0,3465000000.0
2016-08-18,'600249,两面针,7.87,8.0,7.84,7.93,7.99,-0.12,-1.5019,2.4729,11128033,88077186.0,4328500000.0,3541500000.0
2016-08-17,'600249,两面针,7.99,8.08,7.8,7.92,7.92,0.07,0.8838,2.6992,12146443,95679598.0,4394500000.0,3595500000.0
2016-08-16,'600249,两面针,7.92,8.02,7.75,7.8,7.81,0.11,1.4085,3.9568,17805595,140526856.0,4356000000.0,3564000000.0
2016-08-15,'600249,两面针,7.81,7.89,7.63,7.73,7.73,0.08,1.0349,3.5262,15868079,123450846.0,4295500000.0,3514500000.0
2016-08-12,'600249,两面针,7.73,7.74,7.58,7.67,7.63,0.1,1.3106,2.1748,9786379,74985412.0,4251500000.0,3478500000.0
2016-08-11,'600249,两面针,7.63,7.74,7.6,7.71,7.71,-0.08,-1.0376,2.4376,10969267,84059337.0,4196500000.0,3433500000.0
2016-08-10,'600249,两面针,7.71,7.96,7.66,7.9,7.92,-0.21,-2.6515,3.7985,17093174,133398798.0,4240500000.0,3469500000.0
2016-08-09,'600249,两面针,7.92,7.94,7.77,7.87,7.92,0.0,0.0,3.3351,15007784,117832098.0,4356000000.0,3564000000.0
2016-08-08,'600249,两面针,7.92,7.94,7.72,7.87,7.8,0.12,1.5385,3.2151,14468036,113845688.0,4356000000.0,3564000000.0
2016-08-05,'600249,两面针,7.8,8.08,7.76,8.0,8.08,-0.28,-3.4653,4.5186,20333760,160667330.0,4290000000.0,3510000000.0
2016-08-04,'600249,两面针,8.08,8.2,7.95,8.09,8.21,-0.13,-1.5834,5.3433,24044934,193432491.0,4444000000.0,3636000000.0
2016-08-03,'600249,两面针,8.21,8.24,7.73,7.8,7.9,0.31,3.9241,8.9559,40301330,321904755.0,4515500000.0,3694500000.0
2016-08-02,'600249,两面针,7.9,7.99,7.23,7.32,7.45,0.45,6.0403,7.2007,32403278,249009034.0,4345000000.0,3555000000.0
2016-08-01,'600249,两面针,7.45,7.77,7.37,7.68,7.82,-0.37,-4.7315,4.3153,19418710,146673033.0,4097500000.0,3352500000.0
2016-07-29,'600249,两面针,7.82,8.0,7.37,7.4,7.57,0.25,3.3025,7.3773,33197807,255044397.0,4301000000.0,3519000000.0
2016-07-28,'600249,两面针,7.57,7.68,7.11,7.25,7.03,0.54,7.6814,6.56,29520097,219717159.0,4163500000.0,3406500000.0
2016-07-27,'600249,两面针,7.03,7.39,6.84,7.36,7.34,-0.31,-4.2234,3.264,14688186,105147202.0,3866500000.0,3163500000.0
2016-07-26,'600249,两面针,7.34,7.34,7.22,7.26,7.26,0.08,1.1019,1.6424,7390767,53777026.0,4037000000.0,3303000000.0
2016-07-25,'600249,两面针,7.26,7.43,7.16,7.31,7.39,-0.13,-1.7591,2.4665,11099086,80646439.0,3993000000.0,3267000000.0
2016-07-22,'600249,两面针,7.39,7.5,7.3,7.32,7.3,0.09,1.2329,2.8864,12988853,96125886.0,4064500000.0,3325500000.0
2016-07-21,'600249,两面针,7.3,7.42,7.2,7.25,7.25,0.05,0.6897,2.8314,12741425,93510913.0,4015000000.0,3285000000.0
2016-07-20,'600249,两面针,7.25,7.35,7.07,7.12,7.12,0.13,1.8258,3.5838,16127197,116736334.0,3987500000.0,3262500000.0
2016-07-19,'600249,两面针,7.12,7.15,7.04,7.14,7.13,-0.01,-0.1403,1.4606,6572791,46565321.0,3916000000.0,3204000000.0
2016-07-18,'600249,两面针,7.13,7.2,7.03,7.09,7.11,0.02,0.2813,2.1072,9482385,67335229.0,3921500000.0,3208500000.0
2016-07-15,'600249,两面针,7.11,7.19,7.05,7.18,7.14,-0.03,-0.4202,1.7159,7721627,54977486.0,3910500000.0,3199500000.0
2016-07-14,'600249,两面针,7.14,7.16,7.06,7.1,7.12,0.02,0.2809,1.5585,7013104,49776008.0,3927000000.0,3213000000.0
2016-07-13,'600249,两面针,7.12,7.14,7.04,7.09,7.09,0.03,0.4231,2.7494,12372403,87642619.0,3916000000.0,3204000000.0
2016-07-12,'600249,两面针,7.09,7.09,6.93,7.02,7.06,0.03,0.4249,2.478,11150882,78221646.0,3899500000.0,3190500000.0
2016-07-11,'600249,两面针,7.06,7.24,6.99,7.17,7.19,-0.13,-1.8081,3.0437,13696483,97302108.0,3883000000.0,3177000000.0
2016-07-08,'600249,两面针,7.19,7.37,7.15,7.37,7.23,-0.04,-0.5533,1.3649,6142232,44529280.0,3954500000.0,3235500000.0
2016-07-07,'600249,两面针,7.23,7.3,7.13,7.23,7.26,-0.03,-0.4132,1.1803,5311409,38288145.0,3976500000.0,3253500000.0
2016-07-06,'600249,两面针,7.26,7.3,7.08,7.17,7.19,0.07,0.9736,1.5855,7134607,51337328.0,3993000000.0,3267000000.0
2016-07-05,'600249,两面针,7.19,7.2,7.01,7.05,7.03,0.16,2.276,2.1223,9550524,68027746.0,3954500000.0,3235500000.0
2016-07-04,'600249,两面针,7.03,7.09,6.85,6.85,6.96,0.07,1.0057,2.3139,10412368,73205282.0,3866500000.0,3163500000.0
2016-07-01,'600249,两面针,6.96,7.06,6.94,6.98,6.98,-0.02,-0.2865,0.9433,4244791,29703333.0,3828000000.0,3132000000.0
2016-06-30,'600249,两面针,6.98,7.07,6.94,7.0,7.03,-0.05,-0.7112,1.1068,4980629,34860209.0,3839000000.0,3141000000.0
2016-06-29,'600249,两面针,7.03,7.05,6.85,6.93,6.89,0.14,2.0319,1.8847,8481104,58823909.0,3866500000.0,3163500000.0
2016-06-28,'600249,两面针,6.89,6.91,6.75,6.81,6.87,0.02,0.2911,1.3412,6035201,41292846.0,3789500000.0,3100500000.0
2016-06-27,'600249,两面针,6.87,6.89,6.68,6.68,6.77,0.1,1.4771,1.3465,6059103,41350444.0,3778500000.0,3091500000.0
2016-06-24,'600249,两面针,6.77,6.82,6.46,6.77,6.76,0.01,0.1479,1.349,6070498,40663895.0,3723500000.0,3046500000.0
2016-06-23,'600249,两面针,6.76,6.83,6.71,6.81,6.82,-0.06,-0.8798,0.6494,2922100,19769904.0,3718000000.0,3042000000.0
2016-06-22,'600249,两面针,6.82,6.84,6.66,6.72,6.71,0.11,1.6393,0.9181,4131497,27934831.0,3751000000.0,3069000000.0
2016-06-21,'600249,两面针,6.71,6.9,6.7,6.9,6.84,-0.13,-1.9006,1.2004,5401595,36785821.0,3690500000.0,3019500000.0
2016-06-20,'600249,两面针,6.84,6.86,6.6,6.8,6.88,-0.04,-0.5814,1.2068,5430750,36661624.0,3762000000.0,3078000000.0
2016-06-17,'600249,两面针,6.88,6.97,6.8,6.89,6.89,-0.01,-0.1451,0.8402,3780702,26129445.0,3784000000.0,3096000000.0
2016-06-16,'600249,两面针,6.89,6.92,6.78,6.86,6.88,0.01,0.1453,0.948,4266055,29313435.0,3789500000.0,3100500000.0
2016-06-15,'600249,两面针,6.88,6.92,6.63,6.69,6.73,0.15,2.2288,0.9174,4128233,28222109.0,3784000000.0,3096000000.0
2016-06-14,'600249,两面针,6.73,6.8,6.62,6.65,6.64,0.09,1.3554,0.874,3933064,26485191.0,3701500000.0,3028500000.0
2016-06-13,'600249,两面针,6.64,7.02,6.6,7.01,7.11,-0.47,-6.6104,1.4658,6596121,45222452.0,3652000000.0,2988000000.0
2016-06-08,'600249,两面针,7.11,7.24,7.07,7.22,7.26,-0.15,-2.0661,1.3013,5855679,41755953.0,3910500000.0,3199500000.0
2016-06-07,'600249,两面针,7.26,7.34,7.14,7.17,7.19,0.07,0.9736,1.6022,7210033,52344648.0,3993000000.0,3267000000.0
2016-06-06,'600249,两面针,7.19,7.26,7.13,7.26,7.21,-0.02,-0.2774,0.818,3681126,26416525.0,3954500000.0,3235500000.0
2016-06-03,'600249,两面针,7.21,7.26,7.1,7.17,7.19,0.02,0.2782,1.186,5336895,38348768.0,3965500000.0,3244500000.0
2016-06-02,'600249,两面针,7.19,7.22,7.09,7.17,7.17,0.02,0.2789,1.2455,5604751,40104440.0,3954500000.0,3235500000.0
2016-06-01,'600249,两面针,7.17,7.26,7.13,7.19,7.19,-0.02,-0.2782,1.3877,6244766,44869038.0,3943500000.0,3226500000.0
2016-05-31,'600249,两面针,7.19,7.19,6.93,6.93,6.92,0.27,3.9017,1.1104,4996609,35596308.0,3954500000.0,3235500000.0
2016-05-30,'600249,两面针,6.92,7.01,6.8,6.91,6.95,-0.03,-0.4317,0.5376,2419365,16714636.0,3806000000.0,3114000000.0
2016-05-27,'600249,两面针,6.95,7.09,6.9,6.99,7.03,-0.08,-1.138,1.0218,4598000,32109080.0,3822500000.0,3127500000.0
2016-05-26,'600249,两面针,7.03,7.05,6.47,6.73,6.73,0.3,4.4577,2.1166,9524902,64481972.0,3866500000.0,3163500000.0
2016-05-25,'600249,两面针,6.73,6.87,6.71,6.75,6.73,0.0,0.0,0.755,3397638,23047098.0,3701500000.0,3028500000.0
2016-05-24,'600249,两面针,6.73,6.95,6.69,6.83,6.84,-0.11,-1.6082,0.9741,4383281,29667976.0,3701500000.0,3028500000.0
2016-05-23,'600249,两面针,6.84,6.92,6.76,6.79,6.78,0.06,0.885,0.8059,3626370,24832749.0,3762000000.0,3078000000.0
2016-05-20,'600249,两面针,6.78,6.8,6.62,6.75,6.78,0.0,0.0,0.8473,3813007,25603553.0,3729000000.0,3051000000.0
2016-05-19,'600249,两面针,6.78,6.85,6.65,6.71,6.76,0.02,0.2959,1.1183,5032409,33938088.0,3729000000.0,3051000000.0
2016-05-18,'600249,两面针,6.76,7.11,6.46,7.06,7.17,-0.41,-5.7183,2.9775,13398733,90084366.0,3718000000.0,3042000000.0
2016-05-17,'600249,两面针,7.17,7.27,7.03,7.13,7.13,0.04,0.561,1.3178,5929923,42441982.0,3943500000.0,3226500000.0
2016-05-16,'600249,两面针,7.13,7.16,7.01,7.01,7.12,0.01,0.1404,1.5186,6833857,48479813.0,3921500000.0,3208500000.0
2016-05-13,'600249,两面针,7.12,7.18,6.91,7.05,7.05,0.07,0.9929,1.7658,7946015,56375280.0,3916000000.0,3204000000.0
2016-05-12,'600249,两面针,7.05,7.17,6.5,6.68,6.86,0.19,2.7697,2.4716,11122401,78049697.0,3877500000.0,3172500000.0
2016-05-11,'600249,两面针,6.86,7.09,6.64,6.88,6.81,0.05,0.7342,2.1773,9797970,67524775.0,3773000000.0,3087000000.0
2016-05-10,'600249,两面针,6.81,7.01,6.76,6.94,6.97,-0.16,-2.2956,1.1487,5168950,35428436.0,3745500000.0,3064500000.0
2016-05-09,'600249,两面针,6.97,7.16,6.75,7.1,7.31,-0.34,-4.6512,2.0392,9176320,63779522.0,3833500000.0,3136500000.0
2016-05-06,'600249,两面针,7.31,7.92,7.28,7.89,7.89,-0.58,-7.3511,2.683,12073649,91525513.0,4020500000.0,3289500000.0
2016-05-05,'600249,两面针,7.89,7.95,7.75,7.86,7.86,0.03,0.3817,1.4651,6592769,51794788.0,4339500000.0,3550500000.0
2016-05-04,'600249,两面针,7.86,7.96,7.79,7.86,7.89,-0.03,-0.3802,1.7325,7796349,61268744.0,4323000000.0,3537000000.0
2016-05-03,'600249,两面针,7.89,7.9,7.59,7.68,7.7,0.19,2.4675,1.957,8806450,68814169.0,4339500000.0,3550500000.0
2016-04-29,'600249,两面针,7.7,7.74,7.52,7.53,7.63,0.07,0.9174,1.6523,7435244,56902918.0,4235000000.0,3465000000.0
2016-04-28,'600249,两面针,7.63,7.69,7.38,7.6,7.61,0.02,0.2628,1.709,7690611,57994679.0,4196500000.0,3433500000.0
2016-04-27,'600249,两面针,7.61,7.75,7.56,7.65,7.62,-0.01,-0.1312,2.0999,9449576,72471550.0,4185500000.0,3424500000.0
2016-04-26,'600249,两面针,7.62,7.7,7.45,7.49,7.52,0.1,1.3298,1.9499,8774432,66349109.0,4191000000.0,3429000000.0
2016-04-25,'600249,两面针,7.52,7.53,7.3,7.51,7.53,-0.01,-0.1328,1.4824,6670893,49587445.0,4136000000.0,3384000000.0
2016-04-22,'600249,两面针,7.53,7.55,7.27,7.3,7.38,0.15,2.0325,2.1542,9693784,71842800.0,4141500000.0,3388500000.0
2016-04-21,'600249,两面针,7.38,7.58,7.3,7.51,7.47,-0.09,-1.2048,2.4764,11143581,83086588.0,4059000000.0,3321000000.0
2016-04-20,'600249,两面针,7.47,8.08,7.28,8.04,8.04,-0.57,-7.0896,6.1243,27559213,211587818.0,4108500000.0,3361500000.0
2016-04-19,'600249,两面针,8.04,8.37,8.0,8.22,8.2,-0.16,-1.9512,3.3823,15220254,123102769.0,4422000000.0,3618000000.0
2016-04-18,'600249,两面针,8.2,8.28,7.95,8.05,8.15,0.05,0.6135,3.1148,14016482,113753271.0,4510000000.0,3690000000.0
2016-04-15,'600249,两面针,8.15,8.17,7.83,8.1,8.13,0.02,0.246,4.411,19849374,158832688.0,4482500000.0,3667500000.0
2016-04-14,'600249,两面针,8.13,8.28,7.93,8.27,8.23,-0.1,-1.2151,4.6669,21000990,169957060.0,4471500000.0,3658500000.0
2016-04-13,'600249,两面针,8.23,8.48,8.06,8.11,8.27,-0.04,-0.4837,5.9018,26558023,220225203.0,4526500000.0,3703500000.0
2016-04-12,'600249,两面针,8.27,8.31,7.65,7.79,7.81,0.46,5.8899,6.0445,27200309,214898174.0,4548500000.0,3721500000.0
2016-04-11,'600249,两面针,7.81,7.91,7.74,7.78,7.79,0.02,0.2567,3.097,13936326,109042147.0,4295500000.0,3514500000.0
2016-04-08,'600249,两面针,7.79,7.87,7.55,7.57,7.89,-0.1,-1.2674,4.303,19363684,148753344.0,4284500000.0,3505500000.0
2016-04-07,'600249,两面针,7.89,8.24,7.56,7.61,7.51,0.38,5.0599,8.4693,38111698,302099944.0,4339500000.0,3550500000.0
2016-04-06,'600249,两面针,7.51,7.58,7.41,7.56,7.71,-0.2,-2.594,4.2096,18943302,142204240.0,4130500000.0,3379500000.0
2016-04-05,'600249,两面针,7.71,7.77,7.3,7.56,7.57,0.14,1.8494,7.4884,33697887,251218107.0,4240500000.0,3469500000.0
2016-04-01,'600249,两面针,7.57,7.85,7.33,7.4,7.51,0.06,0.7989,5.7668,25950589,196342057.0,4163500000.0,3406500000.0
2016-03-31,'600249,两面针,7.51,7.7,7.15,7.23,7.23,0.28,3.8728,9.1956,41380236,308641830.0,4130500000.0,3379500000.0
2016-03-30,'600249,两面针,7.23,7.23,6.6,6.62,6.57,0.66,10.0457,5.8685,26408190,184718090.0,3976500000.0,3253500000.0
2016-03-29,'600249,两面针,6.57,6.79,6.5,6.73,6.74,-0.17,-2.5223,2.0529,9238023,61410458.0,3613500000.0,2956500000.0
2016-03-28,'600249,两面针,6.74,6.94,6.59,6.59,6.6,0.14,2.1212,4.3939,19772482,134265174.0,3707000000.0,3033000000.0
2016-03-25,'600249,两面针,6.6,6.62,6.45,6.48,6.5,0.1,1.5385,1.6029,7213098,47086978.0,3630000000.0,2970000000.0
2016-03-24,'600249,两面针,6.5,6.66,6.47,6.64,6.69,-0.19,-2.8401,2.032,9144078,60279410.0,3575000000.0,2925000000.0
2016-03-23,'600249,两面针,6.69,6.75,6.59,6.75,6.63,0.06,0.905,1.9372,8717507,58043903.0,3679500000.0,3010500000.0
2016-03-22,'600249,两面针,6.63,6.74,6.59,6.7,6.76,-0.13,-1.9231,2.776,12492173,83287686.0,3646500000.0,2983500000.0
2016-03-21,'600249,两面针,6.76,6.79,6.6,6.62,6.63,0.13,1.9608,3.3291,14981162,100595847.0,3718000000.0,3042000000.0
2016-03-18,'600249,两面针,6.63,6.67,6.42,6.47,6.48,0.15,2.3148,3.8884,17497892,114792425.0,3646500000.0,2983500000.0
2016-03-17,'600249,两面针,6.48,6.48,6.21,6.25,6.32,0.16,2.5316,2.9333,13199940,84109849.0,3564000000.0,2916000000.0
2016-03-16,'600249,两面针,6.32,6.7,6.27,6.69,6.27,0.05,0.7974,3.6537,16441816,106192429.0,3476000000.0,2844000000.0
2016-03-15,'600249,两面针,6.27,6.33,6.14,6.2,6.21,0.06,0.9662,1.72,7740211,48198360.0,3448500000.0,2821500000.0
2016-03-14,'600249,两面针,6.21,6.32,6.01,6.08,5.99,0.22,3.6728,2.0242,9109012,56494805.0,3415500000.0,2794500000.0
2016-03-11,'600249,两面针,5.99,6.04,5.9,5.99,6.02,-0.03,-0.4983,1.1242,5058755,30160300.0,3294500000.0,2695500000.0
2016-03-10,'600249,两面针,6.02,6.2,5.98,6.11,6.08,-0.06,-0.9868,1.4484,6518015,39671094.0,3311000000.0,2709000000.0
2016-03-09,'600249,两面针,6.08,6.2,6.0,6.19,6.29,-0.21,-3.3386,1.5081,6786507,41385786.0,3344000000.0,2736000000.0
2016-03-08,'600249,两面针,6.29,6.33,5.95,6.33,6.32,-0.03,-0.4747,1.8942,8523886,52381383.0,3459500000.0,2830500000.0
2016-03-07,'600249,两面针,6.32,6.35,6.18,6.18,6.13,0.19,3.0995,1.7305,7787239,48994082.0,3476000000.0,2844000000.0
2016-03-04,'600249,两面针,6.13,6.45,6.0,6.26,6.32,-0.19,-3.0063,2.7991,12595912,78849143.0,3371500000.0,2758500000.0
2016-03-03,'600249,两面针,6.32,6.37,6.18,6.24,6.24,0.08,1.2821,2.9574,13308461,83456463.0,3476000000.0,2844000000.0
2016-03-02,'600249,两面针,6.24,6.26,5.9,5.92,5.94,0.3,5.0505,2.3634,10635207,64973420.0,3432000000.0,2808000000.0
2016-03-01,'600249,两面针,5.94,5.96,5.7,5.88,5.82,0.12,2.0619,1.6923,7615500,44524134.0,3267000000.0,2673000000.0
2016-02-29,'600249,两面针,5.82,6.23,5.69,6.17,6.17,-0.35,-5.6726,1.8621,8379548,49241618.0,3201000000.0,2619000000.0
2016-02-26,'600249,两面针,6.17,6.24,5.98,6.17,6.09,0.08,1.3136,1.7488,7869591,48249795.0,3393500000.0,2776500000.0
2016-02-25,'600249,两面针,6.09,6.75,6.09,6.75,6.77,-0.68,-10.0443,2.9477,13264651,84235819.0,3349500000.0,2740500000.0
2016-02-24,'600249,两面针,6.77,6.79,6.46,6.49,6.55,0.22,3.3588,2.5465,11459273,76630843.0,3723500000.0,3046500000.0
2016-02-23,'600249,两面针,6.55,6.65,6.41,6.62,6.62,-0.07,-1.0574,1.6843,7579360,49449914.0,3602500000.0,2947500000.0
2016-02-22,'600249,两面针,6.62,6.66,6.46,6.56,6.52,0.1,1.5337,2.1825,9821335,64586156.0,3641000000.0,2979000000.0
2016-02-19,'600249,两面针,6.52,6.55,6.32,6.32,6.34,0.18,2.8391,2.3518,10583115,68061074.0,3586000000.0,2934000000.0
2016-02-18,'600249,两面针,6.34,6.45,6.32,6.34,6.33,0.01,0.158,1.7973,8087637,51567814.0,3487000000.0,2853000000.0
2016-02-17,'600249,两面针,6.33,6.37,6.12,6.22,6.23,0.1,1.6051,2.0658,9296005,58338266.0,3481500000.0,2848500000.0
2016-02-16,'600249,两面针,6.23,6.27,5.98,5.98,5.98,0.25,4.1806,1.877,8446392,52322902.0,3426500000.0,2803500000.0
2016-02-15,'600249,两面针,5.98,6.02,5.72,5.8,6.06,-0.08,-1.3201,0.9402,4230873,25003209.0,3289000000.0,2691000000.0
2016-02-05,'600249,两面针,6.06,6.18,6.05,6.06,6.11,-0.05,-0.8183,1.2654,5694433,34788118.0,3333000000.0,2727000000.0
2016-02-04,'600249,两面针,6.11,6.18,6.0,6.0,5.97,0.14,2.3451,1.9005,8552223,52174577.0,3360500000.0,2749500000.0
2016-02-03,'600249,两面针,5.97,6.0,5.8,5.88,5.95,0.02,0.3361,1.3655,6144701,36074404.0,3283500000.0,2686500000.0
2016-02-02,'600249,两面针,5.95,6.01,5.73,5.75,5.74,0.21,3.6585,1.3022,5859822,34692870.0,3272500000.0,2677500000.0
2016-02-01,'600249,两面针,5.74,5.96,5.6,5.87,5.85,-0.11,-1.8803,1.2312,5540179,31994615.0,3157000000.0,2583000000.0
2016-01-29,'600249,两面针,5.85,5.9,5.5,5.6,5.61,0.24,4.2781,1.9097,8593590,49465206.0,3217500000.0,2632500000.0
2016-01-28,'600249,两面针,5.61,5.98,5.56,5.98,6.08,-0.47,-7.7303,1.8864,8488859,49110995.0,3085500000.0,2524500000.0
2016-01-27,'600249,两面针,6.08,6.1,5.6,5.9,6.0,0.08,1.3333,2.2191,9985771,58655624.0,3344000000.0,2736000000.0
2016-01-26,'600249,两面针,6.0,6.65,6.0,6.6,6.67,-0.67,-10.045,2.5005,11252336,70907943.0,3300000000.0,2700000000.0
2016-01-25,'600249,两面针,6.67,6.74,6.56,6.58,6.55,0.12,1.8321,1.5086,6788503,45239356.0,3668500000.0,3001500000.0
2016-01-22,'600249,两面针,6.55,6.57,6.34,6.46,6.41,0.14,2.1841,1.6664,7498968,48540686.0,3602500000.0,2947500000.0
2016-01-21,'600249,两面针,6.41,6.93,6.35,6.74,6.85,-0.44,-6.4234,2.0525,9236284,62226709.0,3525500000.0,2884500000.0
2016-01-20,'600249,两面针,6.85,7.05,6.73,6.88,6.97,-0.12,-1.7217,2.3889,10750114,73946382.0,3767500000.0,3082500000.0
2016-01-19,'600249,两面针,6.97,7.05,6.5,6.67,6.72,0.25,3.7202,3.2054,14424502,98124431.0,3833500000.0,3136500000.0
2016-01-18,'600249,两面针,6.72,6.85,6.44,6.44,6.69,0.03,0.4484,2.1185,9533261,63469709.0,3696000000.0,3024000000.0
2016-01-15,'600249,两面针,6.69,7.14,6.58,7.07,7.14,-0.45,-6.3025,2.4981,11241405,77038047.0,3679500000.0,3010500000.0
2016-01-14,'600249,两面针,7.14,7.18,6.61,6.8,6.9,0.24,3.4783,2.8419,12788688,87624202.0,3927000000.0,3213000000.0
2016-01-13,'600249,两面针,6.9,7.27,6.88,7.15,7.1,-0.2,-2.8169,1.8143,8164494,57997964.0,3795000000.0,3105000000.0
2016-01-12,'600249,两面针,7.1,7.19,6.82,6.88,6.93,0.17,2.4531,2.0492,9221379,64847431.0,3905000000.0,3195000000.0
2016-01-11,'600249,两面针,6.93,7.71,6.93,7.48,7.7,-0.77,-10.0,2.6645,11990447,87797422.0,3811500000.0,3118500000.0
2016-01-08,'600249,两面针,7.7,7.85,6.82,7.5,7.4,0.3,4.0541,4.3671,19652090,148974137.0,4235000000.0,3465000000.0
2016-01-07,'600249,两面针,7.4,8.07,7.4,8.02,8.22,-0.82,-9.9757,0.9189,4135100,31871403.0,4070000000.0,3330000000.0
2016-01-06,'600249,两面针,8.22,8.25,7.98,8.01,8.0,0.22,2.75,2.9159,13121523,106608635.0,4521000000.0,3699000000.0
2016-01-05,'600249,两面针,8.0,8.33,7.6,7.92,8.36,-0.36,-4.3062,4.1871,18841805,150310671.0,4400000000.0,3600000000.0
2016-01-04,'600249,两面针,8.36,9.26,8.36,9.21,9.29,-0.93,-10.0108,3.3046,14870888,128914408.0,4598000000.0,3762000000.0
2015-12-31,'600249,两面针,9.29,9.63,9.24,9.63,9.6,-0.31,-3.2292,2.5523,11485344,108350388.0,5109500000.0,4180500000.0
2015-12-30,'600249,两面针,9.6,9.79,9.4,9.68,9.67,-0.07,-0.7239,3.1213,14045753,134664604.0,5280000000.0,4320000000.0
2015-12-29,'600249,两面针,9.67,9.68,9.15,9.39,9.39,0.28,2.9819,4.0721,18324512,172815009.0,5318500000.0,4351500000.0
2015-12-28,'600249,两面针,9.39,10.05,9.38,9.68,9.87,-0.48,-4.8632,7.3301,32985489,320327264.0,5164500000.0,4225500000.0
2015-12-25,'600249,两面针,9.87,10.29,9.25,9.46,9.45,0.42,4.4444,8.8939,40022535,393298681.0,5428500000.0,4441500000.0
2015-12-24,'600249,两面针,9.45,9.5,9.05,9.11,9.11,0.34,3.7322,6.7728,30477541,284781358.0,5197500000.0,4252500000.0
2015-12-23,'600249,两面针,9.11,9.29,8.94,9.08,9.05,0.06,0.663,5.1387,23124163,210738658.0,5010500000.0,4099500000.0
2015-12-22,'600249,两面针,9.05,9.21,8.75,8.88,8.86,0.19,2.1445,4.6725,21026171,189134349.0,4977500000.0,4072500000.0
2015-12-21,'600249,两面针,8.86,8.94,8.65,8.71,8.76,0.1,1.1416,3.1231,14053985,123784239.0,4873000000.0,3987000000.0
2015-12-18,'600249,两面针,8.76,8.94,8.68,8.91,8.96,-0.2,-2.2321,3.6617,16477451,144874950.0,4818000000.0,3942000000.0
2015-12-17,'600249,两面针,8.96,9.0,8.58,8.7,8.62,0.34,3.9443,4.4605,20072463,176204078.0,4928000000.0,4032000000.0
2015-12-16,'600249,两面针,8.62,8.8,8.41,8.43,8.41,0.21,2.497,4.4757,20140792,173933971.0,4741000000.0,3879000000.0
2015-12-15,'600249,两面针,8.41,8.46,8.28,8.32,8.28,0.13,1.57,2.474,11133065,93207943.0,4625500000.0,3784500000.0
2015-12-14,'600249,两面针,8.28,8.3,7.94,8.14,8.27,0.01,0.1209,2.9108,13098758,106084164.0,4554000000.0,3726000000.0
2015-12-11,'600249,两面针,8.27,8.42,8.18,8.2,8.2,0.07,0.8537,2.4749,11137213,92534225.0,4548500000.0,3721500000.0
2015-12-10,'600249,两面针,8.2,8.32,8.11,8.11,8.16,0.04,0.4902,2.0594,9267443,76051120.0,4510000000.0,3690000000.0
2015-12-09,'600249,两面针,8.16,8.3,8.08,8.12,8.14,0.02,0.2457,1.9619,8828369,72040554.0,4488000000.0,3672000000.0
2015-12-08,'600249,两面针,8.14,8.48,8.12,8.48,8.51,-0.37,-4.3478,3.3261,14967480,123623475.0,4477000000.0,3663000000.0
2015-12-07,'600249,两面针,8.51,8.54,8.34,8.49,8.46,0.05,0.591,2.7332,12299275,103829661.0,4680500000.0,3829500000.0
2015-12-04,'600249,两面针,8.46,8.7,8.36,8.68,8.66,-0.2,-2.3095,3.5181,15831397,134992658.0,4653000000.0,3807000000.0
2015-12-03,'600249,两面针,8.66,8.74,8.25,8.3,8.25,0.41,4.9697,3.4762,15643059,133060788.0,4763000000.0,3897000000.0
2015-12-02,'600249,两面针,8.25,8.42,8.02,8.4,8.42,-0.17,-2.019,2.7818,12518120,103142557.0,4537500000.0,3712500000.0
2015-12-01,'600249,两面针,8.42,8.49,8.16,8.33,8.38,0.04,0.4773,3.41,15345130,127484656.0,4631000000.0,3789000000.0
2015-11-30,'600249,两面针,8.38,8.4,7.85,8.27,8.29,0.09,1.0856,4.9005,22052107,179970874.0,4609000000.0,3771000000.0
2015-11-27,'600249,两面针,8.29,9.1,8.16,8.76,8.85,-0.56,-6.3277,5.6757,25540622,222884627.0,4559500000.0,3730500000.0
2015-11-26,'600249,两面针,8.85,9.2,8.75,9.2,9.18,-0.33,-3.5948,5.9711,26869813,240296163.0,4867500000.0,3982500000.0
2015-11-25,'600249,两面针,9.18,9.33,8.93,9.06,9.12,0.06,0.6579,5.3782,24201700,220000903.0,5049000000.0,4131000000.0
2015-11-24,'600249,两面针,9.12,9.59,9.0,9.05,9.2,-0.08,-0.8696,8.6214,38796371,358130721.0,5016000000.0,4104000000.0
2015-11-23,'600249,两面针,9.2,9.34,8.6,8.8,8.74,0.46,5.2632,8.19,36855151,330843271.0,5060000000.0,4140000000.0
2015-11-20,'600249,两面针,8.74,8.96,8.2,8.28,8.27,0.47,5.6832,8.2265,37019074,318926816.0,4807000000.0,3933000000.0
2015-11-19,'600249,两面针,8.27,8.33,8.03,8.2,8.26,0.01,0.1211,4.9338,22201943,181666935.0,4548500000.0,3721500000.0
2015-11-18,'600249,两面针,8.26,8.54,7.97,8.03,8.07,0.19,2.3544,9.5161,42822579,354384256.0,4543000000.0,3717000000.0
2015-11-17,'600249,两面针,8.07,8.18,7.91,7.96,7.89,0.18,2.2814,6.9842,31429079,252261962.0,4438500000.0,3631500000.0
2015-11-16,'600249,两面针,7.89,7.9,7.55,7.58,7.76,0.13,1.6753,3.9613,17826069,137920981.0,4339500000.0,3550500000.0
2015-11-13,'600249,两面针,7.76,7.8,7.48,7.74,7.86,-0.1,-1.2723,4.1961,18882657,144989921.0,4268000000.0,3492000000.0
2015-11-12,'600249,两面针,7.86,8.02,7.71,8.0,7.97,-0.11,-1.3802,5.1739,23282363,182865630.0,4323000000.0,3537000000.0
2015-11-11,'600249,两面针,7.97,8.04,7.72,7.76,7.79,0.18,2.3107,6.4704,29116808,230045141.0,4383500000.0,3586500000.0
2015-11-10,'600249,两面针,7.79,7.85,7.63,7.69,7.78,0.01,0.1285,4.9494,22272215,172795428.0,4284500000.0,3505500000.0
2015-11-09,'600249,两面针,7.78,7.95,7.53,7.68,7.74,0.04,0.5168,6.2041,27918348,215096776.0,4279000000.0,3501000000.0
2015-11-06,'600249,两面针,7.74,7.9,7.42,7.45,7.48,0.26,3.4759,6.7038,30167156,230791251.0,4257000000.0,3483000000.0
2015-11-05,'600249,两面针,7.48,7.58,7.31,7.37,7.42,0.06,0.8086,6.4447,29001352,215766535.0,4114000000.0,3366000000.0
2015-11-04,'600249,两面针,7.42,7.47,7.05,7.1,7.02,0.4,5.698,4.7364,21313722,155874323.0,4081000000.0,3339000000.0
2015-11-03,'600249,两面针,7.02,7.1,6.93,6.94,7.0,0.02,0.2857,3.1218,14048122,98588014.0,3861000000.0,3159000000.0
2015-11-02,'600249,两面针,7.0,7.28,6.74,6.74,7.49,-0.49,-6.5421,6.6145,29765241,208741661.0,3850000000.0,3150000000.0
2015-10-30,'600249,两面针,7.49,7.99,7.45,7.66,7.44,0.05,0.672,9.4982,42741695,328504267.0,4119500000.0,3370500000.0
2015-10-29,'600249,两面针,7.44,7.64,7.04,7.18,7.14,0.3,4.2017,5.6007,25202986,184608227.0,4092000000.0,3348000000.0
2015-10-28,'600249,两面针,7.14,7.55,7.08,7.29,7.36,-0.22,-2.9891,4.5653,20543778,150548937.0,3927000000.0,3213000000.0
2015-10-27,'600249,两面针,7.36,7.49,6.84,7.22,7.31,0.05,0.684,4.4843,20179223,144472311.0,4048000000.0,3312000000.0
2015-10-26,'600249,两面针,7.31,7.41,7.15,7.3,7.34,-0.03,-0.4087,4.7834,21525481,156722158.0,4020500000.0,3289500000.0
2015-10-23,'600249,两面针,7.34,7.5,6.86,6.96,6.94,0.4,5.7637,5.9467,26760149,191341588.0,4037000000.0,3303000000.0
2015-10-22,'600249,两面针,6.94,7.05,6.58,6.61,6.71,0.23,3.4277,3.855,17347494,118683381.0,3817000000.0,3123000000.0
2015-10-21,'600249,两面针,6.71,7.43,6.71,7.3,7.46,-0.75,-10.0536,5.327,23971493,169255130.0,3690500000.0,3019500000.0
2015-10-20,'600249,两面针,7.46,7.8,6.99,7.11,7.09,0.37,5.2186,5.2452,23603513,171227480.0,4103000000.0,3357000000.0
2015-10-19,'600249,两面针,7.09,7.35,6.99,7.3,7.31,-0.22,-3.0096,4.4183,19882246,141856212.0,3899500000.0,3190500000.0
2015-10-16,'600249,两面针,7.31,7.37,6.9,6.95,6.97,0.34,4.878,6.9718,31372886,223305904.0,4020500000.0,3289500000.0
2015-10-15,'600249,两面针,6.97,7.1,6.55,6.55,6.6,0.37,5.6061,5.8671,26402009,180581670.0,3833500000.0,3136500000.0
2015-10-14,'600249,两面针,6.6,6.85,6.58,6.7,6.8,-0.2,-2.9412,2.916,13122219,88096317.0,3630000000.0,2970000000.0
2015-10-13,'600249,两面针,6.8,6.88,6.61,6.63,6.74,0.06,0.8902,3.4114,15351112,103154857.0,3740000000.0,3060000000.0
2015-10-12,'600249,两面针,6.74,6.77,6.41,6.45,6.45,0.29,4.4961,3.9068,17580670,116925070.0,3707000000.0,3033000000.0
2015-10-09,'600249,两面针,6.45,6.48,6.31,6.35,6.37,0.08,1.2559,2.5602,11520880,73871505.0,3547500000.0,2902500000.0
2015-10-08,'600249,两面针,6.37,6.49,6.24,6.36,6.14,0.23,3.7459,2.6705,12017409,76363795.0,3503500000.0,2866500000.0
2015-09-30,'600249,两面针,6.14,6.18,6.0,6.08,6.08,0.06,0.9868,1.912,8604182,52565361.0,3377000000.0,2763000000.0
2015-09-29,'600249,两面针,6.08,6.16,5.93,5.99,6.09,-0.01,-0.1642,2.395,10777513,65470060.0,3344000000.0,2736000000.0
2015-09-28,'600249,两面针,6.09,6.1,5.8,5.95,5.93,0.16,2.6981,1.7337,7801547,46408353.0,3349500000.0,2740500000.0
2015-09-25,'600249,两面针,5.93,6.23,5.88,6.16,6.2,-0.27,-4.3548,2.2786,10253573,62116206.0,3261500000.0,2668500000.0
2015-09-24,'600249,两面针,6.2,6.21,6.0,6.1,6.03,0.17,2.8192,2.4961,11232499,68717135.0,3410000000.0,2790000000.0
2015-09-23,'600249,两面针,6.03,6.18,5.96,6.06,6.22,-0.19,-3.0547,2.4082,10836900,65750889.0,3316500000.0,2713500000.0
2015-09-22,'600249,两面针,6.22,6.35,6.07,6.19,6.19,0.03,0.4847,3.5624,16030724,99278448.0,3421000000.0,2799000000.0
2015-09-21,'600249,两面针,6.19,6.21,5.77,5.84,5.94,0.25,4.2088,2.8632,12884346,77803124.0,3404500000.0,2785500000.0
2015-09-18,'600249,两面针,5.94,5.99,5.8,5.86,5.83,0.11,1.8868,2.0616,9277045,54753595.0,3267000000.0,2673000000.0
2015-09-17,'600249,两面针,5.83,6.27,5.7,5.76,5.84,-0.01,-0.1712,4.0015,18006762,107470059.0,3206500000.0,2623500000.0
2015-09-16,'600249,两面针,5.84,5.86,5.31,5.31,5.33,0.51,9.5685,2.8716,12922179,72199164.0,3212000000.0,2628000000.0
2015-09-15,'600249,两面针,5.33,5.79,5.32,5.67,5.78,-0.45,-7.7855,2.5818,11618239,64630340.0,2931500000.0,2398500000.0
2015-09-14,'600249,两面针,5.78,6.55,5.77,6.48,6.41,-0.63,-9.8284,3.8255,17214958,103978197.0,3179000000.0,2601000000.0
2015-09-11,'600249,两面针,6.41,6.47,6.24,6.31,6.34,0.07,1.1041,2.2609,10174126,64817240.0,3525500000.0,2884500000.0
2015-09-10,'600249,两面针,6.34,6.51,6.28,6.42,6.6,-0.26,-3.9394,3.6742,16533878,105835842.0,3487000000.0,2853000000.0
2015-09-09,'600249,两面针,6.6,6.67,6.3,6.36,6.37,0.23,3.6107,7.5339,33902490,219361819.0,3630000000.0,2970000000.0
2015-09-08,'600249,两面针,6.37,6.37,5.64,5.64,5.79,0.58,10.0173,6.5293,29381755,181029978.0,3503500000.0,2866500000.0
2015-09-07,'600249,两面针,5.79,5.95,5.54,5.54,5.41,0.38,7.024,3.9006,17552529,100943520.0,3184500000.0,2605500000.0
2015-09-02,'600249,两面针,5.41,5.96,5.38,5.38,5.67,-0.26,-4.5855,3.3091,14890950,83234658.0,2975500000.0,2434500000.0
2015-09-01,'600249,两面针,5.67,6.15,5.64,6.1,6.17,-0.5,-8.1037,3.3175,14928525,87621451.0,3118500000.0,2551500000.0
2015-08-31,'600249,两面针,6.17,6.53,6.12,6.51,6.57,-0.4,-6.0883,3.2771,14746992,92870244.0,3393500000.0,2776500000.0
2015-08-28,'600249,两面针,6.57,6.59,6.08,6.1,6.06,0.51,8.4158,4.2993,19346796,121782411.0,3613500000.0,2956500000.0
2015-08-27,'600249,两面针,6.06,6.09,5.6,5.81,5.6,0.46,8.2143,4.0708,18318541,106663164.0,3333000000.0,2727000000.0
2015-08-26,'600249,两面针,5.6,6.21,5.44,5.96,5.94,-0.34,-5.7239,4.448,20016037,118352034.0,3080000000.0,2520000000.0
2015-08-25,'600249,两面针,5.94,6.21,5.94,5.94,6.6,-0.66,-10.0,4.4253,19913731,119144775.0,3267000000.0,2673000000.0
2015-08-24,'600249,两面针,6.6,7.15,6.6,7.0,7.33,-0.73,-9.9591,3.2183,14482333,97230967.0,3630000000.0,2970000000.0
2015-08-21,'600249,两面针,7.33,7.89,7.2,7.75,7.94,-0.61,-7.6826,3.6107,16248242,122968417.0,4031500000.0,3298500000.0
2015-08-20,'600249,两面针,7.94,8.45,7.9,8.26,8.45,-0.51,-6.0355,5.2901,23805509,194832798.0,4367000000.0,3573000000.0
2015-08-19,'600249,两面针,8.45,8.58,7.61,8.0,8.46,-0.01,-0.1182,7.024,31608128,253621043.0,4647500000.0,3802500000.0
2015-08-18,'600249,两面针,8.46,9.4,8.46,9.3,9.4,-0.94,-10.0,8.037,36166703,319877706.0,4653000000.0,3807000000.0
2015-08-17,'600249,两面针,9.4,9.58,8.58,8.78,8.8,0.6,6.8182,8.5007,38253311,346018865.0,5170000000.0,4230000000.0
2015-08-14,'600249,两面针,8.8,9.15,8.72,8.88,8.83,-0.03,-0.3398,6.7353,30308933,271252785.0,4840000000.0,3960000000.0
2015-08-13,'600249,两面针,8.83,8.85,8.21,8.26,8.35,0.48,5.7485,6.3295,28482591,244515202.0,4856500000.0,3973500000.0
2015-08-12,'600249,两面针,8.35,8.55,8.16,8.22,8.35,0.0,0.0,4.6048,20721580,173277151.0,4592500000.0,3757500000.0
2015-08-11,'600249,两面针,8.35,8.5,8.13,8.25,8.26,0.09,1.0896,5.9212,26645622,221231447.0,4592500000.0,3757500000.0
2015-08-10,'600249,两面针,8.26,8.29,7.74,7.82,7.7,0.56,7.2727,4.7662,21447907,171870820.0,4543000000.0,3717000000.0
2015-08-07,'600249,两面针,7.7,7.72,7.37,7.37,7.32,0.38,5.1913,3.7267,16770139,127341997.0,4235000000.0,3465000000.0
2015-08-06,'600249,两面针,7.32,7.42,7.08,7.13,7.33,-0.01,-0.1364,2.1343,9604177,69748996.0,4026000000.0,3294000000.0
2015-08-05,'600249,两面针,7.33,7.65,7.2,7.42,7.46,-0.13,-1.7426,3.5228,15852514,118285147.0,4031500000.0,3298500000.0
2015-08-04,'600249,两面针,7.46,7.47,6.88,6.88,6.83,0.63,9.224,3.0618,13778125,98844609.0,4103000000.0,3357000000.0
2015-08-03,'600249,两面针,6.83,7.29,6.64,7.17,7.32,-0.49,-6.694,3.5654,16044435,111482952.0,3756500000.0,3073500000.0
2015-07-31,'600249,两面针,7.32,7.55,7.02,7.32,7.45,-0.13,-1.745,3.1631,14234029,103762180.0,4026000000.0,3294000000.0
2015-07-30,'600249,两面针,7.45,7.98,7.4,7.68,7.68,-0.23,-2.9948,3.8242,17208970,133142234.0,4097500000.0,3352500000.0
2015-07-29,'600249,两面针,7.68,7.69,7.01,7.3,7.11,0.57,8.0169,3.7944,17074959,124756191.0,4224000000.0,3456000000.0
2015-07-28,'600249,两面针,7.11,7.71,6.96,7.04,7.73,-0.62,-8.0207,5.1809,23314115,167623873.0,3910500000.0,3199500000.0
2015-07-27,'600249,两面针,7.73,8.53,7.73,8.26,8.59,-0.86,-10.0116,5.8459,26306628,215056255.0,4251500000.0,3478500000.0
2015-07-24,'600249,两面针,8.59,9.17,8.45,8.86,8.86,-0.27,-3.0474,7.5868,34140744,303811758.0,4724500000.0,3865500000.0
2015-07-23,'600249,两面针,8.86,8.89,8.35,8.36,8.35,0.51,6.1078,7.0324,31645835,273669672.0,4873000000.0,3987000000.0
2015-07-22,'600249,两面针,8.35,8.41,8.01,8.06,8.17,0.18,2.2032,5.9064,26578922,218712915.0,4592500000.0,3757500000.0
2015-07-21,'600249,两面针,8.17,8.38,7.78,7.89,8.09,0.08,0.9889,5.6657,25495428,205824831.0,4493500000.0,3676500000.0
2015-07-20,'600249,两面针,8.09,8.26,7.77,7.85,7.94,0.15,1.8892,5.6479,25415638,203386254.0,4449500000.0,3640500000.0
2015-07-17,'600249,两面针,7.94,8.04,7.29,7.4,7.41,0.53,7.1525,5.4092,24341538,187719171.0,4367000000.0,3573000000.0
2015-07-16,'600249,两面针,7.41,7.7,6.77,6.81,7.37,0.04,0.5427,5.1449,23151931,168767763.0,4075500000.0,3334500000.0
2015-07-15,'600249,两面针,7.37,7.9,7.37,7.9,8.19,-0.82,-10.0122,5.2314,23541361,178246719.0,4053500000.0,3316500000.0
2015-07-14,'600249,两面针,8.19,8.59,7.8,8.13,7.83,0.36,4.5977,11.3558,51101156,418904656.0,4504500000.0,3685500000.0
2015-07-13,'600249,两面针,7.83,7.83,7.35,7.73,7.12,0.71,9.9719,7.6269,34320855,263581378.0,4306500000.0,3523500000.0
2015-07-10,'600249,两面针,7.12,7.12,6.62,6.85,6.47,0.65,10.0464,4.1678,18754942,131741478.0,3916000000.0,3204000000.0
2015-07-09,'600249,两面针,6.47,6.47,5.41,5.41,5.88,0.59,10.034,5.5313,24890880,153950394.0,3558500000.0,2911500000.0
2015-07-08,'600249,两面针,5.88,6.13,5.88,5.88,6.53,-0.65,-9.9541,4.5632,20534514,121098366.0,3234000000.0,2646000000.0
2015-07-07,'600249,两面针,6.53,7.0,6.53,6.81,7.26,-0.73,-10.0551,3.9058,17576040,116370044.0,3591500000.0,2938500000.0
2015-07-06,'600249,两面针,7.26,8.87,7.26,8.87,8.07,-0.81,-10.0372,7.0599,31769639,246065027.0,3993000000.0,3267000000.0
2015-07-03,'600249,两面针,8.07,9.0,8.07,8.66,8.97,-0.9,-10.0334,5.0226,22601899,186287206.0,4438500000.0,3631500000.0
2015-07-02,'600249,两面针,8.97,10.2,8.97,10.08,9.97,-1.0,-10.0301,4.4669,20101120,187837410.0,4933500000.0,4036500000.0
2015-07-01,'600249,两面针,9.97,11.21,9.97,11.0,11.08,-1.11,-10.0181,4.8877,21994482,236064842.0,5483500000.0,4486500000.0
2015-06-30,'600249,两面针,11.08,11.2,9.32,10.05,10.35,0.73,7.0531,6.0367,27164991,274011505.0,6094000000.0,4986000000.0
2015-06-29,'600249,两面针,10.35,11.99,10.35,11.71,11.5,-1.15,-10.0,5.7004,25651915,276013037.0,5692500000.0,4657500000.0
2015-06-26,'600249,两面针,11.5,12.4,11.5,12.4,12.78,-1.28,-10.0156,3.3755,15189662,179955699.0,6325000000.0,5175000000.0
2015-06-25,'600249,两面针,12.78,13.69,12.39,13.62,13.53,-0.75,-5.5432,4.3036,19366202,253772836.0,7029000000.0,5751000000.0
2015-06-24,'600249,两面针,13.53,13.68,12.75,13.0,12.72,0.81,6.3679,5.1967,23384952,310655488.0,7441500000.0,6088500000.0
2015-06-23,'600249,两面针,12.72,13.57,11.8,12.85,13.02,-0.3,-2.3041,4.6656,20995085,263589776.0,6996000000.0,5724000000.0
2015-06-19,'600249,两面针,13.02,14.18,13.02,14.1,14.47,-1.45,-10.0207,3.6223,16300423,221133761.0,7161000000.0,5859000000.0
2015-06-18,'600249,两面针,14.47,15.58,14.4,15.33,15.41,-0.94,-6.0999,3.6877,16594808,251041086.0,7958500000.0,6511500000.0
2015-06-17,'600249,两面针,15.41,15.73,14.05,15.2,15.23,0.18,1.1819,4.8092,21641341,322658025.0,8475500000.0,6934500000.0
2015-06-16,'600249,两面针,15.23,16.29,15.01,16.02,16.54,-1.31,-7.9202,4.7854,21534184,338627627.0,8376500000.0,6853500000.0
2015-06-15,'600249,两面针,16.54,17.4,16.18,16.42,16.45,0.09,0.5471,7.3804,33211880,559441862.0,9097000000.0,7443000000.0
2015-06-12,'600249,两面针,16.45,16.68,15.63,15.92,15.89,0.56,3.5242,8.1692,36761294,593821764.0,9047500000.0,7402500000.0
2015-06-11,'600249,两面针,15.89,15.99,15.25,15.52,15.65,0.24,1.5335,5.6743,25534160,399530639.0,8739500000.0,7150500000.0
2015-06-10,'600249,两面针,15.65,16.49,14.67,14.85,15.02,0.63,4.1944,6.7724,30475600,479590489.0,8607500000.0,7042500000.0
2015-06-09,'600249,两面针,15.02,15.16,14.71,15.16,15.17,-0.15,-0.9888,4.229,19030629,284156785.0,8261000000.0,6759000000.0
2015-06-08,'600249,两面针,15.17,15.76,15.01,15.76,15.79,-0.62,-3.9265,5.4877,24694703,376634969.0,8343500000.0,6826500000.0
2015-06-05,'600249,两面针,15.79,15.98,15.0,15.37,15.29,0.5,3.2701,7.1103,31996411,500494564.0,8684500000.0,7105500000.0
2015-06-04,'600249,两面针,15.29,15.53,14.1,15.35,15.63,-0.34,-2.1753,7.4602,33570868,501051042.0,8409500000.0,6880500000.0
2015-06-03,'600249,两面针,15.63,16.3,15.46,15.8,16.49,-0.86,-5.2153,8.5037,38266434,601981049.0,8596500000.0,7033500000.0
2015-06-02,'600249,两面针,16.49,17.25,15.5,17.25,15.82,0.67,4.2351,12.3067,55380036,908236435.0,9069500000.0,7420500000.0
2015-06-01,'600249,两面针,15.82,15.82,14.95,14.97,14.38,1.44,10.0139,5.6301,25335473,394297875.0,8701000000.0,7119000000.0
2015-05-29,'600249,两面针,14.38,14.38,12.0,13.04,13.07,1.31,10.023,10.7032,48164559,650079924.0,7909000000.0,6471000000.0
2015-05-28,'600249,两面针,13.07,14.5,13.03,13.54,13.54,-0.47,-3.4712,10.3579,46610613,645503797.0,7188500000.0,5881500000.0
2015-05-27,'600249,两面针,13.54,13.77,12.3,12.68,12.68,0.86,6.7823,9.3437,42046675,548635866.0,7447000000.0,6093000000.0
2015-05-26,'600249,两面针,12.68,12.69,12.01,12.4,12.38,0.3,2.4233,7.999,35995475,445712652.0,6974000000.0,5706000000.0
2015-05-25,'600249,两面针,12.38,12.76,11.82,12.1,12.1,0.28,2.314,5.9774,26898383,332028239.0,6809000000.0,5571000000.0
2015-05-22,'600249,两面针,12.1,12.5,11.65,11.65,11.56,0.54,4.6713,6.4182,28881941,349084502.0,6655000000.0,5445000000.0
2015-05-21,'600249,两面针,11.56,11.57,11.16,11.24,11.28,0.28,2.4823,4.7878,21544909,246893177.0,6358000000.0,5202000000.0
2015-05-20,'600249,两面针,11.28,11.37,10.75,10.75,10.74,0.54,5.0279,5.1759,23291623,259178064.0,6204000000.0,5076000000.0
2015-05-19,'600249,两面针,10.74,10.85,10.3,10.3,10.34,0.4,3.8685,3.0986,13943780,148751356.0,5907000000.0,4833000000.0
2015-05-18,'600249,两面针,10.34,10.47,10.18,10.28,10.44,-0.1,-0.9579,2.536,11412200,117586062.0,5687000000.0,4653000000.0
2015-05-15,'600249,两面针,10.44,10.99,10.42,10.98,10.97,-0.53,-4.8314,3.1211,14045099,148885758.0,5742000000.0,4698000000.0
2015-05-14,'600249,两面针,10.97,11.1,10.76,11.0,11.12,-0.15,-1.3489,3.1877,14344733,156494704.0,6033500000.0,4936500000.0
2015-05-13,'600249,两面针,11.12,11.29,10.51,10.61,10.63,0.49,4.6096,4.9502,22275865,243265197.0,6116000000.0,5004000000.0
2015-05-12,'600249,两面针,10.63,10.67,10.41,10.6,10.55,0.08,0.7583,3.2641,14688369,155042865.0,5846500000.0,4783500000.0
2015-05-11,'600249,两面针,10.55,10.65,10.2,10.2,10.19,0.36,3.5329,3.9729,17877885,187064908.0,5802500000.0,4747500000.0
2015-05-08,'600249,两面针,10.19,10.19,9.8,9.94,9.78,0.41,4.1922,3.1666,14249569,142391940.0,5604500000.0,4585500000.0
2015-05-07,'600249,两面针,9.78,10.3,9.7,10.29,10.3,-0.52,-5.0485,3.1409,14134143,140639256.0,5379000000.0,4401000000.0
2015-05-06,'600249,两面针,10.3,11.12,10.22,10.65,10.82,-0.52,-4.8059,3.6052,16223435,173150048.0,5665000000.0,4635000000.0
2015-05-05,'600249,两面针,10.82,11.58,10.7,11.52,11.52,-0.7,-6.0764,3.7445,16850137,187565091.0,5951000000.0,4869000000.0
2015-05-04,'600249,两面针,11.52,11.64,11.39,11.64,11.67,-0.15,-1.2853,3.198,14390841,165185475.0,6336000000.0,5184000000.0
2015-04-30,'600249,两面针,11.67,12.02,11.44,11.74,11.75,-0.08,-0.6809,5.4203,24391250,286171465.0,6418500000.0,5251500000.0
2015-04-29,'600249,两面针,11.75,12.05,11.56,12.05,12.2,-0.45,-3.6885,6.3646,28640574,338639493.0,6462500000.0,5287500000.0
2015-04-28,'600249,两面针,12.2,12.46,11.27,11.4,11.37,0.83,7.2999,11.831,53239709,623128561.0,6710000000.0,5490000000.0
2015-04-27,'600249,两面针,11.37,11.69,11.15,11.47,11.18,0.19,1.6995,5.7661,25947259,296033800.0,6253500000.0,5116500000.0
2015-04-24,'600249,两面针,11.18,11.3,10.93,11.3,11.48,-0.3,-2.6132,5.4244,24409721,271328358.0,6149000000.0,5031000000.0
2015-04-23,'600249,两面针,11.48,11.67,11.33,11.5,11.48,0.0,0.0,5.5882,25146759,289092150.0,6314000000.0,5166000000.0
2015-04-22,'600249,两面针,11.48,11.58,11.1,11.1,11.1,0.38,3.4234,5.4024,24310619,277311353.0,6314000000.0,5166000000.0
2015-04-21,'600249,两面针,11.1,11.15,10.61,10.7,10.7,0.4,3.7383,3.851,17329335,189309444.0,6105000000.0,4995000000.0
2015-04-20,'600249,两面针,10.7,11.21,10.68,11.08,11.25,-0.55,-4.8889,6.0021,27009553,294092846.0,5885000000.0,4815000000.0
2015-04-17,'600249,两面针,11.25,11.65,11.18,11.35,11.47,-0.22,-1.918,5.872,26424155,299524579.0,6187500000.0,5062500000.0
2015-04-16,'600249,两面针,11.47,11.7,10.87,11.08,11.39,0.08,0.7024,6.2696,28213237,317641219.0,6308500000.0,5161500000.0
2015-04-15,'600249,两面针,11.39,12.29,11.25,12.0,12.29,-0.9,-7.323,8.2569,37155973,435040165.0,6264500000.0,5125500000.0
2015-04-14,'600249,两面针,12.29,13.06,12.26,12.35,11.87,0.42,3.5383,13.7315,61791713,788392250.0,6759500000.0,5530500000.0
2015-04-13,'600249,两面针,11.87,11.87,10.79,10.83,10.79,1.08,10.0093,4.7008,21153721,242642007.0,6528500000.0,5341500000.0
2015-04-10,'600249,两面针,10.79,10.98,10.12,10.22,10.28,0.51,4.9611,5.7181,25731570,272822935.0,5934500000.0,4855500000.0
2015-04-09,'600249,两面针,10.28,10.38,9.79,10.08,10.08,0.2,1.9841,6.3818,28718065,290944923.0,5654000000.0,4626000000.0
2015-04-08,'600249,两面针,10.08,10.45,9.93,10.35,10.35,-0.27,-2.6087,5.8114,26151341,265171551.0,5544000000.0,4536000000.0
2015-04-07,'600249,两面针,10.35,10.52,10.11,10.2,10.11,0.24,2.3739,7.8889,35499909,368370877.0,5692500000.0,4657500000.0
2015-04-03,'600249,两面针,10.11,10.14,9.42,9.55,9.57,0.54,5.6426,7.7442,34848934,345228560.0,5560500000.0,4549500000.0
2015-04-02,'600249,两面针,9.57,9.98,9.09,9.12,9.14,0.43,4.7046,9.1479,41165691,393563972.0,5263500000.0,4306500000.0
2015-04-01,'600249,两面针,9.14,9.15,8.92,8.96,8.97,0.17,1.8952,3.392,15263801,137862774.0,5027000000.0,4113000000.0
2015-03-31,'600249,两面针,8.97,9.18,8.9,9.1,9.07,-0.1,-1.1025,4.5503,20476498,185131618.0,4933500000.0,4036500000.0
2015-03-30,'600249,两面针,9.07,9.23,8.78,8.85,8.8,0.27,3.0682,5.6854,25584253,231311426.0,4988500000.0,4081500000.0
2015-03-27,'600249,两面针,8.8,8.95,8.69,8.69,8.7,0.1,1.1494,3.237,14566288,128707889.0,4840000000.0,3960000000.0
2015-03-26,'600249,两面针,8.7,8.9,8.65,8.81,8.84,-0.14,-1.5837,4.1203,18541466,162299226.0,4785000000.0,3915000000.0
2015-03-25,'600249,两面针,8.84,9.07,8.79,9.05,9.09,-0.25,-2.7503,5.3623,24130149,214840481.0,4862000000.0,3978000000.0
2015-03-24,'600249,两面针,9.09,9.19,8.73,9.1,9.2,-0.11,-1.1957,4.9942,22473824,202507283.0,4999500000.0,4090500000.0
2015-03-23,'600249,两面针,9.2,9.37,8.54,8.62,8.61,0.59,6.8525,7.2455,32604651,291645869.0,5060000000.0,4140000000.0
2015-03-20,'600249,两面针,8.61,8.77,8.5,8.66,8.65,-0.04,-0.4624,4.3028,19362418,166981443.0,4735500000.0,3874500000.0
2015-03-19,'600249,两面针,8.65,8.71,8.55,8.71,8.72,-0.07,-0.8028,2.9793,13406679,115876640.0,4757500000.0,3892500000.0
2015-03-18,'600249,两面针,8.72,8.74,8.57,8.7,8.72,0.0,0.0,3.5808,16113535,139205878.0,4796000000.0,3924000000.0
2015-03-17,'600249,两面针,8.72,8.79,8.5,8.53,8.52,0.2,2.3474,4.0266,18119569,156877453.0,4796000000.0,3924000000.0
2015-03-16,'600249,两面针,8.52,8.65,8.43,8.43,8.44,0.08,0.9479,2.4498,11024070,94143354.0,4686000000.0,3834000000.0
2015-03-13,'600249,两面针,8.44,8.47,8.14,8.21,8.2,0.24,2.9268,2.3464,10558910,87538327.0,4642000000.0,3798000000.0
2015-03-12,'600249,两面针,8.2,8.35,8.08,8.3,8.3,-0.1,-1.2048,2.5375,11418574,93517866.0,4510000000.0,3690000000.0
2015-03-11,'600249,两面针,8.3,8.43,8.19,8.36,8.37,-0.07,-0.8363,1.8127,8156960,67762428.0,4565000000.0,3735000000.0
2015-03-10,'600249,两面针,8.37,8.51,8.29,8.38,8.39,-0.02,-0.2384,1.3936,6271066,52629940.0,4603500000.0,3766500000.0
2015-03-09,'600249,两面针,8.39,8.46,8.08,8.2,8.24,0.15,1.8204,2.0254,9114293,75605196.0,4614500000.0,3775500000.0
2015-03-06,'600249,两面针,8.24,8.86,8.23,8.54,8.52,-0.28,-3.2864,2.8997,13048541,111901702.0,4532000000.0,3708000000.0
2015-03-05,'600249,两面针,8.52,8.6,8.41,8.57,8.53,-0.01,-0.1172,1.9032,8564548,72740613.0,4686000000.0,3834000000.0
2015-03-04,'600249,两面针,8.53,8.69,8.4,8.51,8.52,0.01,0.1174,3.2604,14671908,125249540.0,3838500000.0,3838500000.0
2015-03-03,'600249,两面针,8.52,8.75,8.09,8.14,8.24,0.28,3.3981,4.6597,20968830,177326199.0,3834000000.0,3834000000.0
2015-03-02,'600249,两面针,8.24,8.27,7.8,7.94,7.91,0.33,4.1719,3.847,17311544,138724969.0,3708000000.0,3708000000.0
2015-02-27,'600249,两面针,7.91,7.92,7.8,7.89,7.91,0.0,0.0,1.584,7127853,55983882.0,3559500000.0,3559500000.0
2015-02-26,'600249,两面针,7.91,7.92,7.8,7.87,7.88,0.03,0.3807,1.3902,6255988,49291491.0,3559500000.0,3559500000.0
2015-02-25,'600249,两面针,7.88,8.06,7.78,8.02,8.0,-0.12,-1.5,1.6361,7362323,57921164.0,3546000000.0,3546000000.0
2015-02-17,'600249,两面针,8.0,8.04,7.88,8.0,7.96,0.04,0.5025,1.8119,8153457,64907626.0,3600000000.0,3600000000.0
2015-02-16,'600249,两面针,7.96,8.06,7.8,7.9,7.96,0.0,0.0,2.4648,11091582,88320037.0,3582000000.0,3582000000.0
2015-02-13,'600249,两面针,7.96,8.08,7.73,7.77,7.77,0.19,2.4453,4.6913,21110818,167531103.0,3582000000.0,3582000000.0
2015-02-12,'600249,两面针,7.77,7.88,7.43,7.43,7.5,0.27,3.6,3.6045,16220333,124341192.0,3496500000.0,3496500000.0
2015-02-11,'600249,两面针,7.5,7.54,7.28,7.46,7.47,0.03,0.4016,2.0324,9145890,68097324.0,3375000000.0,3375000000.0
2015-02-10,'600249,两面针,7.47,7.68,7.32,7.4,7.45,0.02,0.2685,3.0298,13633946,101886762.0,3361500000.0,3361500000.0
2015-02-09,'600249,两面针,7.45,7.56,6.88,6.9,6.97,0.48,6.8867,4.7184,21232907,154796074.0,3352500000.0,3352500000.0
2015-02-06,'600249,两面针,6.97,7.07,6.91,6.96,6.99,-0.02,-0.2861,1.3951,6278037,44090071.0,3136500000.0,3136500000.0
2015-02-05,'600249,两面针,6.99,7.15,6.91,7.15,7.07,-0.08,-1.1315,1.4546,6545887,45954165.0,3145500000.0,3145500000.0
2015-02-04,'600249,两面针,0.0,0.0,0.0,0.0,7.07,None,None,0.0,0,0.0,3181500000.0,3181500000.0
2015-02-03,'600249,两面针,7.07,7.12,6.9,6.98,7.01,0.06,0.8559,1.2067,5430264,38196563.0,3181500000.0,3181500000.0
2015-02-02,'600249,两面针,7.01,7.02,6.83,6.88,6.97,0.04,0.5739,1.5032,6764588,46896462.0,3154500000.0,3154500000.0
2015-01-30,'600249,两面针,6.97,7.12,6.95,7.0,7.0,-0.03,-0.4286,0.9716,4372159,30721424.0,3136500000.0,3136500000.0
2015-01-29,'600249,两面针,7.0,7.1,6.92,7.0,7.07,-0.07,-0.9901,1.0171,4576732,32069855.0,3150000000.0,3150000000.0
2015-01-28,'600249,两面针,7.07,7.16,7.04,7.08,7.11,-0.04,-0.5626,1.313,5908278,41942583.0,3181500000.0,3181500000.0
2015-01-27,'600249,两面针,7.11,7.17,6.98,7.0,7.0,0.11,1.5714,2.6493,11921708,84558712.0,3199500000.0,3199500000.0
2015-01-26,'600249,两面针,7.0,7.02,6.86,6.9,6.91,0.09,1.3025,1.5181,6831257,47477125.0,3150000000.0,3150000000.0
2015-01-23,'600249,两面针,6.91,6.99,6.88,6.92,6.98,-0.07,-1.0029,1.2738,5732002,39730395.0,3109500000.0,3109500000.0
2015-01-22,'600249,两面针,6.98,7.02,6.85,6.91,6.9,0.08,1.1594,1.8028,8112564,56088809.0,3141000000.0,3141000000.0
2015-01-21,'600249,两面针,6.9,6.94,6.72,6.75,6.75,0.15,2.2222,1.4809,6663913,45772285.0,3105000000.0,3105000000.0
2015-01-20,'600249,两面针,6.75,6.84,6.61,6.65,6.61,0.14,2.118,1.5715,7071668,47445175.0,3037500000.0,3037500000.0
2015-01-19,'600249,两面针,6.61,7.05,6.5,6.7,6.97,-0.36,-5.165,1.8004,8101895,54584641.0,2974500000.0,2974500000.0
2015-01-16,'600249,两面针,6.97,7.02,6.87,6.9,6.94,0.03,0.4323,1.0871,4891750,33989157.0,3136500000.0,3136500000.0
2015-01-15,'600249,两面针,6.94,7.0,6.84,6.92,6.9,0.04,0.5797,1.005,4522360,31330651.0,3123000000.0,3123000000.0
2015-01-14,'600249,两面针,6.9,6.93,6.78,6.85,6.84,0.06,0.8772,1.0676,4804242,32911052.0,3105000000.0,3105000000.0
2015-01-13,'600249,两面针,6.84,6.84,6.76,6.83,6.79,0.05,0.7364,0.6253,2813700,19126369.0,3078000000.0,3078000000.0
2015-01-12,'600249,两面针,6.79,7.0,6.74,6.99,7.04,-0.25,-3.5511,1.1778,5299925,36271760.0,3055500000.0,3055500000.0
2015-01-09,'600249,两面针,7.04,7.15,7.02,7.07,7.1,-0.06,-0.8451,1.1019,4958636,35101778.0,3168000000.0,3168000000.0
2015-01-08,'600249,两面针,7.1,7.32,7.08,7.3,7.29,-0.19,-2.6063,1.6119,7253597,51796683.0,3195000000.0,3195000000.0
2015-01-07,'600249,两面针,7.29,7.37,7.23,7.26,7.29,0.0,0.0,1.1672,5252424,38330588.0,3280500000.0,3280500000.0
2015-01-06,'600249,两面针,7.29,7.35,7.2,7.35,7.41,-0.12,-1.6194,1.6894,7602516,55168481.0,3280500000.0,3280500000.0
2015-01-05,'600249,两面针,7.41,7.42,7.18,7.34,7.37,0.04,0.5427,1.5688,7059436,51558382.0,3334500000.0,3334500000.0
2014-12-31,'600249,两面针,7.37,7.44,7.2,7.43,7.43,-0.06,-0.8075,1.2909,5809257,42382852.0,3316500000.0,3316500000.0
2014-12-30,'600249,两面针,7.43,7.52,7.33,7.49,7.47,-0.04,-0.5355,1.269,5710722,42348827.0,3343500000.0,3343500000.0
2014-12-29,'600249,两面针,7.47,7.68,7.34,7.65,7.63,-0.16,-2.097,1.9366,8714488,65020396.0,3361500000.0,3361500000.0
2014-12-26,'600249,两面针,7.63,7.68,7.23,7.24,7.27,0.36,4.9519,3.0196,13588214,102000370.0,3433500000.0,3433500000.0
2014-12-25,'600249,两面针,7.27,7.32,7.15,7.18,7.16,0.11,1.5363,1.1384,5122729,37025359.0,3271500000.0,3271500000.0
2014-12-24,'600249,两面针,7.16,7.26,7.05,7.2,7.15,0.01,0.1399,1.0165,4574473,32802179.0,3222000000.0,3222000000.0
2014-12-23,'600249,两面针,7.15,7.33,7.1,7.18,7.19,-0.04,-0.5563,1.2941,5823634,41999287.0,3217500000.0,3217500000.0
2014-12-22,'600249,两面针,7.19,7.6,7.14,7.49,7.55,-0.36,-4.7682,1.8972,8537236,62308034.0,3235500000.0,3235500000.0
2014-12-19,'600249,两面针,7.55,7.57,7.28,7.52,7.52,0.03,0.3989,1.7629,7932980,59004804.0,3397500000.0,3397500000.0
2014-12-18,'600249,两面针,7.52,7.7,7.46,7.7,7.71,-0.19,-2.4643,2.0638,9287230,70243323.0,3384000000.0,3384000000.0
2014-12-17,'600249,两面针,7.71,7.92,7.55,7.85,7.79,-0.08,-1.027,3.3435,15045813,116657679.0,3469500000.0,3469500000.0
2014-12-16,'600249,两面针,7.79,7.83,7.59,7.61,7.64,0.15,1.9634,3.1815,14316907,110339886.0,3505500000.0,3505500000.0
2014-12-15,'600249,两面针,7.64,7.65,7.3,7.36,7.4,0.24,3.2432,2.3411,10534884,79379524.0,3438000000.0,3438000000.0
2014-12-12,'600249,两面针,7.4,7.54,7.37,7.38,7.36,0.04,0.5435,1.8002,8100727,60338972.0,3330000000.0,3330000000.0
2014-12-11,'600249,两面针,7.36,7.45,7.29,7.35,7.5,-0.14,-1.8667,2.2742,10233714,75423527.0,3312000000.0,3312000000.0
2014-12-10,'600249,两面针,7.5,7.6,7.13,7.38,7.49,0.01,0.1335,3.0679,13805669,101611215.0,3375000000.0,3375000000.0
2014-12-09,'600249,两面针,7.49,8.1,7.39,7.8,7.89,-0.4,-5.0697,6.0715,27321973,212471508.0,3370500000.0,3370500000.0
2014-12-08,'600249,两面针,7.89,8.13,7.55,7.61,7.44,0.45,6.0484,7.9642,35839110,280918669.0,3550500000.0,3550500000.0
2014-12-05,'600249,两面针,7.44,7.9,7.33,7.75,7.76,-0.32,-4.1237,5.9243,26659493,202761556.0,3348000000.0,3348000000.0
2014-12-04,'600249,两面针,7.76,7.78,7.28,7.31,7.36,0.4,5.4348,5.8406,26282690,198388630.0,3492000000.0,3492000000.0
2014-12-03,'600249,两面针,7.36,7.59,7.21,7.41,7.44,-0.08,-1.0753,3.4484,15517675,114847168.0,3312000000.0,3312000000.0
2014-12-02,'600249,两面针,7.44,7.53,7.11,7.16,7.17,0.27,3.7657,4.4515,20031844,147395607.0,3348000000.0,3348000000.0
2014-12-01,'600249,两面针,7.17,7.33,7.13,7.27,7.27,-0.1,-1.3755,2.091,9409505,67903191.0,3226500000.0,3226500000.0
2014-11-28,'600249,两面针,7.27,7.39,7.09,7.36,7.43,-0.16,-2.1534,2.9955,13479789,97885472.0,3271500000.0,3271500000.0
2014-11-27,'600249,两面针,7.43,7.55,7.1,7.21,7.21,0.22,3.0513,4.1879,18845519,137941103.0,3343500000.0,3343500000.0
2014-11-26,'600249,两面针,7.21,7.34,7.09,7.23,7.26,-0.05,-0.6887,2.5478,11464954,82912923.0,3244500000.0,3244500000.0
2014-11-25,'600249,两面针,7.26,7.47,7.15,7.29,7.21,0.05,0.6935,4.3959,19781555,144472188.0,3267000000.0,3267000000.0
2014-11-24,'600249,两面针,7.21,7.34,7.04,7.12,7.08,0.13,1.8362,3.9209,17644102,126841597.0,3244500000.0,3244500000.0
2014-11-21,'600249,两面针,7.08,7.08,6.85,6.89,6.93,0.15,2.1645,2.8093,12641717,88160086.0,3186000000.0,3186000000.0
2014-11-20,'600249,两面针,6.93,7.0,6.81,6.84,6.83,0.1,1.4641,2.0278,9125044,63005121.0,3118500000.0,3118500000.0
2014-11-19,'600249,两面针,6.83,6.9,6.8,6.82,6.82,0.01,0.1466,2.2772,10247512,70080241.0,3073500000.0,3073500000.0
2014-11-18,'600249,两面针,6.82,6.92,6.77,6.79,6.81,0.01,0.1468,2.1648,9741590,66704604.0,3069000000.0,3069000000.0
2014-11-17,'600249,两面针,6.81,6.89,6.71,6.85,6.86,-0.05,-0.7289,1.3452,6053244,41041572.0,3064500000.0,3064500000.0
2014-11-14,'600249,两面针,6.86,6.97,6.75,6.86,6.92,-0.06,-0.8671,1.5333,6899638,47393840.0,3087000000.0,3087000000.0
2014-11-13,'600249,两面针,6.92,7.05,6.73,6.77,6.78,0.14,2.0649,2.645,11902697,82154582.0,3114000000.0,3114000000.0
2014-11-12,'600249,两面针,6.78,6.79,6.54,6.6,6.65,0.13,1.9549,1.5386,6923647,46076409.0,3051000000.0,3051000000.0
2014-11-11,'600249,两面针,6.65,7.06,6.5,6.96,6.96,-0.31,-4.454,2.7947,12576080,86095389.0,2992500000.0,2992500000.0
2014-11-10,'600249,两面针,6.96,7.02,6.8,6.8,6.89,0.07,1.016,2.3442,10549047,73031993.0,3132000000.0,3132000000.0
2014-11-07,'600249,两面针,6.89,7.29,6.7,6.72,6.73,0.16,2.3774,2.9492,13271366,92267181.0,3100500000.0,3100500000.0
2014-11-06,'600249,两面针,6.73,6.9,6.62,6.83,6.86,-0.13,-1.895,1.8268,8220795,55356423.0,3028500000.0,3028500000.0
2014-11-05,'600249,两面针,6.86,7.02,6.77,6.8,6.84,0.02,0.2924,2.3276,10474412,72197142.0,3087000000.0,3087000000.0
2014-11-04,'600249,两面针,6.84,6.84,6.67,6.7,6.74,0.1,1.4837,1.7634,7935114,53665677.0,3078000000.0,3078000000.0
2014-11-03,'600249,两面针,6.74,6.76,6.66,6.72,6.7,0.04,0.597,1.9326,8696771,58362763.0,3033000000.0,3033000000.0
2014-10-31,'600249,两面针,6.7,6.73,6.61,6.65,6.67,0.03,0.4498,1.6823,7570502,50501649.0,3015000000.0,3015000000.0
2014-10-30,'600249,两面针,6.67,6.75,6.57,6.61,6.64,0.03,0.4518,2.0042,9018710,60101368.0,3001500000.0,3001500000.0
2014-10-29,'600249,两面针,6.64,6.72,6.54,6.65,6.64,0.0,0.0,2.0156,9070147,60165149.0,2988000000.0,2988000000.0
2014-10-28,'600249,两面针,6.64,6.65,6.45,6.5,6.49,0.15,2.3112,1.4258,6416179,42274650.0,2988000000.0,2988000000.0
2014-10-27,'600249,两面针,6.49,6.57,6.37,6.45,6.45,0.04,0.6202,1.6685,7508256,48739765.0,2920500000.0,2920500000.0
2014-10-24,'600249,两面针,6.45,6.5,6.28,6.35,6.38,0.07,1.0972,1.5612,7025405,45006501.0,2902500000.0,2902500000.0
2014-10-23,'600249,两面针,6.38,6.61,6.34,6.6,6.63,-0.25,-3.7707,2.3529,10587926,68246235.0,2871000000.0,2871000000.0
2014-10-22,'600249,两面针,6.63,6.94,6.55,6.85,6.88,-0.25,-3.6337,2.1705,9767093,65772765.0,2983500000.0,2983500000.0
2014-10-21,'600249,两面针,6.88,7.07,6.85,7.07,7.01,-0.13,-1.8545,1.6444,7399705,51261825.0,3096000000.0,3096000000.0
2014-10-20,'600249,两面针,7.01,7.1,6.98,7.0,7.02,-0.01,-0.1425,1.18,5310174,37331403.0,3154500000.0,3154500000.0
2014-10-17,'600249,两面针,7.02,7.19,6.81,6.98,7.0,0.02,0.2857,1.9119,8603382,60370496.0,3159000000.0,3159000000.0
2014-10-16,'600249,两面针,7.0,7.23,6.99,7.05,7.14,-0.14,-1.9608,1.6755,7539845,53750175.0,3150000000.0,3150000000.0
2014-10-15,'600249,两面针,7.14,7.17,6.98,7.07,7.15,-0.01,-0.1399,2.4755,11139560,78622364.0,3213000000.0,3213000000.0
2014-10-14,'600249,两面针,7.15,7.34,7.07,7.18,7.26,-0.11,-1.5152,1.8583,8362409,60140326.0,3217500000.0,3217500000.0
2014-10-13,'600249,两面针,7.26,7.31,7.08,7.31,7.37,-0.11,-1.4925,2.2751,10237801,73465546.0,3267000000.0,3267000000.0
2014-10-10,'600249,两面针,7.37,7.56,7.32,7.5,7.49,-0.12,-1.6021,1.9193,8636654,64207006.0,3316500000.0,3316500000.0
2014-10-09,'600249,两面针,7.49,7.56,7.28,7.4,7.35,0.14,1.9048,2.3576,10609191,78885002.0,3370500000.0,3370500000.0
2014-10-08,'600249,两面针,7.35,7.36,7.15,7.22,7.22,0.13,1.8006,1.605,7222429,52354502.0,3307500000.0,3307500000.0
2014-09-30,'600249,两面针,7.22,7.35,7.04,7.17,7.13,0.09,1.2623,1.9055,8574912,61593552.0,3249000000.0,3249000000.0
2014-09-29,'600249,两面针,7.13,7.17,7.05,7.09,7.09,0.04,0.5642,1.2445,5600188,39880984.0,3208500000.0,3208500000.0
2014-09-26,'600249,两面针,7.09,7.15,6.98,7.03,7.09,0.0,0.0,1.1061,4977388,35111810.0,3190500000.0,3190500000.0
2014-09-25,'600249,两面针,7.09,7.19,7.03,7.17,7.16,-0.07,-0.9777,1.5203,6841172,48530400.0,3190500000.0,3190500000.0
2014-09-24,'600249,两面针,7.16,7.3,6.72,6.8,6.9,0.26,3.7681,2.5984,11692708,82050727.0,3222000000.0,3222000000.0
2014-09-23,'600249,两面针,6.9,6.91,6.68,6.73,6.72,0.18,2.6786,1.4451,6502826,44352302.0,3105000000.0,3105000000.0
2014-09-22,'600249,两面针,6.72,6.89,6.7,6.88,6.92,-0.2,-2.8902,1.6592,7466220,50523446.0,3024000000.0,3024000000.0
2014-09-19,'600249,两面针,6.92,6.94,6.7,6.76,6.79,0.13,1.9146,2.0098,9044202,61758926.0,3114000000.0,3114000000.0
2014-09-18,'600249,两面针,6.79,7.13,6.68,6.75,6.74,0.05,0.7418,3.4929,15717966,108041293.0,3055500000.0,3055500000.0
2014-09-17,'600249,两面针,6.74,6.77,6.34,6.46,6.47,0.27,4.1731,2.2747,10236264,66897368.0,3033000000.0,3033000000.0
2014-09-16,'600249,两面针,6.47,6.74,6.43,6.61,6.64,-0.17,-2.5602,2.8033,12615064,83332401.0,2911500000.0,2911500000.0
2014-09-15,'600249,两面针,6.64,6.96,6.3,6.34,6.33,0.31,4.8973,3.5668,16050781,105961365.0,2988000000.0,2988000000.0
2014-09-12,'600249,两面针,6.33,6.34,6.18,6.25,6.25,0.08,1.28,1.5813,7115848,44705821.0,2848500000.0,2848500000.0
2014-09-11,'600249,两面针,6.25,6.38,6.1,6.24,6.25,0.0,0.0,2.2389,10075241,62828364.0,2812500000.0,2812500000.0
2014-09-10,'600249,两面针,6.25,6.28,6.17,6.25,6.25,0.0,0.0,1.2334,5550317,34697480.0,2812500000.0,2812500000.0
2014-09-09,'600249,两面针,6.25,6.27,6.06,6.16,6.16,0.09,1.461,1.3427,6042042,37344080.0,2812500000.0,2812500000.0
2014-09-05,'600249,两面针,6.16,6.35,6.09,6.14,6.13,0.03,0.4894,2.5615,11526892,71085829.0,2772000000.0,2772000000.0
2014-09-04,'600249,两面针,6.13,6.15,5.99,6.03,6.03,0.1,1.6584,1.8374,8268206,50245091.0,2758500000.0,2758500000.0
2014-09-03,'600249,两面针,6.03,6.17,6.0,6.1,6.1,-0.07,-1.1475,2.2651,10192827,61830263.0,2713500000.0,2713500000.0
2014-09-02,'600249,两面针,6.1,6.17,6.02,6.04,6.04,0.06,0.9934,2.041,9184634,55959133.0,2745000000.0,2745000000.0
2014-09-01,'600249,两面针,6.04,6.12,5.93,5.93,5.95,0.09,1.5126,1.289,5800292,35131392.0,2718000000.0,2718000000.0
2014-08-29,'600249,两面针,5.95,5.96,5.81,5.86,5.86,0.09,1.5358,0.952,4284007,25383982.0,2677500000.0,2677500000.0
2014-08-28,'600249,两面针,5.86,5.93,5.74,5.82,5.85,0.01,0.1709,1.3459,6056381,35479067.0,2637000000.0,2637000000.0
2014-08-27,'600249,两面针,5.85,5.87,5.63,5.73,5.77,0.08,1.3865,1.4407,6482962,37333526.0,2632500000.0,2632500000.0
2014-08-26,'600249,两面针,5.77,5.89,5.68,5.88,5.89,-0.12,-2.0374,1.0693,4811701,27780520.0,2596500000.0,2596500000.0
2014-08-25,'600249,两面针,5.89,6.09,5.82,6.09,6.09,-0.2,-3.2841,1.7452,7853296,46486671.0,2650500000.0,2650500000.0
2014-08-22,'600249,两面针,6.09,6.15,5.97,6.0,6.01,0.08,1.3311,0.9962,4482788,27164773.0,2740500000.0,2740500000.0
2014-08-21,'600249,两面针,6.01,6.11,5.91,6.06,6.1,-0.09,-1.4754,0.9889,4450201,26762739.0,2704500000.0,2704500000.0
2014-08-20,'600249,两面针,6.1,6.19,6.04,6.19,6.17,-0.07,-1.1345,0.9302,4186023,25455620.0,2745000000.0,2745000000.0
2014-08-19,'600249,两面针,6.17,6.22,6.07,6.09,6.11,0.06,0.982,1.1184,5032577,30958655.0,2776500000.0,2776500000.0
2014-08-18,'600249,两面针,6.11,6.13,5.93,6.0,6.04,0.07,1.1589,1.3481,6066332,36537935.0,2749500000.0,2749500000.0
2014-08-15,'600249,两面针,6.04,6.12,6.0,6.06,6.02,0.02,0.3322,1.0699,4814399,29170172.0,2718000000.0,2718000000.0
2014-08-14,'600249,两面针,6.02,6.17,6.0,6.07,6.15,-0.13,-2.1138,2.1239,9557353,58167599.0,2709000000.0,2709000000.0
2014-08-13,'600249,两面针,6.15,6.35,5.84,5.89,5.9,0.25,4.2373,4.1558,18701199,114364031.0,2767500000.0,2767500000.0
2014-08-12,'600249,两面针,5.9,5.97,5.86,5.92,5.94,-0.04,-0.6734,1.0082,4536699,26789300.0,2655000000.0,2655000000.0
2014-08-11,'600249,两面针,5.94,5.95,5.75,5.79,5.8,0.14,2.4138,2.0,8999938,52699010.0,2673000000.0,2673000000.0
2014-08-08,'600249,两面针,5.8,5.89,5.67,5.68,5.7,0.1,1.7544,0.8044,3619839,20789299.0,2610000000.0,2610000000.0
2014-08-07,'600249,两面针,5.7,5.85,5.68,5.77,5.77,-0.07,-1.2132,0.9895,4452630,25639165.0,2565000000.0,2565000000.0
2014-08-06,'600249,两面针,5.77,5.85,5.65,5.75,5.78,-0.01,-0.173,1.1965,5384056,31012310.0,2596500000.0,2596500000.0
2014-08-05,'600249,两面针,5.78,5.8,5.66,5.7,5.7,0.08,1.4035,1.7146,7715656,44308760.0,2601000000.0,2601000000.0
2014-08-04,'600249,两面针,5.7,5.75,5.53,5.55,5.58,0.12,2.1505,1.5795,7107633,40177275.0,2565000000.0,2565000000.0
2014-08-01,'600249,两面针,5.58,5.68,5.47,5.5,5.53,0.05,0.9042,2.1375,9618572,53859869.0,2511000000.0,2511000000.0
2014-07-31,'600249,两面针,5.53,5.57,5.5,5.55,5.58,-0.05,-0.8961,0.7862,3538090,19574875.0,2488500000.0,2488500000.0
2014-07-30,'600249,两面针,5.58,5.62,5.46,5.53,5.56,0.02,0.3597,1.9767,8894960,49206182.0,2511000000.0,2511000000.0
2014-07-29,'600249,两面针,5.56,5.75,5.55,5.69,5.54,0.02,0.361,2.4778,11150104,62848807.0,2502000000.0,2502000000.0
2014-07-28,'600249,两面针,5.54,5.6,5.4,5.43,5.41,0.13,2.403,1.193,5368575,29493738.0,2493000000.0,2493000000.0
2014-07-25,'600249,两面针,5.41,5.42,5.25,5.26,5.26,0.15,2.8517,0.6884,3097939,16630682.0,2434500000.0,2434500000.0
2014-07-24,'600249,两面针,5.26,5.34,5.21,5.34,5.28,-0.02,-0.3788,0.6289,2830110,14871363.0,2367000000.0,2367000000.0
2014-07-23,'600249,两面针,5.28,5.53,5.27,5.44,5.47,-0.19,-3.4735,0.7565,3404409,18281051.0,2376000000.0,2376000000.0
2014-07-22,'600249,两面针,5.47,5.54,5.42,5.46,5.44,0.03,0.5515,0.51,2295200,12597487.0,2461500000.0,2461500000.0
2014-07-21,'600249,两面针,5.44,5.48,5.39,5.42,5.44,0.0,0.0,0.5723,2575503,13988104.0,2448000000.0,2448000000.0
2014-07-18,'600249,两面针,5.44,5.47,5.35,5.42,5.43,0.01,0.1842,0.5022,2259874,12278352.0,2448000000.0,2448000000.0
2014-07-17,'600249,两面针,5.43,5.44,5.31,5.37,5.37,0.06,1.1173,0.3757,1690640,9102623.0,2443500000.0,2443500000.0
2014-07-16,'600249,两面针,5.37,5.57,5.33,5.52,5.55,-0.18,-3.2432,0.9259,4166610,22588746.0,2416500000.0,2416500000.0
2014-07-15,'600249,两面针,5.55,5.63,5.43,5.54,5.55,0.0,0.0,1.0523,4735495,26223373.0,2497500000.0,2497500000.0
2014-07-14,'600249,两面针,5.55,5.66,5.31,5.31,5.31,0.24,4.5198,1.8009,8103848,44641272.0,2497500000.0,2497500000.0
2014-07-11,'600249,两面针,5.31,5.35,5.2,5.2,5.22,0.09,1.7241,0.6102,2745972,14561721.0,2389500000.0,2389500000.0
2014-07-10,'600249,两面针,5.22,5.32,5.16,5.22,5.23,-0.01,-0.1912,0.4399,1979382,10374381.0,2349000000.0,2349000000.0
2014-07-09,'600249,两面针,5.23,5.35,5.14,5.14,5.16,0.07,1.3566,0.8742,3933955,20719178.0,2353500000.0,2353500000.0
2014-07-08,'600249,两面针,5.16,5.17,5.1,5.16,5.15,0.01,0.1942,0.5913,2660889,13682907.0,2322000000.0,2322000000.0
2014-07-07,'600249,两面针,5.15,5.31,5.12,5.31,5.3,-0.15,-2.8302,0.658,2960845,15365998.0,2317500000.0,2317500000.0
2014-07-04,'600249,两面针,5.3,5.32,5.2,5.27,5.28,0.02,0.3788,0.4953,2228910,11747742.0,2385000000.0,2385000000.0
2014-07-03,'600249,两面针,5.28,5.3,5.22,5.25,5.27,0.01,0.1898,0.5228,2352397,12368104.0,2376000000.0,2376000000.0
2014-07-02,'600249,两面针,5.27,5.38,5.21,5.26,5.27,0.0,0.0,0.6699,3014670,15926022.0,2371500000.0,2371500000.0
2014-07-01,'600249,两面针,5.27,5.32,5.2,5.29,5.31,-0.04,-0.7533,0.5693,2562068,13502353.0,2371500000.0,2371500000.0
2014-06-30,'600249,两面针,5.31,5.41,5.21,5.33,5.28,0.03,0.5682,1.1783,5302495,28110912.0,2389500000.0,2389500000.0
2014-06-27,'600249,两面针,5.28,5.45,5.11,5.11,5.11,0.17,3.3268,2.6243,11809349,62704342.0,2376000000.0,2376000000.0
2014-06-26,'600249,两面针,5.11,5.12,5.07,5.11,5.09,0.02,0.3929,0.6236,2806259,14299547.0,2299500000.0,2299500000.0
2014-06-25,'600249,两面针,5.09,5.14,4.97,4.97,5.0,0.09,1.8,1.4683,6607182,33417283.0,2290500000.0,2290500000.0
2014-06-24,'600249,两面针,5.0,5.01,4.88,4.95,4.92,0.08,1.626,0.6917,3112827,15412751.0,2250000000.0,2250000000.0
2014-06-23,'600249,两面针,4.92,4.93,4.79,4.84,4.85,0.07,1.4433,0.5173,2327910,11339440.0,2214000000.0,2214000000.0
2014-06-20,'600249,两面针,4.85,4.85,4.78,4.84,4.83,0.02,0.4141,0.2839,1277376,6150099.0,2182500000.0,2182500000.0
2014-06-19,'600249,两面针,4.83,4.9,4.78,4.84,4.83,0.0,0.0,0.3883,1747417,8447872.0,2173500000.0,2173500000.0
2014-06-18,'600249,两面针,4.83,4.88,4.81,4.88,4.91,-0.08,-1.6293,0.5021,2259234,10946098.0,2173500000.0,2173500000.0
2014-06-17,'600249,两面针,4.91,4.94,4.77,4.81,4.81,0.1,2.079,1.6931,7618936,36947343.0,2209500000.0,2209500000.0
2014-06-16,'600249,两面针,4.81,4.86,4.79,4.79,4.79,0.02,0.4175,0.3845,1730097,8347152.0,2164500000.0,2164500000.0
2014-06-13,'600249,两面针,4.79,4.82,4.74,4.75,4.75,0.04,0.8421,0.4133,1859736,8907807.0,2155500000.0,2155500000.0
2014-06-12,'600249,两面针,4.75,4.75,4.7,4.75,4.75,0.0,0.0,0.2765,1244278,5892009.0,2137500000.0,2137500000.0
2014-06-11,'600249,两面针,4.75,4.78,4.7,4.76,4.76,-0.01,-0.2101,0.5583,2512502,11919133.0,2137500000.0,2137500000.0
2014-06-10,'600249,两面针,4.76,4.77,4.68,4.73,4.73,0.03,0.6342,0.4526,2036702,9634229.0,2142000000.0,2142000000.0
2014-06-09,'600249,两面针,4.73,4.81,4.66,4.75,4.84,-0.11,-2.2727,1.2763,5743548,27244538.0,2128500000.0,2128500000.0
2014-06-06,'600249,两面针,4.84,4.91,4.8,4.91,4.91,-0.07,-1.4257,0.6053,2723801,13168406.0,2178000000.0,2178000000.0
2014-06-05,'600249,两面针,4.91,4.92,4.85,4.88,4.86,0.05,1.0288,0.3045,1370418,6692143.0,2209500000.0,2209500000.0
2014-06-04,'600249,两面针,4.86,4.88,4.83,4.88,4.87,-0.01,-0.2053,0.1814,816379,3964006.0,2187000000.0,2187000000.0
2014-06-03,'600249,两面针,4.87,4.9,4.83,4.87,4.92,-0.05,-1.0163,0.4789,2155176,10474600.0,2191500000.0,2191500000.0
2014-05-30,'600249,两面针,4.92,4.92,4.84,4.92,4.91,0.01,0.2037,0.2794,1257406,6144064.0,2214000000.0,2214000000.0
2014-05-29,'600249,两面针,4.91,4.97,4.9,4.95,4.96,-0.05,-1.0081,0.4101,1845442,9097735.0,2209500000.0,2209500000.0
2014-05-28,'600249,两面针,4.96,4.98,4.93,4.95,4.95,0.01,0.202,0.3253,1464022,7249229.0,2232000000.0,2232000000.0
2014-05-27,'600249,两面针,4.95,5.02,4.94,4.98,5.0,-0.05,-1.0,0.2039,917611,4572834.0,2227500000.0,2227500000.0
2014-05-26,'600249,两面针,5.0,5.03,4.94,4.97,4.96,0.04,0.8065,0.6359,2861684,14243942.0,2250000000.0,2250000000.0
2014-05-23,'600249,两面针,4.96,4.96,4.89,4.94,4.96,0.0,0.0,0.2633,1184890,5846437.0,2232000000.0,2232000000.0
2014-05-22,'600249,两面针,4.96,4.98,4.89,4.92,4.93,0.03,0.6085,0.4585,2063330,10209827.0,2232000000.0,2232000000.0
2014-05-21,'600249,两面针,4.93,4.94,4.84,4.86,4.9,0.03,0.6122,0.3881,1746556,8543385.0,2218500000.0,2218500000.0
2014-05-20,'600249,两面针,4.9,4.94,4.86,4.89,4.9,0.0,0.0,0.4022,1810000,8869387.0,2205000000.0,2205000000.0
2014-05-19,'600249,两面针,4.9,4.96,4.83,4.96,4.99,-0.09,-1.8036,0.6239,2807653,13704431.0,2205000000.0,2205000000.0
2014-05-16,'600249,两面针,4.99,5.01,4.91,4.95,4.9,0.09,1.8367,0.5011,2254759,11182932.0,2245500000.0,2245500000.0
2014-05-15,'600249,两面针,4.9,5.01,4.89,4.99,4.99,-0.09,-1.8036,0.2658,1196037,5902109.0,2205000000.0,2205000000.0
2014-05-14,'600249,两面针,4.99,5.01,4.97,5.0,5.0,-0.01,-0.2,0.2101,945377,4712378.0,2245500000.0,2245500000.0
2014-05-13,'600249,两面针,5.0,5.02,4.94,4.95,4.96,0.04,0.8065,0.4768,2145612,10719352.0,2250000000.0,2250000000.0
2014-05-12,'600249,两面针,4.96,4.98,4.84,4.9,4.87,0.09,1.848,0.6016,2707226,13336751.0,2232000000.0,2232000000.0
2014-05-09,'600249,两面针,4.87,4.92,4.82,4.92,4.9,-0.03,-0.6122,0.3512,1580307,7678060.0,2191500000.0,2191500000.0
2014-05-08,'600249,两面针,4.9,4.94,4.86,4.87,4.88,0.02,0.4098,0.2835,1275539,6259148.0,2205000000.0,2205000000.0
2014-05-07,'600249,两面针,4.88,4.92,4.86,4.9,4.92,-0.04,-0.813,0.2252,1013407,4949694.0,2196000000.0,2196000000.0
2014-05-06,'600249,两面针,4.92,4.94,4.86,4.9,4.9,0.02,0.4082,0.3543,1594438,7826983.0,2214000000.0,2214000000.0
2014-05-05,'600249,两面针,4.9,4.91,4.82,4.91,4.91,-0.01,-0.2037,0.4893,2201669,10694404.0,2205000000.0,2205000000.0
2014-04-30,'600249,两面针,4.91,4.96,4.87,4.96,4.96,-0.05,-1.0081,0.3159,1421550,6982676.0,2209500000.0,2209500000.0
2014-04-29,'600249,两面针,4.96,4.99,4.8,4.8,4.82,0.14,2.9046,0.391,1759716,8567323.0,2232000000.0,2232000000.0
2014-04-28,'600249,两面针,4.82,4.95,4.78,4.95,4.95,-0.13,-2.6263,0.7181,3231440,15612770.0,2169000000.0,2169000000.0
2014-04-25,'600249,两面针,4.95,5.06,4.92,4.97,4.95,0.0,0.0,0.5555,2499861,12477649.0,2227500000.0,2227500000.0
2014-04-24,'600249,两面针,4.95,5.07,4.94,5.02,5.02,-0.07,-1.3944,0.56,2519851,12590852.0,2227500000.0,2227500000.0
2014-04-23,'600249,两面针,5.02,5.09,4.99,5.09,5.09,-0.07,-1.3752,0.6658,2995957,15084123.0,2259000000.0,2259000000.0
2014-04-22,'600249,两面针,5.09,5.15,5.0,5.14,5.16,-0.07,-1.3566,1.201,5404569,27387782.0,2290500000.0,2290500000.0
2014-04-21,'600249,两面针,5.16,5.32,5.12,5.32,5.39,-0.23,-4.2672,1.2494,5622368,29284415.0,2322000000.0,2322000000.0
2014-04-18,'600249,两面针,5.39,5.45,5.32,5.38,5.43,-0.04,-0.7366,0.8197,3688590,19842320.0,2425500000.0,2425500000.0
2014-04-17,'600249,两面针,5.43,5.55,5.24,5.25,5.25,0.18,3.4286,2.2297,10033566,54454234.0,2443500000.0,2443500000.0
2014-04-16,'600249,两面针,5.25,5.29,5.14,5.17,5.17,0.08,1.5474,0.6654,2994142,15625581.0,2362500000.0,2362500000.0
2014-04-15,'600249,两面针,5.17,5.27,5.13,5.21,5.23,-0.06,-1.1472,0.5298,2384116,12394665.0,2326500000.0,2326500000.0
2014-04-14,'600249,两面针,5.23,5.26,5.15,5.23,5.21,0.02,0.3839,0.4276,1924067,10040051.0,2353500000.0,2353500000.0
2014-04-11,'600249,两面针,5.21,5.29,5.18,5.28,5.29,-0.08,-1.5123,0.7946,3575904,18676364.0,2344500000.0,2344500000.0
2014-04-10,'600249,两面针,5.29,5.35,5.22,5.3,5.29,0.0,0.0,1.0215,4596751,24362667.0,2380500000.0,2380500000.0
2014-04-09,'600249,两面针,5.29,5.31,5.21,5.27,5.29,0.0,0.0,0.5593,2516689,13233072.0,2380500000.0,2380500000.0
2014-04-08,'600249,两面针,5.29,5.35,5.08,5.12,5.12,0.17,3.3203,1.8188,8184385,43093339.0,2380500000.0,2380500000.0
2014-04-04,'600249,两面针,5.12,5.15,5.0,5.03,5.04,0.08,1.5873,0.6959,3131499,15954854.0,2304000000.0,2304000000.0
2014-04-03,'600249,两面针,5.04,5.14,5.01,5.07,5.03,0.01,0.1988,1.1769,5295864,26874208.0,2268000000.0,2268000000.0
2014-04-02,'600249,两面针,5.03,5.04,4.88,4.88,4.92,0.11,2.2358,1.1851,5332800,26513705.0,2263500000.0,2263500000.0
2014-04-01,'600249,两面针,4.92,4.93,4.75,4.76,4.76,0.16,3.3613,0.6863,3088319,15038832.0,2214000000.0,2214000000.0
2014-03-31,'600249,两面针,4.76,4.83,4.75,4.81,4.8,-0.04,-0.8333,0.3665,1649410,7882604.0,2142000000.0,2142000000.0
2014-03-28,'600249,两面针,4.8,4.9,4.8,4.88,4.89,-0.09,-1.8405,0.6297,2833799,13731171.0,2160000000.0,2160000000.0
2014-03-27,'600249,两面针,4.89,4.94,4.85,4.94,4.93,-0.04,-0.8114,0.7285,3278396,16013307.0,2200500000.0,2200500000.0
2014-03-26,'600249,两面针,4.93,5.01,4.91,4.99,4.98,-0.05,-1.004,0.7394,3327164,16470801.0,2218500000.0,2218500000.0
2014-03-25,'600249,两面针,4.98,5.03,4.96,4.99,4.99,-0.01,-0.2004,0.5601,2520241,12585599.0,2241000000.0,2241000000.0
2014-03-24,'600249,两面针,4.99,5.02,4.94,4.97,4.96,0.03,0.6048,0.5833,2624673,13078476.0,2245500000.0,2245500000.0
2014-03-21,'600249,两面针,4.96,4.97,4.78,4.84,4.85,0.11,2.268,0.752,3383933,16579816.0,2232000000.0,2232000000.0
2014-03-20,'600249,两面针,4.85,4.98,4.82,4.95,4.95,-0.1,-2.0202,0.5244,2359862,11605453.0,2182500000.0,2182500000.0
2014-03-19,'600249,两面针,4.95,4.95,4.88,4.9,4.92,0.03,0.6098,0.6315,2841674,13985758.0,2227500000.0,2227500000.0
2014-03-18,'600249,两面针,4.92,4.98,4.87,4.96,4.93,-0.01,-0.2028,0.8722,3924837,19301833.0,2214000000.0,2214000000.0
2014-03-17,'600249,两面针,4.93,4.96,4.84,4.85,4.84,0.09,1.8595,0.5645,2540361,12452324.0,2218500000.0,2218500000.0
2014-03-14,'600249,两面针,4.84,4.88,4.72,4.81,4.83,0.01,0.207,0.5465,2459112,11866401.0,2178000000.0,2178000000.0
2014-03-13,'600249,两面针,4.83,4.88,4.77,4.81,4.8,0.03,0.625,0.9157,4120498,19838726.0,2173500000.0,2173500000.0
2014-03-12,'600249,两面针,4.8,4.93,4.59,4.88,4.91,-0.11,-2.2403,1.0698,4814039,23023019.0,2160000000.0,2160000000.0
2014-03-11,'600249,两面针,4.91,4.95,4.84,4.92,4.92,-0.01,-0.2033,0.7703,3466514,16969958.0,2209500000.0,2209500000.0
2014-03-10,'600249,两面针,4.92,5.19,4.92,5.19,5.2,-0.28,-5.3846,0.8197,3688515,18552930.0,2214000000.0,2214000000.0
2014-03-07,'600249,两面针,5.2,5.24,5.15,5.21,5.21,-0.01,-0.1919,0.6881,3096230,16055290.0,2340000000.0,2340000000.0
2014-03-06,'600249,两面针,5.21,5.25,5.14,5.23,5.28,-0.07,-1.3258,0.9461,4257353,22092102.0,2344500000.0,2344500000.0
2014-03-05,'600249,两面针,5.28,5.44,5.2,5.36,5.36,-0.08,-1.4925,0.99,4454941,23546044.0,2376000000.0,2376000000.0
2014-03-04,'600249,两面针,5.36,5.52,5.28,5.43,5.49,-0.13,-2.3679,1.1269,5071262,27265033.0,2412000000.0,2412000000.0
2014-03-03,'600249,两面针,5.49,5.63,5.3,5.35,5.43,0.06,1.105,1.63,7334989,40451562.0,2470500000.0,2470500000.0
2014-02-28,'600249,两面针,5.43,5.65,5.15,5.3,5.27,0.16,3.0361,2.3232,10454367,57185512.0,2443500000.0,2443500000.0
2014-02-27,'600249,两面针,0.0,0.0,0.0,0.0,5.27,None,None,0.0,0,0.0,2371500000.0,2371500000.0
2014-02-26,'600249,两面针,0.0,0.0,0.0,0.0,5.27,None,None,0.0,0,0.0,2371500000.0,2371500000.0
2014-02-25,'600249,两面针,0.0,0.0,0.0,0.0,5.27,None,None,0.0,0,0.0,2371500000.0,2371500000.0
2014-02-24,'600249,两面针,0.0,0.0,0.0,0.0,5.27,None,None,0.0,0,0.0,2371500000.0,2371500000.0
2014-02-21,'600249,两面针,0.0,0.0,0.0,0.0,5.27,None,None,0.0,0,0.0,2371500000.0,2371500000.0
2014-02-20,'600249,两面针,0.0,0.0,0.0,0.0,5.27,None,None,0.0,0,0.0,2371500000.0,2371500000.0
2014-02-19,'600249,两面针,0.0,0.0,0.0,0.0,5.27,None,None,0.0,0,0.0,2371500000.0,2371500000.0
2014-02-18,'600249,两面针,0.0,0.0,0.0,0.0,5.27,None,None,0.0,0,0.0,2371500000.0,2371500000.0
2014-02-17,'600249,两面针,0.0,0.0,0.0,0.0,5.27,None,None,0.0,0,0.0,2371500000.0,2371500000.0
2014-02-14,'600249,两面针,0.0,0.0,0.0,0.0,5.27,None,None,0.0,0,0.0,2371500000.0,2371500000.0
2014-02-13,'600249,两面针,5.27,5.43,5.23,5.28,5.28,-0.01,-0.1894,0.8845,3980215,21188331.0,2371500000.0,2371500000.0
2014-02-12,'600249,两面针,5.28,5.31,5.21,5.3,5.32,-0.04,-0.7519,0.8287,3728927,19645454.0,2376000000.0,2376000000.0
2014-02-11,'600249,两面针,5.32,5.44,5.22,5.24,5.25,0.07,1.3333,1.0625,4781030,25516915.0,2394000000.0,2394000000.0
2014-02-10,'600249,两面针,5.25,5.28,5.12,5.14,5.16,0.09,1.7442,0.5161,2322328,12134405.0,2362500000.0,2362500000.0
2014-02-07,'600249,两面针,5.16,5.17,4.95,5.03,5.05,0.11,2.1782,0.741,3334351,16905913.0,2322000000.0,2322000000.0
2014-01-30,'600249,两面针,5.05,5.1,5.01,5.1,5.09,-0.04,-0.7859,0.277,1246300,6291646.0,2272500000.0,2272500000.0
2014-01-29,'600249,两面针,5.09,5.11,5.04,5.04,5.08,0.01,0.1969,0.2428,1092461,5551179.0,2290500000.0,2290500000.0
2014-01-28,'600249,两面针,5.08,5.1,5.0,5.0,5.01,0.07,1.3972,0.3951,1777735,8995040.0,2286000000.0,2286000000.0
2014-01-27,'600249,两面针,5.01,5.1,5.01,5.1,5.12,-0.11,-2.1484,0.3793,1706890,8621446.0,2254500000.0,2254500000.0
2014-01-24,'600249,两面针,5.12,5.15,4.99,5.02,5.03,0.09,1.7893,0.6188,2784689,14170700.0,2304000000.0,2304000000.0
2014-01-23,'600249,两面针,5.03,5.04,4.97,5.02,5.01,0.02,0.3992,0.4314,1941361,9733913.0,2263500000.0,2263500000.0
2014-01-22,'600249,两面针,5.01,5.01,4.9,4.92,4.92,0.09,1.8293,0.5265,2369457,11783223.0,2254500000.0,2254500000.0
2014-01-21,'600249,两面针,4.92,4.94,4.86,4.86,4.88,0.04,0.8197,0.3483,1567282,7696572.0,2214000000.0,2214000000.0
2014-01-20,'600249,两面针,4.88,4.97,4.85,4.92,4.89,-0.01,-0.2045,0.3742,1684078,8234847.0,2196000000.0,2196000000.0
2014-01-17,'600249,两面针,4.89,4.98,4.84,4.97,4.99,-0.1,-2.004,0.4142,1864063,9134020.0,2200500000.0,2200500000.0
2014-01-16,'600249,两面针,4.99,5.04,4.94,4.99,4.99,0.0,0.0,0.4904,2206800,11000494.0,2245500000.0,2245500000.0
2014-01-15,'600249,两面针,4.99,5.02,4.92,5.02,5.02,-0.03,-0.5976,0.2951,1328065,6596271.0,2245500000.0,2245500000.0
2014-01-14,'600249,两面针,5.02,5.03,4.91,4.93,4.93,0.09,1.8256,0.2517,1132769,5630957.0,2259000000.0,2259000000.0
2014-01-13,'600249,两面针,4.93,4.98,4.9,4.96,4.92,0.01,0.2033,0.1847,831155,4099447.0,2218500000.0,2218500000.0
2014-01-10,'600249,两面针,4.92,4.99,4.85,4.95,4.97,-0.05,-1.006,0.3681,1656596,8170256.0,2214000000.0,2214000000.0
2014-01-09,'600249,两面针,4.97,5.14,4.95,5.08,5.13,-0.16,-3.1189,0.4951,2228045,11258647.0,2236500000.0,2236500000.0
2014-01-08,'600249,两面针,5.13,5.29,5.07,5.25,5.24,-0.11,-2.0992,0.4948,2226415,11546528.0,2308500000.0,2308500000.0
2014-01-07,'600249,两面针,5.24,5.29,5.18,5.18,5.23,0.01,0.1912,0.2496,1123059,5890623.0,2358000000.0,2358000000.0
2014-01-06,'600249,两面针,5.23,5.5,5.2,5.5,5.5,-0.27,-4.9091,0.5312,2390210,12714137.0,2353500000.0,2353500000.0
2014-01-03,'600249,两面针,5.5,5.59,5.49,5.56,5.57,-0.07,-1.2567,0.4388,1974482,10889233.0,2475000000.0,2475000000.0
2014-01-02,'600249,两面针,5.57,5.58,5.5,5.53,5.53,0.04,0.7233,0.3061,1377418,7621204.0,2506500000.0,2506500000.0
2013-12-31,'600249,两面针,5.53,5.61,5.44,5.47,5.45,0.08,1.4679,0.6657,2995737,16615377.0,2488500000.0,2488500000.0
2013-12-30,'600249,两面针,5.45,5.49,5.42,5.48,5.46,-0.01,-0.1832,0.4149,1867153,10207161.0,2452500000.0,2452500000.0
2013-12-27,'600249,两面针,5.46,5.48,5.38,5.4,5.4,0.06,1.1111,0.3517,1582559,8609521.0,2457000000.0,2457000000.0
2013-12-26,'600249,两面针,5.4,5.52,5.35,5.5,5.52,-0.12,-2.1739,0.4055,1824967,9908154.0,2430000000.0,2430000000.0
2013-12-25,'600249,两面针,5.52,5.53,5.44,5.49,5.48,0.04,0.7299,0.368,1656051,9103508.0,2484000000.0,2484000000.0
2013-12-24,'600249,两面针,5.48,5.55,5.45,5.55,5.5,-0.02,-0.3636,0.3102,1395888,7678571.0,2466000000.0,2466000000.0
2013-12-23,'600249,两面针,5.5,5.53,5.4,5.5,5.5,0.0,0.0,0.2951,1328020,7274291.0,2475000000.0,2475000000.0
2013-12-20,'600249,两面针,5.5,5.6,5.45,5.55,5.59,-0.09,-1.61,0.4727,2127227,11740525.0,2475000000.0,2475000000.0
2013-12-19,'600249,两面针,5.59,5.74,5.58,5.71,5.7,-0.11,-1.9298,0.3707,1668225,9426295.0,2515500000.0,2515500000.0
2013-12-18,'600249,两面针,5.7,5.72,5.65,5.7,5.67,0.03,0.5291,0.2402,1080821,6158756.0,2565000000.0,2565000000.0
2013-12-17,'600249,两面针,5.67,5.71,5.62,5.68,5.68,-0.01,-0.1761,0.3422,1539795,8712514.0,2551500000.0,2551500000.0
2013-12-16,'600249,两面针,5.68,5.75,5.65,5.75,5.75,-0.07,-1.2174,0.4207,1893032,10766238.0,2556000000.0,2556000000.0
2013-12-13,'600249,两面针,5.75,5.77,5.68,5.77,5.77,-0.02,-0.3466,0.5457,2455652,14050465.0,2587500000.0,2587500000.0
2013-12-12,'600249,两面针,5.77,5.85,5.74,5.8,5.8,-0.03,-0.5172,0.5298,2384011,13783094.0,2596500000.0,2596500000.0
2013-12-11,'600249,两面针,5.8,5.92,5.76,5.92,5.94,-0.14,-2.3569,0.7575,3408544,19842388.0,2610000000.0,2610000000.0
2013-12-10,'600249,两面针,5.94,6.01,5.9,5.9,5.91,0.03,0.5076,0.8422,3789690,22584241.0,2673000000.0,2673000000.0
2013-12-09,'600249,两面针,5.91,5.95,5.85,5.88,5.91,0.0,0.0,0.5299,2384328,14051894.0,2659500000.0,2659500000.0
2013-12-06,'600249,两面针,5.91,6.04,5.88,6.02,6.02,-0.11,-1.8272,0.8473,3812633,22621959.0,2659500000.0,2659500000.0
2013-12-05,'600249,两面针,6.02,6.09,5.97,6.04,6.03,-0.01,-0.1658,0.9697,4363841,26337331.0,2709000000.0,2709000000.0
2013-12-04,'600249,两面针,6.03,6.1,5.94,6.0,6.0,0.03,0.5,1.7713,7970964,48116584.0,2713500000.0,2713500000.0
2013-12-03,'600249,两面针,6.0,6.02,5.78,5.86,5.91,0.09,1.5228,1.3299,5984592,35418209.0,2700000000.0,2700000000.0
2013-12-02,'600249,两面针,5.91,6.09,5.72,5.79,5.84,0.07,1.1986,2.2699,10214508,60459600.0,2659500000.0,2659500000.0
2013-11-29,'600249,两面针,5.84,5.91,5.78,5.84,5.88,-0.04,-0.6803,0.9825,4421075,25836605.0,2628000000.0,2628000000.0
2013-11-28,'600249,两面针,5.88,5.99,5.72,5.75,5.88,0.0,0.0,1.7286,7778552,45471723.0,2646000000.0,2646000000.0
2013-11-27,'600249,两面针,5.88,6.14,5.81,5.81,5.58,0.3,5.3763,3.0788,13854796,82607672.0,2646000000.0,2646000000.0
2013-11-26,'600249,两面针,5.58,5.66,5.47,5.64,5.59,-0.01,-0.1789,0.4623,2080181,11658741.0,2511000000.0,2511000000.0
2013-11-25,'600249,两面针,5.59,5.67,5.55,5.6,5.61,-0.02,-0.3565,0.3437,1546538,8673159.0,2515500000.0,2515500000.0
2013-11-22,'600249,两面针,5.61,5.68,5.57,5.66,5.66,-0.05,-0.8834,0.346,1556924,8742325.0,2524500000.0,2524500000.0
2013-11-21,'600249,两面针,5.66,5.69,5.61,5.68,5.68,-0.02,-0.3521,0.4181,1881628,10615981.0,2547000000.0,2547000000.0
2013-11-20,'600249,两面针,5.68,5.7,5.59,5.65,5.65,0.03,0.531,0.4792,2156181,12159709.0,2556000000.0,2556000000.0
2013-11-19,'600249,两面针,5.65,5.69,5.61,5.68,5.67,-0.02,-0.3527,0.5524,2485694,14021452.0,2542500000.0,2542500000.0
2013-11-18,'600249,两面针,5.67,5.73,5.5,5.5,5.54,0.13,2.3466,0.9195,4137821,23282228.0,2551500000.0,2551500000.0
2013-11-15,'600249,两面针,5.54,5.57,5.39,5.43,5.43,0.11,2.0258,0.4439,1997703,11042505.0,2493000000.0,2493000000.0
2013-11-14,'600249,两面针,5.43,5.44,5.25,5.37,5.41,0.02,0.3697,0.2841,1278674,6842210.0,2443500000.0,2443500000.0
2013-11-13,'600249,两面针,5.41,5.55,5.4,5.55,5.55,-0.14,-2.5225,0.3572,1607258,8757534.0,2434500000.0,2434500000.0
2013-11-12,'600249,两面针,5.55,5.58,5.49,5.51,5.53,0.02,0.3617,0.2642,1189091,6574356.0,2497500000.0,2497500000.0
2013-11-11,'600249,两面针,5.53,5.55,5.46,5.5,5.5,0.03,0.5455,0.2188,984721,5423201.0,2488500000.0,2488500000.0
2013-11-08,'600249,两面针,5.5,5.64,5.4,5.63,5.63,-0.13,-2.3091,0.5325,2396192,13224445.0,2475000000.0,2475000000.0
2013-11-07,'600249,两面针,5.63,5.7,5.61,5.61,5.69,-0.06,-1.0545,0.3481,1566367,8839844.0,2533500000.0,2533500000.0
2013-11-06,'600249,两面针,5.69,5.75,5.65,5.68,5.7,-0.01,-0.1754,0.3839,1727630,9855320.0,2560500000.0,2560500000.0
2013-11-05,'600249,两面针,5.7,5.73,5.6,5.71,5.71,-0.01,-0.1751,0.4649,2091875,11847862.0,2565000000.0,2565000000.0
2013-11-04,'600249,两面针,5.71,5.8,5.69,5.76,5.77,-0.06,-1.0399,0.4784,2152860,12313637.0,2569500000.0,2569500000.0
2013-11-01,'600249,两面针,5.77,5.84,5.7,5.77,5.82,-0.05,-0.8591,0.3458,1556266,8967223.0,2596500000.0,2596500000.0
2013-10-31,'600249,两面针,5.82,5.89,5.77,5.85,5.86,-0.04,-0.6826,0.4469,2010950,11737014.0,2619000000.0,2619000000.0
2013-10-30,'600249,两面针,5.86,5.88,5.71,5.78,5.75,0.11,1.913,0.4825,2171419,12610427.0,2637000000.0,2637000000.0
2013-10-29,'600249,两面针,5.75,5.88,5.62,5.84,5.83,-0.08,-1.3722,0.8091,3640973,20888029.0,2587500000.0,2587500000.0
2013-10-28,'600249,两面针,5.83,5.87,5.68,5.76,5.74,0.09,1.5679,0.6867,3090198,17826485.0,2623500000.0,2623500000.0
2013-10-25,'600249,两面针,5.74,5.81,5.62,5.8,5.76,-0.02,-0.3472,0.8221,3699605,21075286.0,2583000000.0,2583000000.0
2013-10-24,'600249,两面针,5.76,5.85,5.74,5.77,5.81,-0.05,-0.8606,0.572,2574035,14900721.0,2592000000.0,2592000000.0
2013-10-23,'600249,两面针,5.81,6.02,5.76,6.0,6.0,-0.19,-3.1667,1.0617,4777576,28009389.0,2614500000.0,2614500000.0
2013-10-22,'600249,两面针,6.0,6.14,5.97,6.14,6.15,-0.15,-2.439,1.1942,5373830,32420561.0,2700000000.0,2700000000.0
2013-10-21,'600249,两面针,6.15,6.19,6.04,6.12,6.11,0.04,0.6547,1.1092,4991311,30536772.0,2767500000.0,2767500000.0
2013-10-18,'600249,两面针,6.11,6.11,6.0,6.04,6.01,0.1,1.6639,0.6959,3131657,19014183.0,2749500000.0,2749500000.0
2013-10-17,'600249,两面针,6.01,6.13,5.98,6.09,6.13,-0.12,-1.9576,1.2427,5591967,33853827.0,2704500000.0,2704500000.0
2013-10-16,'600249,两面针,6.13,6.43,6.06,6.1,6.1,0.03,0.4918,2.7209,12244089,76236615.0,2758500000.0,2758500000.0
2013-10-15,'600249,两面针,6.1,6.16,5.99,6.1,6.13,-0.03,-0.4894,0.988,4446199,26891731.0,2745000000.0,2745000000.0
2013-10-14,'600249,两面针,6.13,6.16,5.93,5.96,5.97,0.16,2.6801,1.7077,7684501,46561639.0,2758500000.0,2758500000.0
2013-10-11,'600249,两面针,5.97,6.02,5.85,5.94,5.93,0.04,0.6745,1.1388,5124785,30363695.0,2686500000.0,2686500000.0
2013-10-10,'600249,两面针,5.93,6.16,5.91,5.95,5.87,0.06,1.0221,1.8239,8207507,49456928.0,2668500000.0,2668500000.0
2013-10-09,'600249,两面针,5.87,5.9,5.72,5.75,5.76,0.11,1.9097,1.1399,5129454,29771017.0,2641500000.0,2641500000.0
2013-10-08,'600249,两面针,5.76,5.77,5.64,5.64,5.7,0.06,1.0526,0.7005,3152204,18013424.0,2592000000.0,2592000000.0
2013-09-30,'600249,两面针,5.7,5.71,5.6,5.61,5.6,0.1,1.7857,0.5322,2395100,13554356.0,2565000000.0,2565000000.0
2013-09-27,'600249,两面针,5.6,5.78,5.59,5.75,5.76,-0.16,-2.7778,0.9018,4058270,23035493.0,2520000000.0,2520000000.0
2013-09-26,'600249,两面针,5.76,5.89,5.68,5.83,5.88,-0.12,-2.0408,0.9979,4490374,26014092.0,2592000000.0,2592000000.0
2013-09-25,'600249,两面针,5.88,5.93,5.78,5.87,5.83,0.05,0.8576,0.9478,4265015,25050740.0,2646000000.0,2646000000.0
2013-09-24,'600249,两面针,5.83,5.97,5.78,5.94,5.97,-0.14,-2.3451,1.1124,5005816,29349464.0,2623500000.0,2623500000.0
2013-09-23,'600249,两面针,5.97,5.97,5.86,5.94,5.94,0.03,0.5051,0.8334,3750129,22160355.0,2686500000.0,2686500000.0
2013-09-18,'600249,两面针,5.94,6.03,5.92,6.01,6.03,-0.09,-1.4925,0.9092,4091357,24362799.0,2673000000.0,2673000000.0
2013-09-17,'600249,两面针,6.03,6.06,5.93,5.94,5.97,0.06,1.005,1.1226,5051736,30378030.0,2713500000.0,2713500000.0
2013-09-16,'600249,两面针,5.97,6.02,5.89,6.02,6.02,-0.05,-0.8306,1.1528,5187428,30816245.0,2686500000.0,2686500000.0
2013-09-13,'600249,两面针,6.02,6.15,5.96,6.08,6.18,-0.16,-2.589,1.751,7879282,47632866.0,2709000000.0,2709000000.0
2013-09-12,'600249,两面针,6.18,6.3,6.02,6.13,6.17,0.01,0.1621,2.7378,12319922,75784581.0,2781000000.0,2781000000.0
2013-09-11,'600249,两面针,6.17,6.46,6.11,6.45,5.91,0.26,4.3993,4.9265,22169197,138923304.0,2776500000.0,2776500000.0
2013-09-10,'600249,两面针,5.91,5.92,5.74,5.77,5.77,0.14,2.4263,1.703,7663516,44739405.0,2659500000.0,2659500000.0
2013-09-09,'600249,两面针,5.77,5.83,5.66,5.73,5.72,0.05,0.8741,1.1006,4952538,28413852.0,2596500000.0,2596500000.0
2013-09-06,'600249,两面针,5.72,5.8,5.64,5.75,5.72,0.0,0.0,0.7329,3298133,18814755.0,2574000000.0,2574000000.0
2013-09-05,'600249,两面针,5.72,5.92,5.7,5.82,5.85,-0.13,-2.2222,0.974,4382944,25239931.0,2574000000.0,2574000000.0
2013-09-04,'600249,两面针,5.85,5.92,5.81,5.91,5.95,-0.1,-1.6807,1.1432,5144592,30091953.0,2632500000.0,2632500000.0
2013-09-03,'600249,两面针,5.95,5.98,5.65,5.68,5.68,0.27,4.7535,1.9575,8808631,51630797.0,2677500000.0,2677500000.0
2013-09-02,'600249,两面针,5.68,5.7,5.58,5.61,5.61,0.07,1.2478,0.7003,3151506,17754941.0,2556000000.0,2556000000.0
2013-08-30,'600249,两面针,5.61,5.72,5.57,5.59,5.59,0.02,0.3578,0.8211,3694959,20837270.0,2524500000.0,2524500000.0
2013-08-29,'600249,两面针,5.59,5.67,5.57,5.57,5.63,-0.04,-0.7105,0.4504,2026935,11380521.0,2515500000.0,2515500000.0
2013-08-28,'600249,两面针,5.63,5.73,5.53,5.73,5.75,-0.12,-2.087,1.0008,4503704,25285452.0,2533500000.0,2533500000.0
2013-08-27,'600249,两面针,5.75,5.79,5.67,5.76,5.76,-0.01,-0.1736,0.7806,3512520,20116654.0,2587500000.0,2587500000.0
2013-08-26,'600249,两面针,5.76,5.77,5.65,5.68,5.64,0.12,2.1277,0.8625,3881149,22246358.0,2592000000.0,2592000000.0
2013-08-23,'600249,两面针,5.64,5.71,5.5,5.62,5.59,0.05,0.8945,1.0652,4793482,26970935.0,2538000000.0,2538000000.0
2013-08-22,'600249,两面针,5.59,5.66,5.55,5.55,5.58,0.01,0.1792,0.794,3572794,20032908.0,2515500000.0,2515500000.0
2013-08-21,'600249,两面针,5.58,5.62,5.5,5.6,5.61,-0.03,-0.5348,1.0169,4576016,25388126.0,2511000000.0,2511000000.0
2013-08-20,'600249,两面针,5.61,5.75,5.54,5.61,5.63,-0.02,-0.3552,1.1378,5120296,28887705.0,2524500000.0,2524500000.0
2013-08-19,'600249,两面针,5.63,5.65,5.45,5.6,5.77,-0.14,-2.4263,2.1463,9658383,53990683.0,2533500000.0,2533500000.0
2013-08-16,'600249,两面针,5.77,6.01,5.76,5.88,5.92,-0.15,-2.5338,1.0468,4710443,27736976.0,2596500000.0,2596500000.0
2013-08-15,'600249,两面针,5.92,6.17,5.9,6.07,6.11,-0.19,-3.1097,1.5202,6840683,41175329.0,2664000000.0,2664000000.0
2013-08-14,'600249,两面针,6.11,6.31,6.06,6.1,6.07,0.04,0.659,1.9469,8760946,54094614.0,2749500000.0,2749500000.0
2013-08-13,'600249,两面针,6.07,6.17,6.0,6.17,6.16,-0.09,-1.461,1.2784,5752989,35008564.0,2731500000.0,2731500000.0
2013-08-12,'600249,两面针,6.16,6.22,5.87,5.9,5.9,0.26,4.4068,1.8812,8465353,51742159.0,2772000000.0,2772000000.0
2013-08-09,'600249,两面针,5.9,5.98,5.78,5.9,5.93,-0.03,-0.5059,1.262,5679192,33388502.0,2655000000.0,2655000000.0
2013-08-08,'600249,两面针,5.93,5.99,5.66,5.68,5.74,0.19,3.3101,2.1397,9628684,56749236.0,2668500000.0,2668500000.0
2013-08-07,'600249,两面针,5.74,5.94,5.72,5.75,5.69,0.05,0.8787,1.4923,6715203,39095888.0,2583000000.0,2583000000.0
2013-08-06,'600249,两面针,5.69,5.73,5.61,5.7,5.68,0.01,0.1761,0.6924,3115738,17714825.0,2560500000.0,2560500000.0
2013-08-05,'600249,两面针,5.68,5.77,5.58,5.67,5.61,0.07,1.2478,1.0896,4903240,27955665.0,2556000000.0,2556000000.0
2013-08-02,'600249,两面针,5.61,5.7,5.45,5.48,5.5,0.11,2.0,1.0596,4768352,26650660.0,2524500000.0,2524500000.0
2013-08-01,'600249,两面针,5.5,5.53,5.41,5.42,5.42,0.08,1.476,0.6784,3052700,16686652.0,2475000000.0,2475000000.0
2013-07-31,'600249,两面针,5.42,5.49,5.33,5.36,5.34,0.08,1.4981,0.5202,2340937,12733377.0,2439000000.0,2439000000.0
2013-07-30,'600249,两面针,5.34,5.41,5.25,5.35,5.35,-0.01,-0.1869,0.5007,2253145,12008125.0,2403000000.0,2403000000.0
2013-07-29,'600249,两面针,5.35,5.52,5.32,5.46,5.46,-0.11,-2.0147,0.6198,2789275,15105616.0,2407500000.0,2407500000.0
2013-07-26,'600249,两面针,5.46,5.54,5.41,5.45,5.46,0.0,0.0,0.5265,2369174,12957422.0,2457000000.0,2457000000.0
2013-07-25,'600249,两面针,5.46,5.71,5.44,5.63,5.67,-0.21,-3.7037,1.0358,4661276,25936127.0,2457000000.0,2457000000.0
2013-07-24,'600249,两面针,5.67,5.76,5.57,5.65,5.65,0.02,0.354,1.5751,7088108,40222196.0,2551500000.0,2551500000.0
2013-07-23,'600249,两面针,5.65,5.71,5.57,5.59,5.62,0.03,0.5338,1.1666,5249577,29534418.0,2542500000.0,2542500000.0
2013-07-22,'600249,两面针,5.62,5.7,5.29,5.54,5.51,0.11,1.9964,1.3307,5988006,33330629.0,2529000000.0,2529000000.0
2013-07-19,'600249,两面针,5.51,5.83,5.37,5.39,5.3,0.21,3.9623,3.0348,13656601,77351347.0,2479500000.0,2479500000.0
2013-07-18,'600249,两面针,5.3,5.39,5.25,5.39,5.36,-0.06,-1.1194,0.6826,3071559,16332534.0,2385000000.0,2385000000.0
2013-07-17,'600249,两面针,5.36,5.54,5.35,5.43,5.44,-0.08,-1.4706,0.8187,3684370,20030173.0,2412000000.0,2412000000.0
2013-07-16,'600249,两面针,5.44,5.47,5.3,5.38,5.4,0.04,0.7407,0.9221,4149291,22368712.0,2448000000.0,2448000000.0
2013-07-15,'600249,XD两面针,5.4,5.49,5.23,5.28,5.15,0.25,4.8544,1.2627,5682102,30499621.0,2430000000.0,2430000000.0
2013-07-12,'600249,两面针,5.2,5.23,5.13,5.16,5.18,0.02,0.3861,0.918,4130945,21405117.0,2340000000.0,2340000000.0
2013-07-11,'600249,两面针,5.18,5.27,5.07,5.09,5.1,0.08,1.5686,0.9967,4484932,23348996.0,2331000000.0,2331000000.0
2013-07-10,'600249,两面针,5.1,5.13,4.88,4.89,4.91,0.19,3.8697,0.7655,3444892,17409910.0,2295000000.0,2295000000.0
2013-07-09,'600249,两面针,4.91,4.95,4.82,4.89,4.89,0.02,0.409,0.3763,1693400,8274332.0,2209500000.0,2209500000.0
2013-07-08,'600249,两面针,4.89,5.08,4.85,5.08,5.11,-0.22,-4.3053,0.7607,3423086,16869037.0,2200500000.0,2200500000.0
2013-07-05,'600249,两面针,5.11,5.22,5.08,5.11,5.11,0.0,0.0,0.9945,4475128,22980999.0,2299500000.0,2299500000.0
2013-07-04,'600249,两面针,5.11,5.2,5.03,5.06,5.08,0.03,0.5906,0.793,3568427,18279564.0,2299500000.0,2299500000.0
2013-07-03,'600249,两面针,5.08,5.13,4.94,5.09,5.08,0.0,0.0,0.7238,3256924,16418105.0,2286000000.0,2286000000.0
2013-07-02,'600249,两面针,5.08,5.16,5.01,5.05,5.08,0.0,0.0,0.526,2366780,12008299.0,2286000000.0,2286000000.0
2013-07-01,'600249,两面针,5.08,5.14,4.61,4.93,4.94,0.14,2.834,1.1378,5120240,25446924.0,2286000000.0,2286000000.0
2013-06-28,'600249,两面针,4.94,4.98,4.76,4.88,4.95,-0.01,-0.202,0.9983,4492404,21920795.0,2223000000.0,2223000000.0
2013-06-27,'600249,两面针,4.95,5.11,4.93,4.95,5.0,-0.05,-1.0,1.3484,6067969,30459013.0,2227500000.0,2227500000.0
2013-06-26,'600249,两面针,5.0,5.09,4.85,5.01,5.07,-0.07,-1.3807,1.8472,8312212,41096652.0,2250000000.0,2250000000.0
2013-06-25,'600249,两面针,5.07,5.2,4.85,5.2,5.39,-0.32,-5.9369,3.5321,15894646,79156460.0,2281500000.0,2281500000.0
2013-06-24,'600249,两面针,5.39,5.87,5.33,5.63,5.65,-0.26,-4.6018,3.8387,17273962,98002269.0,2425500000.0,2425500000.0
2013-06-21,'600249,两面针,5.65,5.66,5.37,5.63,5.63,0.02,0.3552,1.6136,7261029,40200073.0,2542500000.0,2542500000.0
2013-06-20,'600249,两面针,5.63,5.77,5.41,5.49,5.54,0.09,1.6245,2.293,10318538,57824023.0,2533500000.0,2533500000.0
2013-06-19,'600249,两面针,5.54,5.7,5.3,5.36,5.38,0.16,2.974,2.7786,12503706,69519884.0,2493000000.0,2493000000.0
2013-06-18,'600249,两面针,5.38,5.41,5.24,5.31,5.35,0.03,0.5607,1.0402,4680694,24956544.0,2421000000.0,2421000000.0
2013-06-17,'600249,两面针,5.35,5.47,5.29,5.4,5.48,-0.13,-2.3723,1.2418,5587978,30047004.0,2407500000.0,2407500000.0
2013-06-14,'600249,两面针,5.48,5.55,5.22,5.41,5.43,0.05,0.9208,1.8844,8479977,45635110.0,2466000000.0,2466000000.0
2013-06-13,'600249,两面针,5.43,5.67,5.39,5.63,5.68,-0.25,-4.4014,1.8563,8353416,45940516.0,2443500000.0,2443500000.0
2013-06-07,'600249,两面针,5.68,5.92,5.52,5.62,5.63,0.05,0.8881,4.0255,18114672,103144051.0,2556000000.0,2556000000.0
2013-06-06,'600249,两面针,5.63,5.63,5.06,5.1,5.12,0.51,9.9609,3.6565,16454298,90308540.0,2533500000.0,2533500000.0
2013-06-05,'600249,两面针,5.12,5.22,5.06,5.16,5.18,-0.06,-1.1583,0.7087,3189112,16334819.0,2304000000.0,2304000000.0
2013-06-04,'600249,两面针,5.18,5.38,5.16,5.34,5.3,-0.12,-2.2642,0.6668,3000702,15748934.0,2331000000.0,2331000000.0
2013-06-03,'600249,两面针,5.3,5.35,5.26,5.34,5.31,-0.01,-0.1883,0.5988,2694489,14296661.0,2385000000.0,2385000000.0
2013-05-31,'600249,两面针,5.31,5.4,5.29,5.38,5.38,-0.07,-1.3011,0.606,2727095,14509195.0,2389500000.0,2389500000.0
2013-05-30,'600249,两面针,5.38,5.43,5.29,5.35,5.36,0.02,0.3731,0.8635,3885914,20803024.0,2421000000.0,2421000000.0
2013-05-29,'600249,两面针,5.36,5.47,5.29,5.37,5.4,-0.04,-0.7407,1.1836,5326324,28446298.0,2412000000.0,2412000000.0
2013-05-28,'600249,两面针,5.4,5.54,5.2,5.22,5.21,0.19,3.6468,1.8838,8476988,45782725.0,2430000000.0,2430000000.0
2013-05-27,'600249,两面针,5.21,5.26,5.15,5.2,5.2,0.01,0.1923,0.6474,2913189,15151979.0,2344500000.0,2344500000.0
2013-05-24,'600249,两面针,5.2,5.22,5.02,5.03,5.02,0.18,3.5857,1.1425,5141426,26396978.0,2340000000.0,2340000000.0
2013-05-23,'600249,两面针,5.02,5.06,5.0,5.04,5.03,-0.01,-0.1988,0.6304,2836715,14263840.0,2259000000.0,2259000000.0
2013-05-22,'600249,两面针,5.03,5.14,5.01,5.13,5.12,-0.09,-1.7578,0.7927,3567014,18078997.0,2263500000.0,2263500000.0
2013-05-21,'600249,两面针,5.12,5.15,5.07,5.1,5.12,0.0,0.0,0.6749,3036931,15536095.0,2304000000.0,2304000000.0
2013-05-20,'600249,两面针,5.12,5.12,4.98,4.99,5.01,0.11,2.1956,0.9451,4252775,21517471.0,2304000000.0,2304000000.0
2013-05-17,'600249,两面针,5.01,5.03,4.97,4.99,5.0,0.01,0.2,0.481,2164648,10828163.0,2254500000.0,2254500000.0
2013-05-16,'600249,两面针,5.0,5.02,4.94,4.96,4.96,0.04,0.8065,0.5476,2464256,12304904.0,2250000000.0,2250000000.0
2013-05-15,'600249,两面针,4.96,5.01,4.9,4.91,4.87,0.09,1.848,0.6656,2995163,14893515.0,2232000000.0,2232000000.0
2013-05-14,'600249,两面针,4.87,4.98,4.85,4.91,4.92,-0.05,-1.0163,0.4028,1812586,8883591.0,2191500000.0,2191500000.0
2013-05-13,'600249,两面针,4.92,4.96,4.89,4.94,4.93,-0.01,-0.2028,0.2709,1218978,5988503.0,2214000000.0,2214000000.0
2013-05-10,'600249,两面针,4.93,4.96,4.82,4.89,4.9,0.03,0.6122,0.5144,2314869,11417982.0,2218500000.0,2218500000.0
2013-05-09,'600249,两面针,4.9,4.97,4.84,4.92,4.9,0.0,0.0,0.7574,3408158,16712582.0,2205000000.0,2205000000.0
2013-05-08,'600249,两面针,4.9,5.0,4.83,4.85,4.87,0.03,0.616,0.9155,4119815,20343385.0,2205000000.0,2205000000.0
2013-05-07,'600249,两面针,4.87,4.88,4.72,4.79,4.77,0.1,2.0964,0.7506,3377541,16198600.0,2191500000.0,2191500000.0
2013-05-06,'600249,两面针,4.77,4.78,4.69,4.74,4.73,0.04,0.8457,0.7925,3566093,16946541.0,2146500000.0,2146500000.0
2013-05-03,'600249,两面针,4.73,4.77,4.63,4.74,4.65,0.08,1.7204,0.6411,2884850,13606403.0,2128500000.0,2128500000.0
2013-05-02,'600249,两面针,4.65,4.71,4.52,4.55,4.61,0.04,0.8677,0.811,3649512,16905215.0,2092500000.0,2092500000.0
2013-04-26,'600249,两面针,4.61,4.84,4.4,4.83,4.82,-0.21,-4.3568,2.3015,10356604,47401580.0,2074500000.0,2074500000.0
2013-04-25,'600249,两面针,4.82,4.92,4.79,4.87,4.9,-0.08,-1.6327,0.8597,3868584,18729872.0,2169000000.0,2169000000.0
2013-04-24,'600249,两面针,4.9,4.98,4.86,4.94,4.91,-0.01,-0.2037,0.878,3951118,19493579.0,2205000000.0,2205000000.0
2013-04-23,'600249,两面针,4.91,5.18,4.87,5.14,5.15,-0.24,-4.6602,1.1355,5109899,25549280.0,2209500000.0,2209500000.0
2013-04-22,'600249,两面针,5.15,5.21,5.13,5.15,5.2,-0.05,-0.9615,0.8282,3726770,19265107.0,2317500000.0,2317500000.0
2013-04-19,'600249,两面针,5.2,5.23,5.07,5.09,5.09,0.11,2.1611,1.1256,5064990,26191117.0,2340000000.0,2340000000.0
2013-04-18,'600249,两面针,5.09,5.14,5.04,5.07,5.09,0.0,0.0,0.687,3091682,15752120.0,2290500000.0,2290500000.0
2013-04-17,'600249,两面针,5.09,5.13,5.06,5.12,5.13,-0.04,-0.7797,0.5229,2353061,11983738.0,2290500000.0,2290500000.0
2013-04-16,'600249,两面针,5.13,5.13,4.96,5.01,5.11,0.02,0.3914,1.1871,5341954,26942900.0,2308500000.0,2308500000.0
2013-04-15,'600249,两面针,5.11,5.28,5.1,5.25,5.23,-0.12,-2.2945,0.9618,4328278,22417446.0,2299500000.0,2299500000.0
2013-04-12,'600249,两面针,5.23,5.24,5.13,5.18,5.22,0.01,0.1916,1.6921,7614594,39534468.0,2353500000.0,2353500000.0
2013-04-11,'600249,两面针,5.22,5.35,5.2,5.35,5.29,-0.07,-1.3233,2.0446,9200862,48326162.0,2349000000.0,2349000000.0
2013-04-10,'600249,两面针,5.29,5.47,5.23,5.38,5.5,-0.21,-3.8182,3.3306,14987654,79829809.0,2380500000.0,2380500000.0
2013-04-09,'600249,两面针,5.5,5.7,5.41,5.57,6.0,-0.5,-8.3333,8.7415,39336810,218406628.0,2475000000.0,2475000000.0
2013-04-08,'600249,两面针,0.0,0.0,0.0,0.0,6.0,None,None,0.0,0,0.0,2700000000.0,2700000000.0
2013-04-03,'600249,两面针,6.0,6.0,5.92,6.0,5.45,0.55,10.0917,6.9137,31111736,186645435.0,2700000000.0,2700000000.0
2013-04-02,'600249,两面针,5.45,5.46,5.3,5.42,5.38,0.07,1.3011,1.0489,4719959,25367929.0,2452500000.0,2452500000.0
2013-04-01,'600249,两面针,5.38,5.52,5.18,5.18,5.18,0.2,3.861,0.9101,4095438,22044542.0,2421000000.0,2421000000.0
2013-03-29,'600249,两面针,5.18,5.26,5.17,5.23,5.25,-0.07,-1.3333,0.3143,1414450,7359085.0,2331000000.0,2331000000.0
2013-03-28,'600249,两面针,5.25,5.29,5.11,5.29,5.31,-0.06,-1.1299,0.6505,2927411,15208210.0,2362500000.0,2362500000.0
2013-03-27,'600249,两面针,5.31,5.4,5.26,5.32,5.33,-0.02,-0.3752,0.4411,1985063,10558665.0,2389500000.0,2389500000.0
2013-03-26,'600249,两面针,5.33,5.45,5.29,5.42,5.47,-0.14,-2.5594,0.6627,2982047,15876850.0,2398500000.0,2398500000.0
2013-03-25,'600249,两面针,5.47,5.48,5.37,5.39,5.43,0.04,0.7366,0.6564,2953919,16040782.0,2461500000.0,2461500000.0
2013-03-22,'600249,两面针,5.43,5.49,5.21,5.3,5.27,0.16,3.0361,1.1884,5347691,28940693.0,2443500000.0,2443500000.0
2013-03-21,'600249,两面针,5.27,5.32,5.22,5.27,5.27,0.0,0.0,0.4816,2167280,11430963.0,2371500000.0,2371500000.0
2013-03-20,'600249,两面针,5.27,5.34,5.08,5.1,5.1,0.17,3.3333,0.6808,3063548,16044130.0,2371500000.0,2371500000.0
2013-03-19,'600249,两面针,5.1,5.17,5.0,5.08,5.08,0.02,0.3937,0.5727,2577228,13091877.0,2295000000.0,2295000000.0
2013-03-18,'600249,两面针,5.08,5.19,5.07,5.19,5.19,-0.11,-2.1195,0.2897,1303861,6681088.0,2286000000.0,2286000000.0
2013-03-15,'600249,两面针,5.19,5.3,5.15,5.18,5.22,-0.03,-0.5747,0.3625,1631295,8518956.0,2335500000.0,2335500000.0
2013-03-14,'600249,两面针,5.22,5.26,5.1,5.16,5.16,0.06,1.1628,0.3566,1604917,8338064.0,2349000000.0,2349000000.0
2013-03-13,'600249,两面针,5.16,5.22,5.08,5.14,5.15,0.01,0.1942,0.5126,2306498,11847562.0,2322000000.0,2322000000.0
2013-03-12,'600249,两面针,5.15,5.34,5.09,5.32,5.32,-0.17,-3.1955,0.6763,3043229,15798138.0,2317500000.0,2317500000.0
2013-03-11,'600249,两面针,5.32,5.46,5.29,5.41,5.38,-0.06,-1.1152,0.4128,1857379,9927898.0,2394000000.0,2394000000.0
2013-03-08,'600249,两面针,5.38,5.49,5.32,5.36,5.33,0.05,0.9381,0.5044,2269869,12247535.0,2421000000.0,2421000000.0
2013-03-07,'600249,两面针,5.33,5.46,5.29,5.39,5.48,-0.15,-2.7372,0.7874,3543101,19011189.0,2398500000.0,2398500000.0
2013-03-06,'600249,两面针,5.48,5.55,5.41,5.42,5.37,0.11,2.0484,0.8312,3740243,20447949.0,2466000000.0,2466000000.0
2013-03-05,'600249,两面针,5.37,5.41,5.26,5.31,5.31,0.06,1.1299,0.6142,2763958,14765491.0,2416500000.0,2416500000.0
2013-03-04,'600249,两面针,5.31,5.52,5.28,5.52,5.61,-0.3,-5.3476,1.0388,4674706,25241990.0,2389500000.0,2389500000.0
2013-03-01,'600249,两面针,5.61,5.64,5.45,5.6,5.6,0.01,0.1786,0.868,3906201,21708539.0,2524500000.0,2524500000.0
2013-02-28,'600249,两面针,5.6,5.67,5.43,5.67,5.6,0.0,0.0,0.9606,4322717,24077727.0,2520000000.0,2520000000.0
2013-02-27,'600249,两面针,5.6,5.75,5.57,5.68,5.68,-0.08,-1.4085,0.6799,3059381,17246947.0,2520000000.0,2520000000.0
2013-02-26,'600249,两面针,5.68,5.82,5.67,5.8,5.8,-0.12,-2.069,0.6586,2963912,17048044.0,2556000000.0,2556000000.0
2013-02-25,'600249,两面针,5.8,5.83,5.6,5.7,5.7,0.1,1.7544,0.9147,4116309,23625212.0,2610000000.0,2610000000.0
2013-02-22,'600249,两面针,5.7,5.87,5.56,5.62,5.62,0.08,1.4235,1.4548,6546526,37525379.0,2565000000.0,2565000000.0
2013-02-21,'600249,两面针,5.62,5.88,5.61,5.83,5.91,-0.29,-4.9069,1.4834,6675157,38067692.0,2529000000.0,2529000000.0
2013-02-20,'600249,两面针,5.91,5.98,5.78,5.84,5.92,-0.01,-0.1689,0.7985,3593082,21157279.0,2659500000.0,2659500000.0
2013-02-19,'600249,两面针,5.92,5.95,5.55,5.75,5.8,0.12,2.069,1.9077,8584482,49935040.0,2664000000.0,2664000000.0
2013-02-18,'600249,两面针,5.8,5.94,5.77,5.92,5.88,-0.08,-1.3605,0.8037,3616790,21070695.0,2610000000.0,2610000000.0
2013-02-08,'600249,两面针,5.88,5.9,5.58,5.58,5.6,0.28,5.0,1.5509,6979184,40398047.0,2646000000.0,2646000000.0
2013-02-07,'600249,两面针,5.6,5.72,5.55,5.72,5.72,-0.12,-2.0979,1.0623,4780444,26834640.0,2520000000.0,2520000000.0
2013-02-06,'600249,两面针,5.72,5.83,5.65,5.68,5.73,-0.01,-0.1745,0.8983,4042129,23161685.0,2574000000.0,2574000000.0
2013-02-05,'600249,两面针,5.73,5.77,5.55,5.56,5.65,0.08,1.4159,1.4218,6397959,36272918.0,2578500000.0,2578500000.0
2013-02-04,'600249,两面针,5.65,5.9,5.61,5.68,5.7,-0.05,-0.8772,1.8216,8197388,47042061.0,2542500000.0,2542500000.0
2013-02-01,'600249,两面针,5.7,5.75,5.36,5.4,5.49,0.21,3.8251,2.3465,10559395,58748303.0,2565000000.0,2565000000.0
2013-01-31,'600249,两面针,5.49,5.59,5.23,5.23,5.22,0.27,5.1724,2.9519,13283397,72118536.0,2470500000.0,2470500000.0
2013-01-30,'600249,两面针,5.22,5.55,5.2,5.23,5.21,0.01,0.1919,1.3731,6178958,32856384.0,2349000000.0,2349000000.0
2013-01-29,'600249,两面针,5.21,5.26,5.12,5.19,5.19,0.02,0.3854,1.1741,5283510,27471038.0,2344500000.0,2344500000.0
2013-01-28,'600249,两面针,5.19,5.21,5.07,5.09,5.12,0.07,1.3672,1.3449,6052237,31124543.0,2335500000.0,2335500000.0
2013-01-25,'600249,两面针,5.12,5.26,4.89,4.9,4.93,0.19,3.854,1.5036,6766022,34362527.0,2304000000.0,2304000000.0
2013-01-24,'600249,两面针,4.93,5.12,4.89,5.03,5.05,-0.12,-2.3762,1.6347,7356302,36880407.0,2218500000.0,2218500000.0
2013-01-23,'600249,两面针,5.05,5.16,4.96,4.96,4.96,0.09,1.8145,1.5427,6942271,35174777.0,2272500000.0,2272500000.0
2013-01-22,'600249,两面针,4.96,4.99,4.87,4.94,4.93,0.03,0.6085,1.0461,4707650,23194148.0,2232000000.0,2232000000.0
2013-01-21,'600249,两面针,4.93,4.98,4.89,4.89,4.92,0.01,0.2033,0.7267,3270085,16121633.0,2218500000.0,2218500000.0
2013-01-18,'600249,两面针,4.92,5.02,4.88,5.0,4.91,0.01,0.2037,1.4393,6476811,32015539.0,2214000000.0,2214000000.0
2013-01-17,'600249,两面针,4.91,5.01,4.85,4.9,4.91,0.0,0.0,1.3572,6107197,30169466.0,2209500000.0,2209500000.0
2013-01-16,'600249,两面针,4.91,4.97,4.82,4.9,4.96,-0.05,-1.0081,1.6597,7468623,36473210.0,2209500000.0,2209500000.0
2013-01-15,'600249,两面针,4.96,5.05,4.75,4.8,4.93,0.03,0.6085,3.5481,15966399,78542996.0,2232000000.0,2232000000.0
2013-01-14,'600249,两面针,4.93,5.01,4.53,4.53,4.55,0.38,8.3516,4.6104,20746994,101654396.0,2218500000.0,2218500000.0
2013-01-11,'600249,两面针,4.55,4.68,4.53,4.67,4.67,-0.12,-2.5696,0.6413,2886058,13252863.0,2047500000.0,2047500000.0
2013-01-10,'600249,两面针,4.67,4.68,4.62,4.63,4.64,0.03,0.6466,0.5674,2553252,11874643.0,2101500000.0,2101500000.0
2013-01-09,'600249,两面针,4.64,4.69,4.59,4.66,4.67,-0.03,-0.6424,0.7774,3498280,16232031.0,2088000000.0,2088000000.0
2013-01-08,'600249,两面针,4.67,4.72,4.64,4.7,4.71,-0.04,-0.8493,0.7005,3152208,14725377.0,2101500000.0,2101500000.0
2013-01-07,'600249,两面针,4.71,4.74,4.65,4.68,4.72,-0.01,-0.2119,0.5681,2556437,12003744.0,2119500000.0,2119500000.0
2013-01-04,'600249,两面针,4.72,4.8,4.61,4.65,4.61,0.11,2.3861,1.3966,6284712,29490027.0,2124000000.0,2124000000.0
2012-12-31,'600249,两面针,4.61,4.64,4.56,4.58,4.57,0.04,0.8753,0.72,3239979,14920994.0,2074500000.0,2074500000.0
2012-12-28,'600249,两面针,4.57,4.58,4.48,4.5,4.5,0.07,1.5556,0.6877,3094508,14047466.0,2056500000.0,2056500000.0
2012-12-27,'600249,两面针,4.5,4.65,4.49,4.55,4.54,-0.04,-0.8811,0.8464,3808839,17375822.0,2025000000.0,2025000000.0
2012-12-26,'600249,两面针,4.54,4.55,4.5,4.5,4.5,0.04,0.8889,0.6522,2935056,13267827.0,2043000000.0,2043000000.0
2012-12-25,'600249,两面针,4.5,4.53,4.4,4.44,4.43,0.07,1.5801,0.7129,3208139,14393256.0,2025000000.0,2025000000.0
2012-12-24,'600249,两面针,4.43,4.46,4.4,4.45,4.44,-0.01,-0.2252,0.3796,1708339,7569384.0,1993500000.0,1993500000.0
2012-12-21,'600249,两面针,4.44,4.46,4.38,4.4,4.39,0.05,1.139,0.6634,2985294,13176960.0,1998000000.0,1998000000.0
2012-12-20,'600249,两面针,4.39,4.41,4.34,4.38,4.4,-0.01,-0.2273,0.3272,1472315,6449549.0,1975500000.0,1975500000.0
2012-12-19,'600249,两面针,4.4,4.45,4.39,4.4,4.42,-0.02,-0.4525,0.4093,1841808,8140003.0,1980000000.0,1980000000.0
2012-12-18,'600249,两面针,4.42,4.46,4.37,4.41,4.41,0.01,0.2268,0.5253,2363834,10424779.0,1989000000.0,1989000000.0
2012-12-17,'600249,两面针,4.41,4.47,4.37,4.44,4.4,0.01,0.2273,0.5885,2648281,11684412.0,1984500000.0,1984500000.0
2012-12-14,'600249,两面针,4.4,4.42,4.21,4.21,4.23,0.17,4.0189,0.8489,3820026,16638303.0,1980000000.0,1980000000.0
2012-12-13,'600249,两面针,4.23,4.3,4.22,4.27,4.27,-0.04,-0.9368,0.276,1242166,5288184.0,1903500000.0,1903500000.0
2012-12-12,'600249,两面针,4.27,4.35,4.25,4.3,4.3,-0.03,-0.6977,0.3495,1572600,6730173.0,1921500000.0,1921500000.0
2012-12-11,'600249,两面针,4.3,4.43,4.3,4.35,4.35,-0.05,-1.1494,0.376,1691810,7363253.0,1935000000.0,1935000000.0
2012-12-10,'600249,两面针,4.35,4.36,4.25,4.31,4.32,0.03,0.6944,0.4175,1878776,8130886.0,1957500000.0,1957500000.0
2012-12-07,'600249,两面针,4.32,4.33,4.22,4.24,4.25,0.07,1.6471,0.3572,1607242,6888141.0,1944000000.0,1944000000.0
2012-12-06,'600249,两面针,4.25,4.29,4.21,4.25,4.23,0.02,0.4728,0.2466,1109561,4713902.0,1912500000.0,1912500000.0
2012-12-05,'600249,两面针,4.23,4.27,4.08,4.11,4.1,0.13,3.1707,0.4413,1985962,8351469.0,1903500000.0,1903500000.0
2012-12-04,'600249,两面针,4.1,4.13,4.02,4.06,4.06,0.04,0.9852,0.2066,929586,3782557.0,1845000000.0,1845000000.0
2012-12-03,'600249,两面针,4.06,4.14,4.05,4.13,4.13,-0.07,-1.6949,0.1849,832070,3405199.0,1827000000.0,1827000000.0
2012-11-30,'600249,两面针,4.13,4.14,4.07,4.07,4.07,0.06,1.4742,0.1646,740598,3041712.0,1858500000.0,1858500000.0
2012-11-29,'600249,两面针,4.07,4.15,4.05,4.12,4.1,-0.03,-0.7317,0.1434,645288,2649546.0,1831500000.0,1831500000.0
2012-11-28,'600249,两面针,4.1,4.22,4.08,4.21,4.22,-0.12,-2.8436,0.2929,1317900,5438641.0,1845000000.0,1845000000.0
2012-11-27,'600249,两面针,4.22,4.42,4.21,4.42,4.43,-0.21,-4.7404,0.4079,1835658,7858714.0,1899000000.0,1899000000.0
2012-11-26,'600249,两面针,4.43,4.5,4.41,4.5,4.5,-0.07,-1.5556,0.1914,861323,3839372.0,1993500000.0,1993500000.0
2012-11-23,'600249,两面针,4.5,4.54,4.48,4.51,4.48,0.02,0.4464,0.22,990100,4469917.0,2025000000.0,2025000000.0
2012-11-22,'600249,两面针,4.48,4.59,4.47,4.55,4.56,-0.08,-1.7544,0.1871,842021,3798924.0,2016000000.0,2016000000.0
2012-11-21,'600249,两面针,4.56,4.57,4.46,4.51,4.49,0.07,1.559,0.1933,869800,3928264.0,2052000000.0,2052000000.0
2012-11-20,'600249,两面针,4.49,4.55,4.48,4.52,4.52,-0.03,-0.6637,0.1204,541886,2446606.0,2020500000.0,2020500000.0
2012-11-19,'600249,两面针,4.52,4.57,4.45,4.54,4.55,-0.03,-0.6593,0.2276,1024260,4608301.0,2034000000.0,2034000000.0
2012-11-16,'600249,两面针,4.55,4.57,4.49,4.52,4.56,-0.01,-0.2193,0.193,868701,3929934.0,2047500000.0,2047500000.0
2012-11-15,'600249,两面针,4.56,4.61,4.52,4.58,4.58,-0.02,-0.4367,0.2519,1133751,5184158.0,2052000000.0,2052000000.0
2012-11-14,'600249,两面针,4.58,4.6,4.53,4.6,4.59,-0.01,-0.2179,0.1653,743650,3392136.0,2061000000.0,2061000000.0
2012-11-13,'600249,两面针,4.59,4.71,4.52,4.65,4.67,-0.08,-1.7131,0.3185,1433238,6610606.0,2065500000.0,2065500000.0
2012-11-12,'600249,两面针,4.67,4.68,4.58,4.62,4.62,0.05,1.0823,0.2631,1183956,5467112.0,2101500000.0,2101500000.0
2012-11-09,'600249,两面针,4.62,4.69,4.6,4.6,4.68,-0.06,-1.2821,0.3166,1424756,6592495.0,2079000000.0,2079000000.0
2012-11-08,'600249,两面针,4.68,4.84,4.67,4.84,4.86,-0.18,-3.7037,0.4729,2128087,10111658.0,2106000000.0,2106000000.0
2012-11-07,'600249,两面针,4.86,4.91,4.82,4.84,4.85,0.01,0.2062,0.2483,1117382,5431697.0,2187000000.0,2187000000.0
2012-11-06,'600249,两面针,4.85,4.9,4.78,4.89,4.88,-0.03,-0.6148,0.3163,1423519,6864400.0,2182500000.0,2182500000.0
2012-11-05,'600249,两面针,4.88,4.92,4.85,4.88,4.89,-0.01,-0.2045,0.2623,1180467,5757083.0,2196000000.0,2196000000.0
2012-11-02,'600249,两面针,4.89,4.92,4.82,4.84,4.84,0.05,1.0331,0.3789,1704908,8313187.0,2200500000.0,2200500000.0
2012-11-01,'600249,两面针,4.84,4.85,4.75,4.75,4.74,0.1,2.1097,0.3425,1541105,7410313.0,2178000000.0,2178000000.0
2012-10-31,'600249,两面针,4.74,4.83,4.72,4.83,4.8,-0.06,-1.25,0.2499,1124560,5352887.0,2133000000.0,2133000000.0
2012-10-30,'600249,两面针,4.8,4.88,4.76,4.84,4.83,-0.03,-0.6211,0.2715,1221820,5893308.0,2160000000.0,2160000000.0
2012-10-29,'600249,两面针,4.83,4.85,4.7,4.82,4.82,0.01,0.2075,0.3954,1779302,8508343.0,2173500000.0,2173500000.0
2012-10-26,'600249,两面针,4.82,4.92,4.75,4.88,4.93,-0.11,-2.2312,0.5198,2339018,11265052.0,2169000000.0,2169000000.0
2012-10-25,'600249,两面针,4.93,5.08,4.91,4.97,4.98,-0.05,-1.004,0.7063,3178324,15838808.0,2218500000.0,2218500000.0
2012-10-24,'600249,两面针,4.98,5.02,4.79,4.84,4.84,0.14,2.8926,0.8662,3897979,19087213.0,2241000000.0,2241000000.0
2012-10-23,'600249,两面针,4.84,4.97,4.84,4.95,4.97,-0.13,-2.6157,0.5737,2581747,12654603.0,2178000000.0,2178000000.0
2012-10-22,'600249,两面针,4.97,4.97,4.82,4.85,4.84,0.13,2.686,0.8815,3966550,19473649.0,2236500000.0,2236500000.0
2012-10-19,'600249,两面针,4.84,4.87,4.81,4.83,4.86,-0.02,-0.4115,0.4469,2011103,9724617.0,2178000000.0,2178000000.0
2012-10-18,'600249,两面针,4.86,4.9,4.78,4.82,4.82,0.04,0.8299,0.6548,2946515,14311816.0,2187000000.0,2187000000.0
2012-10-17,'600249,两面针,4.82,4.88,4.73,4.83,4.88,-0.06,-1.2295,0.8035,3615576,17352474.0,2169000000.0,2169000000.0
2012-10-16,'600249,两面针,4.88,5.18,4.69,4.7,4.71,0.17,3.6093,1.9099,8594511,42195387.0,2196000000.0,2196000000.0
2012-10-15,'600249,两面针,4.71,4.73,4.64,4.66,4.66,0.05,1.073,0.4551,2048060,9597170.0,2119500000.0,2119500000.0
2012-10-12,'600249,两面针,4.66,4.8,4.64,4.72,4.7,-0.04,-0.8511,0.3671,1652029,7750755.0,2097000000.0,2097000000.0
2012-10-11,'600249,两面针,4.7,4.75,4.65,4.75,4.73,-0.03,-0.6342,0.3977,1789603,8412814.0,2115000000.0,2115000000.0
2012-10-10,'600249,两面针,4.73,4.74,4.66,4.67,4.71,0.02,0.4246,0.4925,2216227,10433564.0,2128500000.0,2128500000.0
2012-10-09,'600249,两面针,4.71,4.72,4.6,4.6,4.6,0.11,2.3913,0.5286,2378717,11132351.0,2119500000.0,2119500000.0
2012-10-08,'600249,两面针,4.6,4.67,4.56,4.61,4.58,0.02,0.4367,0.3876,1744354,8036578.0,2070000000.0,2070000000.0
2012-09-28,'600249,两面针,4.58,4.59,4.48,4.51,4.54,0.04,0.8811,0.3173,1428053,6513268.0,2061000000.0,2061000000.0
2012-09-27,'600249,两面针,4.54,4.6,4.41,4.45,4.45,0.09,2.0225,0.5017,2257532,10230341.0,2043000000.0,2043000000.0
2012-09-26,'600249,两面针,4.45,4.5,4.4,4.47,4.46,-0.01,-0.2242,0.2313,1040761,4619134.0,2002500000.0,2002500000.0
2012-09-25,'600249,两面针,4.46,4.57,4.45,4.52,4.57,-0.11,-2.407,0.3622,1371500,6181842.0,2007000000.0,1688913607.26
2012-09-24,'600249,两面针,4.57,4.63,4.5,4.62,4.65,-0.08,-1.7204,0.6999,2650269,12066541.0,2056500000.0,1730568427.17
2012-09-21,'600249,两面针,4.65,4.89,4.61,4.61,4.71,-0.06,-1.2739,0.6582,2492375,11770887.0,2092500000.0,1760862841.65
2012-09-20,'600249,两面针,4.71,4.84,4.56,4.81,4.85,-0.14,-2.8866,1.1562,4378464,20522887.0,2119500000.0,1783583652.51
2012-09-19,'600249,两面针,4.85,4.9,4.66,4.67,4.7,0.15,3.1915,1.6827,6372127,30743204.0,2182500000.0,1836598877.85
2012-09-18,'600249,两面针,4.7,4.72,4.64,4.67,4.73,-0.03,-0.6342,0.3731,1412871,6609362.0,2115000000.0,1779796850.7
2012-09-17,'600249,两面针,4.73,4.78,4.56,4.71,4.72,0.01,0.2119,0.8441,3196388,14951380.0,2128500000.0,1791157256.13
2012-09-14,'600249,两面针,4.72,4.77,4.68,4.76,4.76,-0.04,-0.8403,0.6274,2375774,11223674.0,2124000000.0,1787370454.32
2012-09-13,'600249,两面针,4.76,4.78,4.66,4.73,4.72,0.04,0.8475,0.9606,3637743,17218202.0,2142000000.0,1802517661.56
2012-09-12,'600249,两面针,4.72,4.77,4.68,4.69,4.68,0.04,0.8547,0.6298,2384919,11271427.0,2124000000.0,1787370454.32
2012-09-11,'600249,两面针,4.68,4.7,4.63,4.7,4.72,-0.04,-0.8475,0.5252,1988956,9276529.0,2106000000.0,1772223247.08
2012-09-10,'600249,两面针,4.72,4.74,4.66,4.69,4.7,0.02,0.4255,0.6241,2363194,11123400.0,2124000000.0,1787370454.32
2012-09-07,'600249,两面针,4.7,4.75,4.55,4.56,4.54,0.16,3.5242,0.9437,3573578,16673989.0,2115000000.0,1779796850.7
2012-09-06,'600249,两面针,4.54,4.55,4.48,4.5,4.47,0.07,1.566,0.3852,1458674,6578871.0,2043000000.0,1719208021.74
2012-09-05,'600249,两面针,4.47,4.51,4.42,4.45,4.45,0.02,0.4494,0.2203,834363,3729213.0,2011500000.0,1692700409.07
2012-09-04,'600249,两面针,4.45,4.57,4.43,4.57,4.51,-0.06,-1.3304,0.2893,1095483,4916504.0,2002500000.0,1685126805.45
2012-09-03,'600249,两面针,4.51,4.56,4.42,4.45,4.47,0.04,0.8949,0.2725,1031736,4646930.0,2029500000.0,1707847616.31
2012-08-31,'600249,两面针,4.47,4.5,4.37,4.4,4.4,0.07,1.5909,0.3163,1197919,5314214.0,2011500000.0,1692700409.07
2012-08-30,'600249,两面针,4.4,4.49,4.34,4.42,4.46,-0.06,-1.3453,0.3811,1443058,6385357.0,1980000000.0,1666192796.4
2012-08-29,'600249,两面针,4.46,4.51,4.45,4.47,4.47,-0.01,-0.2237,0.2208,836101,3738400.0,2007000000.0,1688913607.26
2012-08-28,'600249,两面针,4.47,4.5,4.41,4.42,4.42,0.05,1.1312,0.2298,870189,3876019.0,2011500000.0,1692700409.07
2012-08-27,'600249,两面针,4.42,4.5,4.39,4.47,4.47,-0.05,-1.1186,0.3448,1305750,5803606.0,1989000000.0,1673766400.02
2012-08-24,'600249,两面针,4.47,4.63,4.47,4.62,4.63,-0.16,-3.4557,0.465,1761000,8009603.0,2011500000.0,1692700409.07
2012-08-23,'600249,两面针,4.63,4.66,4.56,4.61,4.61,0.02,0.4338,0.3592,1360088,6278038.0,2083500000.0,1753289238.03
2012-08-22,'600249,两面针,4.61,4.69,4.6,4.68,4.67,-0.06,-1.2848,0.5165,1955962,9058392.0,2074500000.0,1745715634.41
2012-08-21,'600249,两面针,4.67,4.71,4.62,4.67,4.66,0.01,0.2146,0.5256,1990402,9290660.0,2101500000.0,1768436445.27
2012-08-20,'600249,两面针,4.66,4.67,4.52,4.55,4.58,0.08,1.7467,0.4785,1812070,8345380.0,2097000000.0,1764649643.46
2012-08-17,'600249,两面针,4.58,4.6,4.49,4.56,4.57,0.01,0.2188,0.2851,1079642,4905421.0,2061000000.0,1734355228.98
2012-08-16,'600249,两面针,4.57,4.69,4.54,4.65,4.68,-0.11,-2.3504,0.5217,1975530,9129281.0,2056500000.0,1730568427.17
2012-08-15,'600249,两面针,4.68,4.69,4.52,4.55,4.56,0.12,2.6316,0.892,3377713,15644593.0,2106000000.0,1772223247.08
2012-08-14,'600249,两面针,4.56,4.58,4.44,4.54,4.54,0.02,0.4405,0.3758,1423229,6426608.0,2052000000.0,1726781625.36
2012-08-13,'600249,两面针,4.54,4.64,4.53,4.63,4.63,-0.09,-1.9438,0.3259,1234180,5663448.0,2043000000.0,1719208021.74
2012-08-10,'600249,两面针,4.63,4.65,4.56,4.65,4.64,-0.01,-0.2155,0.3877,1468301,6781154.0,2083500000.0,1753289238.03
2012-08-09,'600249,两面针,4.64,4.68,4.56,4.58,4.59,0.05,1.0893,0.4316,1634413,7546932.0,2088000000.0,1757076039.84
2012-08-08,'600249,两面针,4.59,4.64,4.55,4.64,4.61,-0.02,-0.4338,0.2985,1130254,5189948.0,2065500000.0,1738142030.79
2012-08-07,'600249,两面针,4.61,4.63,4.53,4.56,4.56,0.05,1.0965,0.4087,1547813,7098028.0,2074500000.0,1745715634.41
2012-08-06,'600249,两面针,4.56,4.58,4.44,4.48,4.48,0.08,1.7857,0.2891,1094869,4955282.0,2052000000.0,1726781625.36
2012-08-03,'600249,两面针,4.48,4.49,4.37,4.4,4.41,0.07,1.5873,0.2498,945843,4206301.0,2016000000.0,1696487210.88
2012-08-02,'600249,两面针,4.41,4.43,4.34,4.39,4.41,0.0,0.0,0.2178,824829,3617556.0,1984500000.0,1669979598.21
2012-08-01,'600249,两面针,4.41,4.44,4.33,4.33,4.33,0.08,1.8476,0.2059,779522,3413272.0,1984500000.0,1669979598.21
2012-07-31,'600249,两面针,4.33,4.4,4.31,4.38,4.42,-0.09,-2.0362,0.2355,891892,3875800.0,1948500000.0,1639685183.73
2012-07-30,'600249,两面针,4.42,4.57,4.33,4.53,4.53,-0.11,-2.4283,0.38,1439102,6369695.0,1989000000.0,1673766400.02
2012-07-27,'600249,两面针,4.53,4.6,4.52,4.59,4.53,0.0,0.0,0.1931,731345,3330238.0,2038500000.0,1715421219.93
2012-07-26,'600249,两面针,4.53,4.62,4.5,4.5,4.56,-0.03,-0.6579,0.331,1253600,5722970.0,2038500000.0,1715421219.93
2012-07-25,'600249,两面针,4.56,4.63,4.52,4.57,4.57,-0.01,-0.2188,0.2694,1020048,4656037.0,2052000000.0,1726781625.36
2012-07-24,'600249,两面针,4.57,4.6,4.47,4.48,4.49,0.08,1.7817,0.3116,1179777,5356203.0,2056500000.0,1730568427.17
2012-07-23,'600249,两面针,4.49,4.54,4.46,4.53,4.58,-0.09,-1.9651,0.3612,1367749,6148515.0,2020500000.0,1700274012.69
2012-07-20,'600249,两面针,4.58,4.65,4.53,4.58,4.63,-0.05,-1.0799,0.4926,1865241,8573935.0,2061000000.0,1734355228.98
2012-07-19,'600249,两面针,4.63,4.73,4.5,4.53,4.53,0.1,2.2075,0.9765,3697785,17074700.0,2083500000.0,1753289238.03
2012-07-18,'600249,两面针,4.53,4.54,4.4,4.45,4.45,0.08,1.7978,0.6556,2482678,11052416.0,2038500000.0,1715421219.93
2012-07-17,'600249,两面针,4.45,4.48,4.36,4.4,4.39,0.06,1.3667,0.3933,1489368,6598511.0,2002500000.0,1685126805.45
2012-07-16,'600249,两面针,4.39,4.67,4.35,4.67,4.67,-0.28,-5.9957,0.8387,3176166,14314658.0,1975500000.0,1662405994.59
2012-07-13,'600249,两面针,4.67,4.76,4.64,4.72,4.71,-0.04,-0.8493,0.4251,1609822,7565717.0,2101500000.0,1768436445.27
2012-07-12,'600249,两面针,4.71,4.73,4.6,4.68,4.68,0.03,0.641,0.5877,2225596,10400907.0,2119500000.0,1783583652.51
2012-07-11,'600249,两面针,4.68,4.69,4.55,4.6,4.62,0.06,1.2987,0.2594,982172,4545173.0,2106000000.0,1772223247.08
2012-07-10,'600249,两面针,4.62,4.65,4.5,4.64,4.59,0.03,0.6536,0.2939,1112898,5113864.0,2079000000.0,1749502436.22
2012-07-09,'600249,两面针,4.59,4.72,4.54,4.66,4.71,-0.12,-2.5478,0.4715,1785400,8301660.0,2065500000.0,1738142030.79
2012-07-06,'600249,两面针,4.71,4.74,4.6,4.65,4.63,0.08,1.7279,0.5728,2169061,10153068.0,2119500000.0,1783583652.51
2012-07-05,'600249,两面针,4.63,4.79,4.62,4.78,4.79,-0.16,-3.3403,0.4409,1669709,7835255.0,2083500000.0,1753289238.03
2012-07-04,'600249,两面针,4.79,4.9,4.75,4.86,4.86,-0.07,-1.4403,0.4268,1616027,7817263.0,2155500000.0,1813878066.99
2012-07-03,'600249,两面针,4.86,4.93,4.83,4.87,4.87,-0.01,-0.2053,0.291,1102010,5387337.0,2187000000.0,1840385679.66
2012-07-02,'600249,两面针,4.87,4.93,4.84,4.86,4.84,0.03,0.6198,0.2727,1032749,5043682.0,2191500000.0,1844172481.47
2012-06-29,'600249,两面针,4.84,4.84,4.76,4.76,4.76,0.08,1.6807,0.2636,998183,4797426.0,2178000000.0,1832812076.04
2012-06-28,'600249,两面针,4.76,4.95,4.7,4.91,4.9,-0.14,-2.8571,0.3051,1155230,5602351.0,2142000000.0,1802517661.56
2012-06-27,'600249,两面针,4.9,4.97,4.87,4.93,4.93,-0.03,-0.6085,0.234,886143,4363968.0,2205000000.0,1855532886.9
2012-06-26,'600249,两面针,4.93,4.95,4.81,4.89,4.89,0.04,0.818,0.2679,1014359,4957486.0,2218500000.0,1866893292.33
2012-06-25,'600249,两面针,4.89,5.07,4.87,5.06,5.05,-0.16,-3.1683,0.434,1643611,8180390.0,2200500000.0,1851746085.09
2012-06-21,'600249,两面针,5.05,5.18,5.03,5.16,5.16,-0.11,-2.1318,0.4694,1777466,9018898.0,2272500000.0,1912334914.05
2012-06-20,'600249,两面针,5.16,5.29,5.13,5.26,5.28,-0.12,-2.2727,0.5888,2229714,11572672.0,2322000000.0,1953989733.96
2012-06-19,'600249,两面针,0.0,0.0,0.0,0.0,5.28,None,None,0.0,0,0.0,2376000000.0,1999431355.68
2012-06-18,'600249,两面针,5.28,5.32,5.23,5.23,5.23,0.05,0.956,0.2995,1133983,5995910.0,2376000000.0,1999431355.68
2012-06-15,'600249,两面针,5.23,5.28,5.16,5.22,5.21,0.02,0.3839,0.3413,1292487,6758055.0,2353500000.0,1980497346.63
2012-06-14,'600249,两面针,5.21,5.31,5.2,5.28,5.27,-0.06,-1.1385,0.447,1692825,8901304.0,2344500000.0,1972923743.01
2012-06-13,'600249,两面针,5.27,5.28,5.15,5.17,5.16,0.11,2.1318,0.4361,1651421,8634757.0,2371500000.0,1995644553.87
2012-06-12,'600249,两面针,5.16,5.22,5.13,5.22,5.23,-0.07,-1.3384,0.2923,1106714,5718582.0,2322000000.0,1953989733.96
2012-06-11,'600249,两面针,5.23,5.25,5.11,5.2,5.13,0.1,1.9493,0.3264,1235930,6400971.0,2353500000.0,1980497346.63
2012-06-08,'600249,两面针,5.13,5.28,5.1,5.27,5.17,-0.04,-0.7737,0.4834,1830395,9499549.0,2308500000.0,1942629328.53
2012-06-07,'600249,两面针,5.17,5.47,5.02,5.39,5.31,-0.14,-2.6365,0.3977,1506174,8001034.0,2326500000.0,1957776535.77
2012-06-06,'600249,两面针,5.31,5.42,5.29,5.38,5.34,-0.03,-0.5618,0.3542,1341210,7161296.0,2389500000.0,2010791761.11
2012-06-05,'600249,两面针,5.34,5.49,5.28,5.43,5.43,-0.09,-1.6575,0.5558,2104778,11312761.0,2403000000.0,2022152166.54
2012-06-04,'600249,两面针,5.43,5.66,5.42,5.6,5.73,-0.3,-5.2356,0.9204,3485316,19317603.0,2443500000.0,2056233382.83
2012-06-01,'600249,两面针,5.73,5.75,5.49,5.6,5.58,0.15,2.6882,1.1593,4390060,24723498.0,2578500000.0,2169837437.13
2012-05-31,'600249,两面针,5.58,5.65,5.46,5.52,5.54,0.04,0.722,0.95,3597322,19964115.0,2511000000.0,2113035409.98
2012-05-30,'600249,两面针,5.54,5.63,5.51,5.51,5.55,-0.01,-0.1802,0.7694,2913591,16256096.0,2493000000.0,2097888202.74
2012-05-29,'600249,两面针,5.55,5.61,5.42,5.49,5.5,0.05,0.9091,0.6265,2372289,13141044.0,2497500000.0,2101675004.55
2012-05-28,'600249,两面针,5.5,5.5,5.22,5.35,5.4,0.1,1.8519,0.5817,2202780,11825192.0,2475000000.0,2082740995.5
2012-05-25,'600249,两面针,5.4,5.57,5.32,5.56,5.55,-0.15,-2.7027,0.8659,3279050,17767448.0,2430000000.0,2044872977.4
2012-05-24,'600249,两面针,5.55,5.69,5.54,5.65,5.68,-0.13,-2.2887,0.6326,2395611,13447654.0,2497500000.0,2101675004.55
2012-05-23,'600249,两面针,5.68,5.74,5.59,5.72,5.74,-0.06,-1.0453,0.7158,2710448,15325406.0,2556000000.0,2150903428.08
2012-05-22,'600249,两面针,5.74,5.87,5.61,5.85,5.79,-0.05,-0.8636,0.9612,3639773,20806591.0,2583000000.0,2173624238.94
2012-05-21,'600249,两面针,5.79,5.85,5.68,5.72,5.74,0.05,0.8711,0.6315,2391423,13840690.0,2605500000.0,2192558247.99
2012-05-18,'600249,两面针,5.74,5.93,5.7,5.8,5.85,-0.11,-1.8803,0.9918,3755662,21759893.0,2583000000.0,2173624238.94
2012-05-17,'600249,两面针,5.85,5.86,5.62,5.63,5.67,0.18,3.1746,1.274,4824378,27923700.0,2632500000.0,2215279058.85
2012-05-16,'600249,两面针,5.67,5.72,5.61,5.61,5.65,0.02,0.354,0.6937,2626871,14912868.0,2551500000.0,2147116626.27
2012-05-15,'600249,两面针,5.65,5.71,5.56,5.69,5.73,-0.08,-1.3962,0.8708,3297453,18503663.0,2542500000.0,2139543022.65
2012-05-14,'600249,两面针,5.73,5.81,5.67,5.7,5.68,0.05,0.8803,1.1546,4372119,25142640.0,2578500000.0,2169837437.13
2012-05-11,'600249,两面针,5.68,5.81,5.58,5.61,5.58,0.1,1.7921,1.1733,4443111,25310511.0,2556000000.0,2150903428.08
2012-05-10,'600249,两面针,5.58,5.65,5.56,5.56,5.56,0.02,0.3597,0.6798,2574239,14428185.0,2511000000.0,2113035409.98
2012-05-09,'600249,两面针,5.56,5.76,5.56,5.75,5.81,-0.25,-4.3029,1.0862,4113150,23226062.0,2502000000.0,2105461806.36
2012-05-08,'600249,两面针,5.81,5.83,5.72,5.79,5.79,0.02,0.3454,0.7758,2937650,16976412.0,2614500000.0,2200131851.61
2012-05-07,'600249,两面针,5.79,5.83,5.7,5.83,5.85,-0.06,-1.0256,1.0783,4083238,23476219.0,2605500000.0,2192558247.99
2012-05-04,'600249,两面针,5.85,5.87,5.71,5.74,5.79,0.06,1.0363,1.3384,5068137,29248710.0,2632500000.0,2215279058.85
2012-05-03,'600249,两面针,5.79,5.88,5.69,5.86,5.86,-0.07,-1.1945,1.4542,5506727,31951969.0,2605500000.0,2192558247.99
2012-05-02,'600249,两面针,5.86,5.96,5.65,5.9,5.75,0.11,1.913,2.1924,8302188,48066576.0,2637000000.0,2219065860.66
2012-04-27,'600249,两面针,5.75,6.0,5.72,5.92,6.03,-0.28,-4.6434,2.0536,7776509,45304676.0,2587500000.0,2177411040.75
2012-04-26,'600249,两面针,6.03,6.15,5.91,6.13,6.11,-0.08,-1.3093,2.1142,8006055,48273086.0,2713500000.0,2283441491.43
2012-04-25,'600249,两面针,6.11,6.28,5.96,6.01,6.04,0.07,1.1589,3.7761,14299194,88109924.0,2749500000.0,2313735905.91
2012-04-24,'600249,两面针,6.04,6.12,5.61,5.87,5.99,0.05,0.8347,2.9162,11043008,64819059.0,2718000000.0,2287228293.24
2012-04-23,'600249,两面针,5.99,6.29,5.83,5.89,5.93,0.06,1.0118,3.5665,13505440,82587996.0,2695500000.0,2268294284.19
2012-04-20,'600249,两面针,5.93,6.06,5.72,5.72,5.77,0.16,2.773,2.5338,9595142,56805183.0,2668500000.0,2245573473.33
2012-04-19,'600249,两面针,5.77,5.9,5.75,5.81,5.83,-0.06,-1.0292,1.5481,5862361,34204005.0,2596500000.0,2184984644.37
2012-04-18,'600249,两面针,5.83,5.91,5.64,5.76,5.72,0.11,1.9231,1.9655,7442966,43226936.0,2623500000.0,2207705455.23
2012-04-17,'600249,两面针,5.72,5.99,5.71,5.89,5.96,-0.24,-4.0268,2.2279,8436801,49066529.0,2574000000.0,2166050635.32
2012-04-16,'600249,两面针,5.96,6.2,5.57,5.61,5.68,0.28,4.9296,4.3277,16388218,97701788.0,2682000000.0,2256933878.76
2012-04-13,'600249,两面针,5.68,5.81,5.6,5.78,5.81,-0.13,-2.2375,3.2579,12337047,70443479.0,2556000000.0,2150903428.08
2012-04-12,'600249,两面针,5.81,5.81,5.31,5.4,5.28,0.53,10.0379,4.6066,17444178,99041580.0,2614500000.0,2200131851.61
2012-04-11,'600249,两面针,5.28,5.3,5.06,5.11,5.16,0.12,2.3256,1.1406,4319373,22517374.0,2376000000.0,1999431355.68
2012-04-10,'600249,两面针,5.16,5.17,4.93,5.06,5.08,0.08,1.5748,0.5982,2265240,11442253.0,2322000000.0,1953989733.96
2012-04-09,'600249,两面针,5.08,5.15,5.05,5.1,5.12,-0.04,-0.7813,0.2608,987454,5027465.0,2286000000.0,1923695319.48
2012-04-06,'600249,两面针,5.12,5.14,5.05,5.08,5.07,0.05,0.9862,0.4508,1707157,8705196.0,2304000000.0,1938842526.72
2012-04-05,'600249,两面针,5.07,5.12,4.94,4.97,4.93,0.14,2.8398,0.4869,1843644,9313978.0,2281500000.0,1919908517.67
2012-03-30,'600249,两面针,4.93,5.01,4.88,4.96,4.97,-0.04,-0.8048,0.4282,1621651,8017066.0,2218500000.0,1866893292.33
2012-03-29,'600249,两面针,4.97,5.04,4.94,5.01,5.07,-0.1,-1.9724,0.577,2185020,10906099.0,2236500000.0,1882040499.57
2012-03-28,'600249,两面针,5.07,5.29,4.93,5.24,5.32,-0.25,-4.6992,0.8349,3161786,16087038.0,2281500000.0,1919908517.67
2012-03-27,'600249,两面针,5.32,5.38,5.24,5.35,5.33,-0.01,-0.1876,0.4805,1819656,9668116.0,2394000000.0,2014578562.92
2012-03-26,'600249,两面针,5.33,5.46,5.3,5.4,5.44,-0.11,-2.0221,0.4895,1853601,9922441.0,2398500000.0,2018365364.73
2012-03-23,'600249,两面针,5.44,5.58,5.4,5.52,5.58,-0.14,-2.509,0.6378,2415233,13248222.0,2448000000.0,2060020184.64
2012-03-22,'600249,两面针,5.58,5.62,5.45,5.54,5.58,0.0,0.0,0.879,3328577,18420628.0,2511000000.0,2113035409.98
2012-03-21,'600249,两面针,5.58,5.65,5.38,5.43,5.43,0.15,2.7624,1.2507,4736289,26276106.0,2511000000.0,2113035409.98
2012-03-20,'600249,两面针,5.43,5.6,5.42,5.49,5.55,-0.12,-2.1622,0.8213,3110062,17059279.0,2443500000.0,2056233382.83
2012-03-19,'600249,两面针,5.55,5.59,5.35,5.35,5.38,0.17,3.1599,0.998,3779380,20746090.0,2497500000.0,2101675004.55
2012-03-16,'600249,两面针,5.38,5.4,5.22,5.22,5.22,0.16,3.0651,0.6993,2648231,14071851.0,2421000000.0,2037299373.78
2012-03-15,'600249,两面针,5.22,5.43,5.19,5.39,5.37,-0.15,-2.7933,1.1309,4282633,22638518.0,2349000000.0,1976710544.82
2012-03-14,'600249,两面针,5.37,5.77,5.31,5.75,5.74,-0.37,-6.446,1.9028,7205409,40270238.0,2416500000.0,2033512571.97
2012-03-13,'600249,两面针,5.74,5.75,5.62,5.69,5.69,0.05,0.8787,1.1003,4166439,23687406.0,2583000000.0,2173624238.94
2012-03-12,'600249,两面针,5.69,5.81,5.62,5.66,5.7,-0.01,-0.1754,1.3324,5045500,28908898.0,2560500000.0,2154690229.89
2012-03-09,'600249,两面针,5.7,5.77,5.59,5.74,5.75,-0.05,-0.8696,1.7236,6526862,37048932.0,2565000000.0,2158477031.7
2012-03-08,'600249,两面针,5.75,5.77,5.64,5.7,5.73,0.02,0.349,1.7477,6618111,37798529.0,2587500000.0,2177411040.75
2012-03-07,'600249,两面针,5.73,5.74,5.52,5.55,5.63,0.1,1.7762,2.4591,9312156,52767929.0,2578500000.0,2169837437.13
2012-03-06,'600249,两面针,5.63,5.74,5.51,5.55,5.6,0.03,0.5357,3.4186,12945540,73128861.0,2533500000.0,2131969419.03
2012-03-05,'600249,两面针,5.6,5.63,5.39,5.39,5.4,0.2,3.7037,1.6708,6326930,34802384.0,2520000000.0,2120609013.6
2012-03-02,'600249,两面针,5.4,5.42,5.3,5.3,5.3,0.1,1.8868,0.7118,2695378,14482408.0,2430000000.0,2044872977.4
2012-03-01,'600249,两面针,5.3,5.36,5.26,5.27,5.31,-0.01,-0.1883,0.5165,1955920,10381188.0,2385000000.0,2007004959.3
2012-02-29,'600249,两面针,5.31,5.38,5.26,5.38,5.38,-0.07,-1.3011,0.6822,2583453,13759595.0,2389500000.0,2010791761.11
2012-02-28,'600249,两面针,5.38,5.45,5.32,5.4,5.46,-0.08,-1.4652,1.0631,4025893,21689194.0,2421000000.0,2037299373.78
2012-02-27,'600249,两面针,5.46,5.59,5.41,5.44,5.43,0.03,0.5525,2.4741,9368847,51417442.0,2457000000.0,2067593788.26
2012-02-24,'600249,两面针,5.43,5.48,5.29,5.35,5.33,0.1,1.8762,1.1723,4439368,23899373.0,2443500000.0,2056233382.83
2012-02-23,'600249,两面针,5.33,5.39,5.27,5.3,5.35,-0.02,-0.3738,0.6159,2332291,12424156.0,2398500000.0,2018365364.73
2012-02-22,'600249,两面针,5.35,5.36,5.19,5.23,5.23,0.12,2.2945,1.2239,4634504,24543422.0,2407500000.0,2025938968.35
2012-02-21,'600249,两面针,5.23,5.24,5.11,5.18,5.2,0.03,0.5769,0.708,2681156,13853692.0,2353500000.0,1980497346.63
2012-02-20,'600249,两面针,5.2,5.49,5.2,5.29,5.25,-0.05,-0.9524,0.9291,3518134,18622627.0,2340000000.0,1969136941.2
2012-02-17,'600249,两面针,0.0,0.0,0.0,0.0,5.25,None,None,0.0,0,0.0,2362500000.0,1988070950.25
2012-02-16,'600249,两面针,5.25,5.28,5.17,5.24,5.27,-0.02,-0.3795,0.9626,3645076,19068617.0,2362500000.0,1988070950.25
2012-02-15,'600249,两面针,5.27,5.5,5.08,5.1,5.15,0.12,2.3301,1.7724,6711742,35282440.0,2371500000.0,1995644553.87
2012-02-14,'600249,两面针,5.15,5.19,5.05,5.13,5.12,0.03,0.5859,0.7457,2823715,14387844.0,2317500000.0,1950202932.15
2012-02-13,'600249,两面针,5.12,5.21,4.99,5.07,5.03,0.09,1.7893,1.2958,4907068,25074790.0,2304000000.0,1938842526.72
2012-02-10,'600249,两面针,5.03,5.07,4.97,4.99,5.0,0.03,0.6,0.7525,2849448,14314080.0,2263500000.0,1904761310.43
2012-02-09,'600249,两面针,5.0,5.01,4.9,4.93,4.93,0.07,1.4199,0.9837,3725242,18551568.0,2250000000.0,1893400905.0
2012-02-08,'600249,两面针,4.93,4.93,4.78,4.84,4.83,0.1,2.0704,0.8996,3406615,16621787.0,2218500000.0,1866893292.33
2012-02-07,'600249,两面针,4.83,4.95,4.79,4.95,4.94,-0.11,-2.2267,0.4969,1881830,9116342.0,2173500000.0,1829025274.23
2012-02-06,'600249,两面针,4.94,4.97,4.9,4.97,4.94,0.0,0.0,0.6098,2309312,11407027.0,2223000000.0,1870680094.14
2012-02-03,'600249,两面针,4.94,4.94,4.8,4.84,4.84,0.1,2.0661,0.6546,2478761,12140013.0,2223000000.0,1870680094.14
2012-02-02,'600249,两面针,4.84,4.85,4.75,4.76,4.76,0.08,1.6807,0.3835,1452101,6979366.0,2178000000.0,1832812076.04
2012-02-01,'600249,两面针,4.76,4.87,4.76,4.81,4.86,-0.1,-2.0576,0.421,1594414,7684745.0,2142000000.0,1802517661.56
2012-01-31,'600249,两面针,4.86,4.95,4.67,4.7,4.72,0.14,2.9661,0.5568,2108477,10071546.0,2187000000.0,1840385679.66
2012-01-30,'600249,两面针,4.72,4.83,4.7,4.8,4.78,-0.06,-1.2552,0.4084,1546490,7358105.0,2124000000.0,1787370454.32
2012-01-20,'600249,两面针,4.78,4.85,4.72,4.73,4.74,0.04,0.8439,0.6058,2294193,10981026.0,2151000000.0,1810091265.18
2012-01-19,'600249,两面针,4.74,4.79,4.61,4.73,4.73,0.01,0.2114,0.5688,2153922,10189431.0,2133000000.0,1794944057.94
2012-01-18,'600249,两面针,4.73,4.84,4.65,4.75,4.75,-0.02,-0.4211,0.7943,3007729,14279330.0,2128500000.0,1791157256.13
2012-01-17,'600249,两面针,4.75,4.81,4.5,4.53,4.51,0.24,5.3215,0.645,2442500,11437217.0,2137500000.0,1798730859.75
2012-01-16,'600249,两面针,4.51,4.61,4.51,4.57,4.65,-0.14,-3.0108,0.3726,1411105,6444600.0,2029500000.0,1707847616.31
2012-01-13,'600249,两面针,4.65,4.87,4.65,4.86,4.87,-0.22,-4.5175,0.794,3006602,14210517.0,2092500000.0,1760862841.65
2012-01-12,'600249,两面针,4.87,4.95,4.82,4.85,4.88,-0.01,-0.2049,0.5275,1997553,9737505.0,2191500000.0,1844172481.47
2012-01-11,'600249,两面针,4.88,4.93,4.8,4.87,4.91,-0.03,-0.611,0.8079,3059522,14887242.0,2196000000.0,1847959283.28
2012-01-10,'600249,两面针,4.91,4.98,4.63,4.68,4.67,0.24,5.1392,1.3842,5241626,25185097.0,2209500000.0,1859319688.71
2012-01-09,'600249,两面针,4.67,4.68,4.47,4.51,4.5,0.17,3.7778,0.5427,2054946,9450314.0,2101500000.0,1768436445.27
2012-01-06,'600249,两面针,4.5,4.59,4.39,4.48,4.49,0.01,0.2227,0.5613,2125481,9494924.0,2025000000.0,1704060814.5
2012-01-05,'600249,两面针,4.49,4.7,4.46,4.7,4.75,-0.26,-5.4737,0.5442,2060852,9456602.0,2020500000.0,1700274012.69
2012-01-04,'600249,两面针,4.75,4.89,4.74,4.86,4.83,-0.08,-1.6563,0.3714,1406462,6777760.0,2137500000.0,1798730859.75
2011-12-30,'600249,两面针,4.83,4.88,4.8,4.8,4.78,0.05,1.046,0.5089,1927199,9294412.0,2173500000.0,1829025274.23
2011-12-29,'600249,两面针,4.78,4.9,4.77,4.82,4.89,-0.11,-2.2495,0.3198,1211206,5865032.0,2151000000.0,1810091265.18
2011-12-28,'600249,两面针,4.89,4.97,4.75,4.95,4.97,-0.08,-1.6097,0.3786,1433789,6952694.0,2200500000.0,1851746085.09
2011-12-27,'600249,两面针,4.97,5.12,4.95,5.12,5.12,-0.15,-2.9297,0.3908,1479837,7433764.0,2236500000.0,1882040499.57
2011-12-26,'600249,两面针,5.12,5.22,5.09,5.19,5.2,-0.08,-1.5385,0.3061,1159114,5977227.0,2304000000.0,1938842526.72
2011-12-23,'600249,两面针,5.2,5.29,5.07,5.18,5.18,0.02,0.3861,0.5768,2184299,11344126.0,2340000000.0,1969136941.2
2011-12-22,'600249,两面针,5.18,5.39,4.98,5.26,5.3,-0.12,-2.2642,0.7368,2789958,14451836.0,2331000000.0,1961563337.58
2011-12-21,'600249,两面针,5.3,5.42,5.24,5.35,5.32,-0.02,-0.3759,0.4782,1810830,9604972.0,2385000000.0,2007004959.3
2011-12-20,'600249,两面针,5.32,5.38,5.22,5.24,5.28,0.04,0.7576,0.4798,1816754,9648066.0,2394000000.0,2014578562.92
2011-12-19,'600249,两面针,5.28,5.35,5.18,5.34,5.41,-0.13,-2.403,0.5929,2245057,11786987.0,2376000000.0,1999431355.68
2011-12-16,'600249,两面针,5.41,5.44,5.24,5.29,5.29,0.12,2.2684,0.4894,1853179,9864522.0,2434500000.0,2048659779.21
2011-12-15,'600249,两面针,5.29,5.55,5.2,5.55,5.56,-0.27,-4.8561,1.2734,4822088,25738766.0,2380500000.0,2003218157.49
2011-12-14,'600249,两面针,5.56,5.74,5.51,5.63,5.72,-0.16,-2.7972,0.5507,2085574,11725563.0,2502000000.0,2105461806.36
2011-12-13,'600249,两面针,5.72,5.94,5.71,5.88,5.97,-0.25,-4.1876,0.6886,2607519,15071776.0,2574000000.0,2166050635.32
2011-12-12,'600249,两面针,5.97,5.98,5.82,5.86,5.87,0.1,1.7036,0.6465,2447997,14384510.0,2686500000.0,2260720680.57
2011-12-09,'600249,两面针,5.87,6.02,5.84,6.0,6.09,-0.22,-3.6125,1.5691,5941841,35154829.0,2641500000.0,2222852662.47
2011-12-08,'600249,两面针,6.09,6.27,6.03,6.26,6.33,-0.24,-3.7915,2.1789,8251246,50637222.0,2740500000.0,2306162302.29
2011-12-07,'600249,两面针,6.33,6.52,6.16,6.38,6.5,-0.17,-2.6154,2.8719,10875278,68746914.0,2848500000.0,2397045545.73
2011-12-06,'600249,两面针,6.5,6.84,6.37,6.55,6.63,-0.13,-1.9608,4.2745,16186842,106028006.0,2925000000.0,2461421176.5
2011-12-05,'600249,两面针,6.63,6.68,6.4,6.64,6.71,-0.08,-1.1923,1.6024,6067926,39826587.0,2983500000.0,2510649600.03
2011-12-02,'600249,两面针,6.71,6.73,6.42,6.45,6.54,0.17,2.5994,2.9964,11346929,74790131.0,3019500000.0,2540944014.51
2011-12-01,'600249,两面针,6.54,6.68,6.2,6.25,6.07,0.47,7.743,3.5063,13277490,85604085.0,2943000000.0,2476568383.74
2011-11-30,'600249,两面针,6.07,6.35,6.02,6.3,6.33,-0.26,-4.1074,0.7334,2777198,17188064.0,2731500000.0,2298588698.67
2011-11-29,'600249,两面针,6.33,6.34,6.21,6.26,6.21,0.12,1.9324,0.4062,1538163,9635150.0,2848500000.0,2397045545.73
2011-11-28,'600249,两面针,6.21,6.27,6.18,6.18,6.19,0.02,0.3231,0.2975,1126746,7005432.0,2794500000.0,2351603924.01
2011-11-25,'600249,两面针,6.19,6.25,6.14,6.18,6.18,0.01,0.1618,0.2856,1081455,6709664.0,2785500000.0,2344030320.39
2011-11-24,'600249,两面针,6.18,6.23,6.12,6.21,6.24,-0.06,-0.9615,0.3532,1337312,8257248.0,2781000000.0,2340243518.58
2011-11-23,'600249,两面针,6.24,6.29,6.21,6.29,6.25,-0.01,-0.16,0.2781,1053015,6593075.0,2808000000.0,2362964329.44
2011-11-22,'600249,两面针,6.25,6.29,6.2,6.22,6.3,-0.05,-0.7937,0.2259,855389,5345346.0,2812500000.0,2366751131.25
2011-11-21,'600249,两面针,6.3,6.32,6.19,6.23,6.25,0.05,0.8,0.3298,1248916,7811787.0,2835000000.0,2385685140.3
2011-11-18,'600249,两面针,6.25,6.46,6.23,6.46,6.48,-0.23,-3.5494,0.5609,2123855,13400790.0,2812500000.0,2366751131.25
2011-11-17,'600249,两面针,6.48,6.52,6.44,6.44,6.47,0.01,0.1546,0.4439,1680900,10882407.0,2916000000.0,2453847572.88
2011-11-16,'600249,两面针,6.47,6.64,6.44,6.58,6.61,-0.14,-2.118,0.5134,1944216,12680945.0,2911500000.0,2450060771.07
2011-11-15,'600249,两面针,6.61,6.64,6.49,6.53,6.52,0.09,1.3804,0.6988,2646064,17375639.0,2974500000.0,2503075996.41
2011-11-14,'600249,两面针,6.52,6.54,6.42,6.42,6.4,0.12,1.875,0.5094,1928847,12543749.0,2934000000.0,2468994780.12
2011-11-11,'600249,两面针,6.4,6.44,6.37,6.39,6.39,0.01,0.1565,0.261,988393,6330345.0,2880000000.0,2423553158.4
2011-11-10,'600249,两面针,6.39,6.45,6.37,6.43,6.53,-0.14,-2.144,0.609,2306087,14792551.0,2875500000.0,2419766356.59
2011-11-09,'600249,两面针,6.53,6.53,6.39,6.43,6.44,0.09,1.3975,0.3928,1487277,9594648.0,2938500000.0,2472781581.93
2011-11-08,'600249,两面针,6.44,6.57,6.43,6.53,6.53,-0.09,-1.3783,0.4653,1761841,11457086.0,2898000000.0,2438700365.64
2011-11-07,'600249,两面针,6.53,6.63,6.53,6.62,6.6,-0.07,-1.0606,0.4721,1787909,11755411.0,2938500000.0,2472781581.93
2011-11-04,'600249,两面针,6.6,6.62,6.54,6.54,6.54,0.06,0.9174,0.7017,2657018,17494825.0,2970000000.0,2499289194.6
2011-11-03,'600249,两面针,6.54,6.64,6.49,6.53,6.53,0.01,0.1531,1.024,3877631,25457889.0,2943000000.0,2476568383.74
2011-11-02,'600249,两面针,6.53,6.54,6.36,6.43,6.49,0.04,0.6163,0.6375,2414048,15574901.0,2938500000.0,2472781581.93
2011-11-01,'600249,两面针,6.49,6.5,6.37,6.4,6.45,0.04,0.6202,0.6572,2488694,16061323.0,2920500000.0,2457634374.69
2011-10-31,'600249,两面针,6.45,6.5,6.4,6.49,6.49,-0.04,-0.6163,0.5621,2128728,13752406.0,2902500000.0,2442487167.45
2011-10-28,'600249,两面针,6.49,6.54,6.42,6.47,6.41,0.08,1.248,0.7692,2912878,18885461.0,2920500000.0,2457634374.69
2011-10-27,'600249,两面针,6.41,6.48,6.34,6.38,6.43,-0.02,-0.311,0.4784,1811637,11611508.0,2884500000.0,2427339960.21
2011-10-26,'600249,两面针,6.43,6.48,6.26,6.26,6.31,0.12,1.9017,0.7243,2742956,17511899.0,2893500000.0,2434913563.83
2011-10-25,'600249,两面针,6.31,6.35,6.16,6.24,6.18,0.13,2.1036,0.6278,2377189,14906344.0,2839500000.0,2389471942.11
2011-10-24,'600249,两面针,6.18,6.19,6.04,6.14,6.11,0.07,1.1457,0.3672,1390687,8527324.0,2781000000.0,2340243518.58
2011-10-21,'600249,两面针,6.11,6.15,6.07,6.11,6.11,0.0,0.0,0.1963,743339,4543977.0,2749500000.0,2313735905.91
2011-10-20,'600249,两面针,6.11,6.27,6.08,6.27,6.25,-0.14,-2.24,0.3225,1221398,7507355.0,2749500000.0,2313735905.91
2011-10-19,'600249,两面针,6.25,6.35,6.19,6.3,6.29,-0.04,-0.6359,0.2992,1133108,7101711.0,2812500000.0,2366751131.25
2011-10-18,'600249,两面针,6.29,6.5,6.28,6.49,6.5,-0.21,-3.2308,0.3242,1227666,7841985.0,2830500000.0,2381898338.49
2011-10-17,'600249,两面针,6.5,6.6,6.48,6.5,6.49,0.01,0.1541,0.3727,1411512,9238304.0,2925000000.0,2461421176.5
2011-10-14,'600249,两面针,6.49,6.55,6.46,6.48,6.54,-0.05,-0.7645,0.2417,915135,5941696.0,2920500000.0,2457634374.69
2011-10-13,'600249,两面针,6.54,6.59,6.45,6.47,6.5,0.04,0.6154,0.4672,1769084,11551484.0,2943000000.0,2476568383.74
2011-10-12,'600249,两面针,6.5,6.55,6.17,6.25,6.24,0.26,4.1667,0.6628,2509779,16186221.0,2925000000.0,2461421176.5
2011-10-11,'600249,两面针,6.24,6.37,6.2,6.35,6.2,0.04,0.6452,0.2199,832732,5224937.0,2808000000.0,2362964329.44
2011-10-10,'600249,两面针,6.2,6.38,6.19,6.37,6.28,-0.08,-1.2739,0.3339,1264500,7908672.0,2790000000.0,2347817122.2
2011-09-30,'600249,两面针,6.28,6.41,6.24,6.31,6.27,0.01,0.1595,0.2755,1043152,6584502.0,2826000000.0,2378111536.68
2011-09-29,'600249,两面针,6.27,6.46,6.25,6.45,6.47,-0.2,-3.0912,0.3577,1354657,8564001.0,2821500000.0,2374324734.87
2011-09-28,'600249,两面针,6.47,6.63,6.43,6.6,6.54,-0.07,-1.0703,0.2509,949928,6207960.0,2911500000.0,2450060771.07
2011-09-27,'600249,两面针,6.54,6.61,6.46,6.53,6.49,0.05,0.7704,0.2422,916973,6001752.0,2943000000.0,2476568383.74
2011-09-26,'600249,两面针,6.49,6.65,6.45,6.62,6.58,-0.09,-1.3678,0.347,1314044,8615020.0,2920500000.0,2457634374.69
2011-09-23,'600249,两面针,6.58,6.63,6.49,6.57,6.64,-0.06,-0.9036,0.3776,1430060,9376268.0,2961000000.0,2491715590.98
2011-09-22,'600249,两面针,6.64,6.8,6.63,6.79,6.83,-0.19,-2.7818,0.4229,1601254,10771760.0,2988000000.0,2514436401.84
2011-09-21,'600249,两面针,6.83,6.83,6.62,6.62,6.61,0.22,3.3283,0.5614,2125832,14368297.0,3073500000.0,2586385636.23
2011-09-20,'600249,两面针,6.61,6.73,6.57,6.6,6.61,0.0,0.0,0.3354,1269939,8463636.0,2974500000.0,2503075996.41
2011-09-19,'600249,两面针,6.61,6.81,6.6,6.78,6.77,-0.16,-2.3634,0.3477,1316636,8751996.0,2974500000.0,2503075996.41
2011-09-16,'600249,两面针,6.77,6.87,6.71,6.8,6.78,-0.01,-0.1475,0.2344,887812,6045792.0,3046500000.0,2563664825.37
2011-09-15,'600249,两面针,6.78,6.88,6.74,6.78,6.78,0.0,0.0,0.3381,1280227,8743653.0,3051000000.0,2567451627.18
2011-09-14,'600249,两面针,6.78,6.79,6.66,6.71,6.7,0.08,1.194,0.3481,1318101,8878604.0,3051000000.0,2567451627.18
2011-09-13,'600249,两面针,6.7,6.79,6.65,6.7,6.8,-0.1,-1.4706,0.3789,1434781,9624443.0,3015000000.0,2537157212.7
2011-09-09,'600249,两面针,6.8,6.94,6.75,6.81,6.85,-0.05,-0.7299,0.3694,1398678,9564187.0,3060000000.0,2575025230.8
2011-09-08,'600249,两面针,6.85,6.99,6.85,6.98,6.94,-0.09,-1.2968,0.4291,1624976,11219983.0,3082500000.0,2593959239.85
2011-09-07,'600249,两面针,6.94,6.97,6.86,6.87,6.81,0.13,1.909,0.4462,1689788,11688782.0,3123000000.0,2628040456.14
2011-09-06,'600249,两面针,6.81,7.03,6.78,6.96,7.08,-0.27,-3.8136,0.7552,2859679,19666935.0,3064500000.0,2578812032.61
2011-09-05,'600249,两面针,7.08,7.54,6.94,6.96,7.05,0.03,0.4255,1.292,4892595,35244732.0,3186000000.0,2681055681.48
2011-09-02,'600249,两面针,7.05,7.1,6.89,7.02,7.07,-0.02,-0.2829,0.6032,2284359,15937348.0,3172500000.0,2669695276.05
2011-09-01,'600249,两面针,7.07,7.16,7.0,7.11,7.08,-0.01,-0.1412,0.6059,2294452,16231726.0,3181500000.0,2677268879.67
2011-08-31,'600249,两面针,7.08,7.18,7.01,7.13,7.11,-0.03,-0.4219,0.6828,2585601,18319945.0,3186000000.0,2681055681.48
2011-08-30,'600249,两面针,7.11,7.35,7.09,7.21,7.18,-0.07,-0.9749,1.4128,5350125,38864170.0,3199500000.0,2692416086.91
2011-08-29,'600249,两面针,7.18,7.25,7.06,7.25,7.26,-0.08,-1.1019,0.8521,3226832,23028195.0,3231000000.0,2718923699.58
2011-08-26,'600249,两面针,7.26,7.29,7.16,7.18,7.24,0.02,0.2762,1.1166,4228493,30605555.0,3267000000.0,2749218114.06
2011-08-25,'600249,两面针,7.24,7.25,7.02,7.08,7.06,0.18,2.5496,1.3016,4928747,35296737.0,3258000000.0,2741644510.44
2011-08-24,'600249,两面针,7.06,7.11,6.96,7.02,7.0,0.06,0.8571,0.791,2995342,21075796.0,3177000000.0,2673482077.86
2011-08-23,'600249,两面针,7.0,7.07,6.9,6.9,6.88,0.12,1.7442,0.7849,2972357,20686375.0,3150000000.0,2650761267.0
2011-08-22,'600249,两面针,6.88,7.1,6.87,7.08,7.17,-0.29,-4.0446,1.2767,4834427,33816375.0,3096000000.0,2605319645.28
2011-08-19,'600249,两面针,7.17,7.33,7.0,7.11,7.34,-0.17,-2.3161,2.7977,10594415,75918963.0,3226500000.0,2715136897.77
2011-08-18,'600249,两面针,7.34,7.4,6.93,7.01,7.08,0.26,3.6723,2.6892,10183542,73003558.0,3303000000.0,2779512528.54
2011-08-17,'600249,两面针,7.08,7.19,6.88,6.89,6.97,0.11,1.5782,1.6419,6217683,44075119.0,3186000000.0,2681055681.48
2011-08-16,'600249,两面针,6.97,7.03,6.81,6.86,6.86,0.11,1.6035,1.1552,4374565,30248593.0,3136500000.0,2639400861.57
2011-08-15,'600249,两面针,6.86,6.87,6.75,6.79,6.79,0.07,1.0309,0.7416,2808299,19183445.0,3087000000.0,2597746041.66
2011-08-12,'600249,两面针,6.79,6.84,6.7,6.76,6.7,0.09,1.3433,0.8552,3238373,21941954.0,3055500000.0,2571238428.99
2011-08-11,'600249,两面针,6.7,6.73,6.38,6.4,6.62,0.08,1.2085,0.9084,3440036,22752632.0,3015000000.0,2537157212.7
2011-08-10,'600249,两面针,6.62,6.76,6.59,6.71,6.61,0.01,0.1513,1.0569,4002232,26754601.0,2979000000.0,2506862798.22
2011-08-09,'600249,两面针,6.61,6.71,6.24,6.5,6.71,-0.1,-1.4903,1.1848,4486473,29041867.0,2974500000.0,2503075996.41
2011-08-08,'600249,两面针,6.71,7.15,6.62,7.14,7.14,-0.43,-6.0224,1.4914,5647584,38983460.0,3019500000.0,2540944014.51
2011-08-05,'600249,两面针,7.14,7.16,6.88,7.0,7.27,-0.13,-1.7882,1.5075,5708643,40089299.0,3213000000.0,2703776492.34
2011-08-04,'600249,两面针,7.27,7.39,7.26,7.28,7.28,-0.01,-0.1374,1.0725,4061531,29732414.0,3271500000.0,2753004915.87
2011-08-03,'600249,两面针,7.28,7.38,7.16,7.36,7.53,-0.25,-3.3201,1.5243,5772305,41982241.0,3276000000.0,2756791717.68
2011-08-02,'600249,两面针,0.0,0.0,0.0,0.0,7.53,None,None,0.0,0,0.0,3388500000.0,2851461762.93
2011-08-01,'600249,两面针,7.53,7.69,7.43,7.53,7.56,-0.03,-0.3968,2.3387,8856020,67358975.0,3388500000.0,2851461762.93
2011-07-29,'600249,两面针,7.56,7.68,7.52,7.63,7.67,-0.11,-1.4342,1.1063,4189427,31840517.0,3402000000.0,2862822168.36
2011-07-28,'600249,两面针,7.67,7.68,7.42,7.47,7.53,0.14,1.8592,1.8786,7113983,53989929.0,3451500000.0,2904476988.27
2011-07-27,'600249,两面针,7.53,7.56,7.22,7.3,7.32,0.21,2.8689,1.2908,4888089,36319247.0,3388500000.0,2851461762.93
2011-07-26,'600249,两面针,7.32,7.43,7.21,7.39,7.39,-0.07,-0.9472,0.7639,2892672,21143037.0,3294000000.0,2771938924.92
2011-07-25,'600249,两面针,7.39,7.76,7.29,7.64,7.69,-0.3,-3.9012,1.7253,6533283,49338857.0,3325500000.0,2798446537.59
2011-07-22,'600249,两面针,7.69,7.73,7.55,7.62,7.62,0.07,0.9186,1.5356,5815006,44552929.0,3460500000.0,2912050591.89
2011-07-21,'600249,两面针,7.62,7.67,7.51,7.55,7.57,0.05,0.6605,1.5223,5764584,43877568.0,3429000000.0,2885542979.22
2011-07-20,'600249,两面针,7.57,7.6,7.44,7.55,7.51,0.06,0.7989,0.8881,3363209,25336987.0,3406500000.0,2866608970.17
2011-07-19,'600249,两面针,7.51,7.57,7.41,7.55,7.56,-0.05,-0.6614,0.707,2677190,20052887.0,3379500000.0,2843888159.31
2011-07-18,'600249,两面针,7.56,7.67,7.53,7.66,7.55,0.01,0.1325,0.7796,2952208,22370599.0,3402000000.0,2862822168.36
2011-07-15,'600249,两面针,7.55,7.61,7.45,7.51,7.51,0.04,0.5326,1.132,4286519,32373712.0,3397500000.0,2859035366.55
2011-07-14,'600249,两面针,7.51,7.54,7.38,7.38,7.41,0.1,1.3495,1.1265,4265933,31838821.0,3379500000.0,2843888159.31
2011-07-13,'600249,两面针,7.41,7.44,7.31,7.31,7.33,0.08,1.0914,0.9024,3417342,25242352.0,3334500000.0,2806020141.21
2011-07-12,'600249,两面针,7.33,7.4,7.32,7.4,7.47,-0.14,-1.8742,0.877,3321150,24448851.0,3298500000.0,2775725726.73
2011-07-11,'600249,两面针,7.47,7.5,7.4,7.44,7.45,0.02,0.2685,0.9294,3519512,26239768.0,3361500000.0,2828740952.07
2011-07-08,'600249,两面针,7.45,7.57,7.41,7.49,7.52,-0.07,-0.9309,0.8223,3113929,23288113.0,3352500000.0,2821167348.45
2011-07-07,'600249,两面针,7.52,7.66,7.41,7.46,7.48,0.04,0.5348,1.7642,6680788,50396565.0,3384000000.0,2847674961.12
2011-07-06,'600249,两面针,7.48,7.51,7.38,7.5,7.5,-0.02,-0.2667,0.9818,3718063,27661407.0,3366000000.0,2832527753.88
2011-07-05,'600249,两面针,7.5,7.53,7.42,7.5,7.52,-0.02,-0.266,1.159,4389068,32817673.0,3375000000.0,2840101357.5
2011-07-04,'600249,两面针,7.52,7.65,7.25,7.26,7.23,0.29,4.0111,2.7896,10563766,79602041.0,3384000000.0,2847674961.12
2011-07-01,'600249,两面针,7.23,7.33,7.22,7.23,7.22,0.01,0.1385,0.8641,3272105,23768716.0,3253500000.0,2737857708.63
2011-06-30,'600249,两面针,7.22,7.28,7.18,7.18,7.16,0.06,0.838,0.8155,3088025,22330648.0,3249000000.0,2734070906.82
2011-06-29,'600249,两面针,7.16,7.34,7.15,7.34,7.31,-0.15,-2.052,0.953,3608753,26150351.0,3222000000.0,2711350095.96
2011-06-28,'600249,两面针,7.31,7.35,7.25,7.33,7.36,-0.05,-0.6793,0.7547,2857772,20858515.0,3289500000.0,2768152123.11
2011-06-27,'600249,两面针,7.36,7.42,7.26,7.31,7.34,0.02,0.2725,1.2634,4784274,35120235.0,3312000000.0,2787086132.16
2011-06-24,'600249,两面针,7.34,7.47,7.18,7.22,7.26,0.08,1.1019,1.989,7531933,55129454.0,3303000000.0,2779512528.54
2011-06-23,'600249,两面针,7.26,7.35,7.1,7.16,7.19,0.07,0.9736,1.945,7365187,53136925.0,3267000000.0,2749218114.06
2011-06-22,'600249,两面针,7.19,7.2,7.05,7.11,7.15,0.04,0.5594,1.0846,4107275,29252179.0,3235500000.0,2722710501.39
2011-06-21,'600249,两面针,7.15,7.45,6.88,6.92,6.93,0.22,3.1746,1.8304,6931345,49458853.0,3217500000.0,2707563294.15
2011-06-20,'600249,两面针,6.93,6.98,6.86,6.9,6.93,0.0,0.0,0.6998,2650178,18348964.0,3118500000.0,2624253654.33
2011-06-17,'600249,两面针,6.93,6.95,6.81,6.89,6.89,0.04,0.5806,0.9302,3522303,24259104.0,3118500000.0,2624253654.33
2011-06-16,'600249,两面针,6.89,7.03,6.88,7.0,7.09,-0.2,-2.8209,0.6713,2542265,17669848.0,3100500000.0,2609106447.09
2011-06-15,'600249,两面针,7.09,7.16,7.08,7.12,7.12,-0.03,-0.4213,0.6163,2333928,16610036.0,3190500000.0,2684842483.29
2011-06-14,'600249,两面针,7.12,7.15,6.98,6.99,7.01,0.11,1.5692,0.7354,2784732,19743971.0,3204000000.0,2696202888.72
2011-06-13,'600249,两面针,7.01,7.08,6.89,7.08,7.12,-0.11,-1.5449,0.7129,2699765,18790844.0,3154500000.0,2654548068.81
2011-06-10,'600249,两面针,7.12,7.16,7.02,7.07,7.06,0.06,0.8499,0.7575,2868607,20335833.0,3204000000.0,2696202888.72
2011-06-09,'600249,两面针,7.06,7.24,7.06,7.23,7.23,-0.17,-2.3513,0.8169,3093436,22072285.0,3177000000.0,2673482077.86
2011-06-08,'600249,两面针,7.23,7.25,7.06,7.2,7.21,0.02,0.2774,0.7771,2942732,21128895.0,3253500000.0,2737857708.63
2011-06-07,'600249,两面针,7.21,7.23,7.16,7.17,7.2,0.01,0.1389,0.6126,2319945,16707952.0,3244500000.0,2730284105.01
2011-06-03,'600249,两面针,7.2,7.27,7.08,7.08,7.11,0.09,1.2658,0.8246,3122461,22413630.0,3240000000.0,2726497303.2
2011-06-02,'600249,两面针,7.11,7.18,6.96,7.18,7.23,-0.12,-1.6598,1.0249,3881123,27361468.0,3199500000.0,2692416086.91
2011-06-01,'600249,两面针,7.23,7.27,7.18,7.2,7.2,0.03,0.4167,0.7605,2879740,20803076.0,3253500000.0,2737857708.63
2011-05-31,'600249,两面针,7.2,7.22,7.07,7.1,7.09,0.11,1.5515,0.8355,3163981,22629185.0,3240000000.0,2726497303.2
2011-05-30,'600249,两面针,7.09,7.45,7.06,7.39,7.46,-0.37,-4.9598,1.6499,6247834,45347042.0,3190500000.0,2684842483.29
2011-05-27,'600249,两面针,7.46,8.16,7.4,8.16,8.17,-0.71,-8.6903,2.233,8456006,64680284.0,3357000000.0,2824954150.26
2011-05-26,'600249,两面针,0.0,0.0,0.0,0.0,8.17,None,None,0.0,0,0.0,3676500000.0,3093817078.77
2011-05-25,'600249,两面针,8.17,8.23,8.02,8.2,8.21,-0.04,-0.4872,2.47,9353463,76201092.0,3676500000.0,3093817078.77
2011-05-24,'600249,两面针,8.21,8.23,7.77,8.02,8.01,0.2,2.4969,2.4043,9104456,72906871.0,3694500000.0,3108964286.01
2011-05-23,'600249,两面针,8.01,8.22,7.9,8.21,8.24,-0.23,-2.7913,1.5055,5701199,45641150.0,3604500000.0,3033228249.81
2011-05-20,'600249,两面针,8.24,8.3,8.1,8.16,8.16,0.08,0.9804,1.1239,4255844,34996000.0,3708000000.0,3120324691.44
2011-05-19,'600249,两面针,8.16,8.3,8.12,8.28,8.28,-0.12,-1.4493,0.9244,3500499,28692568.0,3672000000.0,3090030276.96
2011-05-18,'600249,两面针,8.28,8.31,8.16,8.16,8.23,0.05,0.6075,1.084,4104871,33951925.0,3726000000.0,3135471898.68
2011-05-17,'600249,两面针,8.23,8.24,8.11,8.23,8.18,0.05,0.6112,0.902,3415518,27965747.0,3703500000.0,3116537889.63
2011-05-16,'600249,两面针,8.18,8.29,8.13,8.27,8.25,-0.07,-0.8485,1.0318,3907039,32007549.0,3681000000.0,3097603880.58
2011-05-13,'600249,两面针,8.25,8.34,7.96,7.96,8.02,0.23,2.8678,1.8197,6890738,56569332.0,3712500000.0,3124111493.25
2011-05-12,'600249,两面针,8.02,8.15,8.01,8.08,8.13,-0.11,-1.353,0.937,3548414,28643717.0,3609000000.0,3037015051.62
2011-05-11,'600249,两面针,8.13,8.18,8.05,8.09,8.1,0.03,0.3704,1.0108,3827853,31102975.0,3658500000.0,3078669871.53
2011-05-10,'600249,两面针,8.1,8.11,7.93,8.04,8.0,0.1,1.25,0.9208,3487001,28041669.0,3645000000.0,3067309466.1
2011-05-09,'600249,两面针,8.0,8.05,7.91,7.91,7.91,0.09,1.1378,0.7319,2771729,22162280.0,3600000000.0,3029441448.0
2011-05-06,'600249,两面针,7.91,7.97,7.74,7.95,7.96,-0.05,-0.6281,1.1001,4165838,32782049.0,3559500000.0,2995360231.71
2011-05-05,'600249,两面针,7.96,8.06,7.9,7.9,7.9,0.06,0.7595,0.7471,2829273,22598098.0,3582000000.0,3014294240.76
2011-05-04,'600249,两面针,7.9,8.13,7.86,8.1,8.13,-0.23,-2.829,1.1553,4374809,34993794.0,3555000000.0,2991573429.9
2011-05-03,'600249,两面针,8.13,8.15,7.96,8.04,8.03,0.1,1.2453,0.7698,2914907,23509117.0,3658500000.0,3078669871.53
2011-04-29,'600249,两面针,8.03,8.07,7.87,7.9,7.89,0.14,1.7744,0.8298,3142326,25108450.0,3613500000.0,3040801853.43
2011-04-28,'600249,两面针,7.89,8.22,7.88,8.11,8.17,-0.28,-3.4272,1.3878,5255201,42283445.0,3550500000.0,2987786628.09
2011-04-27,'600249,两面针,8.17,8.29,8.08,8.11,8.09,0.08,0.9889,1.4779,5596452,45791580.0,3676500000.0,3093817078.77
2011-04-26,'600249,两面针,8.09,8.29,8.07,8.21,8.22,-0.13,-1.5815,1.1855,4489250,36601855.0,3640500000.0,3063522664.29
2011-04-25,'600249,两面针,8.22,8.6,8.2,8.59,8.6,-0.38,-4.4186,1.9646,7439680,62302908.0,3699000000.0,3112751087.82
2011-04-22,'600249,两面针,8.6,8.66,8.54,8.57,8.6,0.0,0.0,1.2327,4668070,40083563.0,3870000000.0,3256649556.6
2011-04-21,'600249,两面针,8.6,8.66,8.51,8.59,8.57,0.03,0.3501,1.3623,5158860,44261700.0,3870000000.0,3256649556.6
2011-04-20,'600249,两面针,8.57,8.75,8.51,8.65,8.66,-0.09,-1.0393,1.7313,6556265,56440089.0,3856500000.0,3245289151.17
2011-04-19,'600249,两面针,8.66,8.76,8.57,8.76,8.79,-0.13,-1.479,1.7057,6459001,55915490.0,3897000000.0,3279370367.46
2011-04-18,'600249,两面针,8.79,8.81,8.6,8.72,8.79,0.0,0.0,1.7932,6790516,59150700.0,3955500000.0,3328598790.99
2011-04-15,'600249,两面针,8.79,8.92,8.68,8.84,8.86,-0.07,-0.7901,1.7235,6526559,57201935.0,3955500000.0,3328598790.99
2011-04-14,'600249,两面针,8.86,8.99,8.65,8.7,8.7,0.16,1.8391,2.319,8781586,77751317.0,3987000000.0,3355106403.66
2011-04-13,'600249,两面针,8.7,8.72,8.48,8.61,8.6,0.1,1.1628,1.3352,5056217,43597857.0,3915000000.0,3294517574.7
2011-04-12,'600249,两面针,8.6,8.71,8.52,8.57,8.58,0.02,0.2331,1.3846,5243336,45180943.0,3870000000.0,3256649556.6
2011-04-11,'600249,两面针,8.58,8.87,8.55,8.84,8.83,-0.25,-2.8313,2.0622,7809179,67866436.0,3861000000.0,3249075952.98
2011-04-08,'600249,两面针,8.83,8.86,8.76,8.85,8.85,-0.02,-0.226,1.5896,6019622,53064108.0,3973500000.0,3343745998.23
2011-04-07,'600249,两面针,8.85,8.86,8.7,8.7,8.74,0.11,1.2586,1.799,6812582,60015234.0,3982500000.0,3351319601.85
2011-04-06,'600249,两面针,8.74,8.79,8.53,8.6,8.68,0.06,0.6912,1.7223,6522102,56536182.0,3933000000.0,3309664781.94
2011-04-01,'600249,两面针,8.68,8.72,8.5,8.5,8.56,0.12,1.4019,1.513,5729240,49229833.0,3906000000.0,3286943971.08
2011-03-31,'600249,两面针,8.56,8.85,8.54,8.77,8.85,-0.29,-3.2768,1.8418,6974699,60510687.0,3852000000.0,3241502349.36
2011-03-30,'600249,两面针,8.85,8.87,8.65,8.84,8.88,-0.03,-0.3378,2.1129,8001282,70112668.0,3982500000.0,3351319601.85
2011-03-29,'600249,两面针,8.88,8.9,8.71,8.81,8.81,0.07,0.7946,2.7838,10541717,92693586.0,3996000000.0,3362680007.28
2011-03-28,'600249,两面针,8.81,9.1,8.75,9.05,8.99,-0.18,-2.0022,3.3185,12566566,111941084.0,3964500000.0,3336172394.61
2011-03-25,'600249,两面针,8.99,9.12,8.95,9.0,9.03,-0.04,-0.443,2.9655,11229752,101449831.0,4045500000.0,3404334827.19
2011-03-24,'600249,两面针,9.03,9.06,8.79,8.86,8.88,0.15,1.6892,3.6238,13722748,122367945.0,4063500000.0,3419482034.43
2011-03-23,'600249,两面针,8.88,8.91,8.71,8.8,8.81,0.07,0.7946,3.0496,11548258,101891939.0,3996000000.0,3362680007.28
2011-03-22,'600249,两面针,8.81,9.06,8.64,9.06,9.06,-0.25,-2.7594,3.3752,12781095,112804712.0,3964500000.0,3336172394.61
2011-03-21,'600249,两面针,9.06,9.14,8.89,9.0,8.98,0.08,0.8909,2.4593,9313023,84048291.0,4077000000.0,3430842439.86
2011-03-18,'600249,两面针,8.98,9.28,8.97,9.11,9.06,-0.08,-0.883,3.0269,11462368,104268093.0,4041000000.0,3400548025.38
2011-03-17,'600249,两面针,9.06,9.4,9.0,9.24,9.35,-0.29,-3.1016,5.6093,21241239,194893119.0,4077000000.0,3430842439.86
2011-03-16,'600249,两面针,9.35,9.65,9.16,9.42,9.35,0.0,0.0,8.7464,33120811,311206524.0,4207500000.0,3540659692.35
2011-03-15,'600249,两面针,9.35,9.7,8.72,8.72,8.83,0.52,5.889,12.7309,48209401,450213984.0,4207500000.0,3540659692.35
2011-03-14,'600249,两面针,8.83,8.89,8.5,8.5,8.49,0.34,4.0047,6.1816,23408347,205371851.0,3973500000.0,3343745998.23
2011-03-11,'600249,两面针,8.49,8.68,8.42,8.44,8.47,0.02,0.2361,4.1571,15741944,134769124.0,3820500000.0,3214994736.69
2011-03-10,'600249,两面针,8.47,8.58,8.32,8.36,8.4,0.07,0.8333,3.818,14458139,122115677.0,3811500000.0,3207421133.07
2011-03-09,'600249,两面针,8.4,8.43,8.21,8.33,8.32,0.08,0.9615,2.8789,10901902,90692299.0,3780000000.0,3180913520.4
2011-03-08,'600249,两面针,8.32,8.36,8.24,8.35,8.37,-0.05,-0.5974,2.1554,8161898,67707371.0,3744000000.0,3150619105.92
2011-03-07,'600249,两面针,8.37,8.49,8.28,8.35,8.27,0.1,1.2092,2.4909,9432693,79096325.0,3766500000.0,3169553114.97
2011-03-04,'600249,两面针,8.27,8.31,8.17,8.24,8.21,0.06,0.7308,1.7518,6633634,54708443.0,3721500000.0,3131685096.87
2011-03-03,'600249,两面针,8.21,8.48,8.16,8.45,8.47,-0.26,-3.0697,3.2991,12492915,103768699.0,3694500000.0,3108964286.01
2011-03-02,'600249,两面针,8.47,8.53,8.2,8.26,8.33,0.14,1.6807,4.788,18131018,151852581.0,3811500000.0,3207421133.07
2011-03-01,'600249,两面针,8.33,8.35,8.15,8.2,8.21,0.12,1.4616,3.525,13348422,110226344.0,3748500000.0,3154405907.73
2011-02-28,'600249,两面针,8.21,8.3,8.1,8.18,8.13,0.08,0.984,3.2881,12451514,102210964.0,3694500000.0,3108964286.01
2011-02-25,'600249,两面针,8.13,8.29,8.11,8.13,8.15,-0.02,-0.2454,2.8631,10842128,88683144.0,3658500000.0,3078669871.53
2011-02-24,'600249,两面针,8.15,8.22,7.84,7.9,7.9,0.25,3.1646,4.0787,15445194,125176243.0,3667500000.0,3086243475.15
2011-02-23,'600249,两面针,7.9,7.97,7.79,7.8,7.88,0.02,0.2538,1.699,6433834,50623771.0,3555000000.0,2991573429.9
2011-02-22,'600249,两面针,7.88,8.19,7.87,8.06,8.06,-0.18,-2.2333,2.7847,10544972,84780479.0,3546000000.0,2983999826.28
2011-02-21,'600249,两面针,8.06,8.09,7.86,7.92,7.97,0.09,1.1292,1.9901,7536289,60404516.0,3627000000.0,3052162258.86
2011-02-18,'600249,两面针,7.97,8.02,7.86,7.97,7.95,0.02,0.2516,1.5437,5845857,46350180.0,3586500000.0,3018081042.57
2011-02-17,'600249,两面针,7.95,8.08,7.88,8.08,8.07,-0.12,-1.487,2.7319,10344998,82468779.0,3577500000.0,3010507438.95
2011-02-16,'600249,两面针,8.07,8.12,8.0,8.04,8.04,0.03,0.3731,4.4586,16883986,136208768.0,3631500000.0,3055949060.67
2011-02-15,'600249,两面针,8.04,8.14,7.98,8.02,8.04,0.0,0.0,4.7721,18070842,145473401.0,3618000000.0,3044588655.24
2011-02-14,'600249,两面针,8.04,8.16,7.79,7.82,7.84,0.2,2.551,5.8406,22117043,177552613.0,3618000000.0,3044588655.24
2011-02-11,'600249,两面针,7.84,7.87,7.75,7.85,7.84,0.0,0.0,1.1712,4435083,34662313.0,3528000000.0,2968852619.04
2011-02-10,'600249,两面针,7.84,7.86,7.68,7.78,7.74,0.1,1.292,1.3067,4948315,38514648.0,3528000000.0,2968852619.04
2011-02-09,'600249,两面针,7.74,7.82,7.6,7.63,7.65,0.09,1.1765,1.3162,4984139,38586885.0,3483000000.0,2930984600.94
2011-02-01,'600249,两面针,7.65,7.71,7.58,7.65,7.68,-0.03,-0.3906,0.8288,3138458,23988237.0,3442500000.0,2896903384.65
2011-01-31,'600249,两面针,7.68,7.68,7.55,7.64,7.62,0.06,0.7874,0.9907,3751549,28602320.0,3456000000.0,2908263790.08
2011-01-28,'600249,两面针,7.62,7.66,7.52,7.6,7.59,0.03,0.3953,0.8437,3195102,24337595.0,3429000000.0,2885542979.22
2011-01-27,'600249,两面针,7.59,7.61,7.44,7.53,7.55,0.04,0.5298,1.093,4139159,31222419.0,3415500000.0,2874182573.79
2011-01-26,'600249,两面针,7.55,7.56,7.38,7.49,7.45,0.1,1.3423,1.1438,4331389,32311098.0,3397500000.0,2859035366.55
2011-01-25,'600249,两面针,7.45,7.51,7.33,7.4,7.36,0.09,1.2228,0.8796,3330958,24708836.0,3352500000.0,2821167348.45
2011-01-24,'600249,两面针,7.36,7.62,7.3,7.59,7.58,-0.22,-2.9024,1.6657,6307823,46984194.0,3312000000.0,2787086132.16
2011-01-21,'600249,两面针,7.58,7.63,7.45,7.5,7.5,0.08,1.0667,1.7017,6444056,48553235.0,3411000000.0,2870395771.98
2011-01-20,'600249,两面针,7.5,7.89,7.47,7.89,7.93,-0.43,-5.4224,2.8707,10870939,83775654.0,3375000000.0,2840101357.5
2011-01-19,'600249,两面针,7.93,7.96,7.75,7.85,7.82,0.11,1.4066,2.3807,9015364,71064661.0,3568500000.0,3002933835.33
2011-01-18,'600249,两面针,7.82,8.18,7.7,8.18,8.26,-0.44,-5.3269,3.905,14787388,116312554.0,3519000000.0,2961279015.42
2011-01-17,'600249,两面针,8.26,8.45,8.13,8.15,8.17,0.09,1.1016,8.3821,31741304,261986220.0,3717000000.0,3127898295.06
2011-01-14,'600249,两面针,8.17,8.3,8.11,8.18,8.16,0.01,0.1225,8.0298,30407446,250198265.0,3676500000.0,3093817078.77
2011-01-13,'600249,两面针,8.16,8.33,8.05,8.17,8.15,0.01,0.1227,7.7866,29486162,241555930.0,3672000000.0,3090030276.96
2011-01-12,'600249,两面针,8.15,8.28,7.95,8.0,8.07,0.08,0.9913,10.4622,39618239,322165914.0,3667500000.0,3086243475.15
2011-01-11,'600249,两面针,8.07,8.27,7.53,7.69,7.52,0.55,7.3138,10.4353,39516440,325277639.0,3631500000.0,3055949060.67
2011-01-10,'600249,两面针,7.52,7.78,7.51,7.68,7.68,-0.16,-2.0833,0.9005,3409843,26132137.0,3384000000.0,2847674961.12
2011-01-07,'600249,两面针,7.68,7.77,7.62,7.69,7.62,0.06,0.7874,0.9092,3443121,26523165.0,3456000000.0,2908263790.08
2011-01-06,'600249,两面针,7.62,7.85,7.59,7.83,7.8,-0.18,-2.3077,0.7694,2913730,22556281.0,3429000000.0,2885542979.22
2011-01-05,'600249,两面针,7.8,7.92,7.69,7.75,7.75,0.05,0.6452,1.0392,3935359,30742157.0,3510000000.0,2953705411.8
2011-01-04,'600249,两面针,7.75,7.85,7.65,7.78,7.7,0.05,0.6494,1.4181,5370180,41658446.0,3487500000.0,2934771402.75
2010-12-31,'600249,两面针,7.7,7.71,7.54,7.55,7.63,0.07,0.9174,0.8748,3312588,25324065.0,3465000000.0,2915837393.7
2010-12-30,'600249,两面针,7.63,7.74,7.53,7.54,7.61,0.02,0.2628,1.0746,4069339,31052060.0,3433500000.0,2889329781.03
2010-12-29,'600249,两面针,7.61,7.62,7.43,7.47,7.45,0.16,2.1477,1.039,3934612,29641363.0,3424500000.0,2881756177.41
2010-12-28,'600249,两面针,7.45,7.75,7.33,7.75,7.72,-0.27,-3.4974,1.647,6236851,46636015.0,3352500000.0,2821167348.45
2010-12-27,'600249,两面针,7.72,8.03,7.7,7.99,7.94,-0.22,-2.7708,1.3246,5015977,39578081.0,3474000000.0,2923410997.32
2010-12-24,'600249,两面针,7.94,8.04,7.86,7.99,8.01,-0.07,-0.8739,1.0117,3831189,30446694.0,3573000000.0,3006720637.14
2010-12-23,'600249,两面针,8.01,8.11,7.98,8.1,8.09,-0.08,-0.9889,1.2402,4696414,37829265.0,3604500000.0,3033228249.81
2010-12-22,'600249,两面针,8.09,8.19,8.03,8.17,8.14,-0.05,-0.6143,1.3889,5259447,42605731.0,3640500000.0,3063522664.29
2010-12-21,'600249,两面针,8.14,8.17,8.03,8.06,8.07,0.07,0.8674,1.3467,5099498,41320371.0,3663000000.0,3082456673.34
2010-12-20,'600249,两面针,8.07,8.33,7.94,8.31,8.29,-0.22,-2.6538,2.3696,8973307,72696059.0,3631500000.0,3055949060.67
2010-12-17,'600249,两面针,8.29,8.34,8.12,8.24,8.27,0.02,0.2418,1.5592,5904474,48647076.0,3730500000.0,3139258700.49
2010-12-16,'600249,两面针,8.27,8.29,8.17,8.2,8.21,0.06,0.7308,1.8064,6840406,56341279.0,3721500000.0,3131685096.87
2010-12-15,'600249,两面针,8.21,8.47,8.2,8.43,8.44,-0.23,-2.7251,3.2794,12418256,102938170.0,3694500000.0,3108964286.01
2010-12-14,'600249,两面针,8.44,8.54,8.36,8.48,8.42,0.02,0.2375,4.4776,16955759,143156661.0,3798000000.0,3196060727.64
2010-12-13,'600249,两面针,8.42,8.59,8.28,8.41,8.39,0.03,0.3576,6.7518,25567816,216482991.0,3789000000.0,3188487124.02
2010-12-10,'600249,两面针,8.39,8.5,8.08,8.09,8.36,0.03,0.3589,6.8173,25815576,215426334.0,3775500000.0,3177126718.59
2010-12-09,'600249,两面针,8.36,8.7,8.19,8.2,7.91,0.45,5.689,11.6656,44175376,374653404.0,3762000000.0,3165766313.16
2010-12-08,'600249,两面针,7.91,8.05,7.89,7.95,7.86,0.05,0.6361,0.9269,3510127,27985145.0,3559500000.0,2995360231.71
2010-12-07,'600249,两面针,7.86,7.99,7.74,7.96,7.93,-0.07,-0.8827,0.9593,3632579,28594035.0,3537000000.0,2976426222.66
2010-12-06,'600249,两面针,7.93,8.04,7.8,7.99,8.04,-0.11,-1.3682,1.0316,3906372,31056211.0,3568500000.0,3002933835.33
2010-12-03,'600249,两面针,8.04,8.05,7.89,7.98,7.95,0.09,1.1321,0.9562,3620992,28838038.0,3618000000.0,3044588655.24
2010-12-02,'600249,两面针,7.95,8.08,7.92,7.96,7.9,0.05,0.6329,1.1497,4353571,34769202.0,3577500000.0,3010507438.95
2010-12-01,'600249,两面针,7.9,7.95,7.82,7.82,7.86,0.04,0.5089,0.8899,3369723,26576623.0,3555000000.0,2991573429.9
2010-11-30,'600249,两面针,7.86,8.23,7.75,8.22,8.22,-0.36,-4.3796,1.7194,6510938,51725934.0,3537000000.0,2976426222.66
2010-11-29,'600249,两面针,8.22,8.24,8.07,8.13,8.13,0.09,1.107,1.7388,6584569,53888537.0,3699000000.0,3112751087.82
2010-11-26,'600249,两面针,8.13,8.19,8.04,8.15,8.15,-0.02,-0.2454,1.3059,4945031,40042166.0,3658500000.0,3078669871.53
2010-11-25,'600249,两面针,8.15,8.18,8.02,8.07,8.03,0.12,1.4944,1.6946,6417004,52057052.0,3667500000.0,3086243475.15
2010-11-24,'600249,两面针,8.03,8.04,7.8,7.82,7.86,0.17,2.1628,1.5002,5680925,45309626.0,3613500000.0,3040801853.43
2010-11-23,'600249,两面针,7.86,8.05,7.76,8.04,8.12,-0.26,-3.202,1.2711,4813363,37970377.0,3537000000.0,2976426222.66
2010-11-22,'600249,两面针,8.12,8.14,7.85,7.9,7.98,0.14,1.7544,2.0092,7608437,60883023.0,3654000000.0,3074883069.72
2010-11-19,'600249,两面针,7.98,7.99,7.75,7.93,7.91,0.07,0.885,1.7042,6453491,50998644.0,3591000000.0,3021867844.38
2010-11-18,'600249,两面针,7.91,7.98,7.73,7.8,7.71,0.2,2.594,1.3262,5022150,39413047.0,3559500000.0,2995360231.71
2010-11-17,'600249,两面针,7.71,7.92,7.67,7.72,7.81,-0.1,-1.2804,1.2317,4664154,36309796.0,3469500000.0,2919624195.51
2010-11-16,'600249,两面针,7.81,8.16,7.7,8.01,8.04,-0.23,-2.8607,2.4568,9303548,73626912.0,3514500000.0,2957492213.61
2010-11-15,'600249,两面针,8.04,8.06,7.76,7.91,7.84,0.2,2.551,2.2856,8655027,68543780.0,3618000000.0,3044588655.24
2010-11-12,'600249,两面针,7.84,8.6,7.81,8.46,8.56,-0.72,-8.4112,4.1161,15586874,127764821.0,3528000000.0,2968852619.04
2010-11-11,'600249,两面针,8.56,8.86,8.52,8.71,8.75,-0.19,-2.1714,3.8181,14458298,126729312.0,3852000000.0,3241502349.36
2010-11-10,'600249,两面针,8.75,8.76,8.6,8.65,8.7,0.05,0.5747,2.8832,10918129,95008454.0,3937500000.0,3313451583.75
2010-11-09,'600249,两面针,8.7,8.8,8.65,8.8,8.85,-0.15,-1.6949,3.0269,11462322,99915070.0,3915000000.0,3294517574.7
2010-11-08,'600249,两面针,8.85,8.98,8.7,8.75,8.71,0.14,1.6073,4.6009,17422744,153605117.0,3982500000.0,3351319601.85
2010-11-05,'600249,两面针,8.71,8.83,8.68,8.68,8.69,0.02,0.2301,4.3292,16393721,143229756.0,3919500000.0,3298304376.51
2010-11-04,'600249,两面针,8.69,8.77,8.54,8.58,8.61,0.08,0.9292,4.328,16389251,142575704.0,3910500000.0,3290730772.89
2010-11-03,'600249,两面针,8.61,8.87,8.58,8.87,8.71,-0.1,-1.1481,5.0128,18982612,165438080.0,3874500000.0,3260436358.41
2010-11-02,'600249,两面针,8.71,8.9,8.55,8.68,8.67,0.04,0.4614,9.0365,34219508,298477984.0,3919500000.0,3298304376.51
2010-11-01,'600249,两面针,8.67,8.8,8.17,8.18,8.12,0.55,6.7734,9.8316,37230480,320765048.0,3901500000.0,3283157169.27
2010-10-29,'600249,两面针,8.12,8.18,8.05,8.14,8.15,-0.03,-0.3681,1.9425,7355688,59559204.0,3654000000.0,3074883069.72
2010-10-28,'600249,两面针,8.15,8.19,8.06,8.06,8.1,0.05,0.6173,2.2823,8642445,70256202.0,3667500000.0,3086243475.15
2010-10-27,'600249,两面针,8.1,8.2,8.03,8.18,8.19,-0.09,-1.0989,2.7382,10368865,84369297.0,3645000000.0,3067309466.1
2010-10-26,'600249,两面针,8.19,8.28,8.03,8.26,8.32,-0.13,-1.5625,4.4406,16815728,136892280.0,3685500000.0,3101390682.39
2010-10-25,'600249,两面针,8.32,8.42,8.18,8.2,8.2,0.12,1.4634,3.1731,12016069,99793180.0,3744000000.0,3150619105.92
2010-10-22,'600249,两面针,8.2,8.34,8.16,8.33,8.36,-0.16,-1.9139,2.8646,10847561,89098175.0,3690000000.0,3105177484.2
2010-10-21,'600249,两面针,8.36,8.58,8.23,8.47,8.56,-0.2,-2.3364,3.6138,13684739,114774992.0,3762000000.0,3165766313.16
2010-10-20,'600249,两面针,8.56,8.62,8.05,8.09,8.31,0.25,3.0084,6.3079,23886847,199324598.0,3852000000.0,3241502349.36
2010-10-19,'600249,两面针,8.31,8.35,8.06,8.17,8.23,0.08,0.9721,3.8127,14437955,119000913.0,3739500000.0,3146832304.11
2010-10-18,'600249,两面针,8.23,8.4,7.9,8.22,8.19,0.04,0.4884,5.3952,20430702,167599968.0,3703500000.0,3116537889.63
2010-10-15,'600249,两面针,8.19,8.39,7.91,7.91,7.9,0.29,3.6709,6.2344,23608496,193310869.0,3685500000.0,3101390682.39
2010-10-14,'600249,两面针,7.9,8.42,7.85,8.04,8.06,-0.16,-1.9851,5.502,20835014,169117791.0,3555000000.0,2991573429.9
2010-10-13,'600249,两面针,8.06,8.2,7.74,7.82,7.89,0.17,2.1546,4.6218,17501873,139130925.0,3627000000.0,3052162258.86
2010-10-12,'600249,两面针,7.89,7.97,7.73,7.82,7.93,-0.04,-0.5044,4.0623,15383122,120583175.0,3550500000.0,2987786628.09
2010-10-11,'600249,两面针,7.93,8.23,7.83,7.87,7.85,0.08,1.0191,10.2532,38826839,310386588.0,3568500000.0,3002933835.33
2010-10-08,'600249,两面针,7.85,7.85,7.17,7.3,7.14,0.71,9.944,8.3173,31496059,243968522.0,3532500000.0,2972639420.85
2010-09-30,'600249,两面针,7.14,7.16,6.95,7.02,7.06,0.08,1.1331,0.9461,3582713,25427214.0,3213000000.0,2703776492.34
2010-09-29,'600249,两面针,7.06,7.22,7.05,7.18,7.18,-0.12,-1.6713,1.572,5952990,42333267.0,3177000000.0,2673482077.86
2010-09-28,'600249,两面针,7.18,7.34,7.15,7.28,7.32,-0.14,-1.9126,1.065,4032962,29243124.0,3231000000.0,2718923699.58
2010-09-27,'600249,两面针,7.32,7.36,7.19,7.25,7.21,0.11,1.5257,1.0271,3889455,28381267.0,3294000000.0,2771938924.92
2010-09-21,'600249,两面针,7.21,7.25,7.14,7.18,7.18,0.03,0.4178,0.8408,3183823,22909001.0,3244500000.0,2730284105.01
2010-09-20,'600249,两面针,7.18,7.28,7.1,7.23,7.24,-0.06,-0.8287,1.3497,5111087,36789216.0,3231000000.0,2718923699.58
2010-09-17,'600249,两面针,7.24,7.43,7.18,7.36,7.36,-0.12,-1.6304,1.7195,6511396,47792827.0,3258000000.0,2741644510.44
2010-09-16,'600249,两面针,7.36,7.62,7.22,7.61,7.64,-0.28,-3.6649,3.1885,12074171,89270670.0,3312000000.0,2787086132.16
2010-09-15,'600249,两面针,7.64,7.85,7.53,7.6,7.59,0.05,0.6588,6.1064,23123803,178487014.0,3438000000.0,2893116582.84
2010-09-14,'600249,两面针,7.59,7.61,7.48,7.57,7.57,0.02,0.2642,2.0208,7652538,57763503.0,3415500000.0,2874182573.79
2010-09-13,'600249,两面针,7.57,7.63,7.44,7.45,7.49,0.08,1.0681,2.4552,9297430,70265147.0,3406500000.0,2866608970.17
2010-09-10,'600249,两面针,7.49,7.53,7.2,7.36,7.37,0.12,1.6282,1.8974,7185153,52937240.0,3370500000.0,2836314555.69
2010-09-09,'600249,两面针,7.37,7.64,7.32,7.6,7.58,-0.21,-2.7704,2.6066,9870683,74040083.0,3316500000.0,2790872933.97
2010-09-08,'600249,两面针,7.58,7.61,7.52,7.59,7.63,-0.05,-0.6553,1.6941,6415291,48542334.0,3411000000.0,2870395771.98
2010-09-07,'600249,两面针,7.63,7.64,7.43,7.55,7.57,0.06,0.7926,2.3551,8918440,67011647.0,3433500000.0,2889329781.03
2010-09-06,'600249,两面针,7.57,7.65,7.45,7.51,7.48,0.09,1.2032,3.9736,15047397,113895401.0,3406500000.0,2866608970.17
2010-09-03,'600249,两面针,7.48,7.49,7.37,7.42,7.43,0.05,0.6729,2.6188,9916954,73772039.0,3366000000.0,2832527753.88
2010-09-02,'600249,两面针,7.43,7.43,7.28,7.35,7.29,0.14,1.9204,1.7551,6646209,48959549.0,3343500000.0,2813593744.83
2010-09-01,'600249,两面针,7.29,7.47,7.18,7.43,7.43,-0.14,-1.8843,1.7723,6711280,49218406.0,3280500000.0,2760578519.49
2010-08-31,'600249,两面针,7.43,7.49,7.35,7.49,7.52,-0.09,-1.1968,1.996,7558447,56032260.0,3343500000.0,2813593744.83
2010-08-30,'600249,两面针,7.52,7.65,7.31,7.32,7.3,0.22,3.0137,3.8861,14716060,110437157.0,3384000000.0,2847674961.12
2010-08-27,'600249,两面针,7.3,7.35,7.21,7.28,7.29,0.01,0.1372,0.8991,3404715,24787837.0,3285000000.0,2764365321.3
2010-08-26,'600249,两面针,7.29,7.31,7.17,7.23,7.22,0.07,0.9695,1.3321,5044364,36616648.0,3280500000.0,2760578519.49
2010-08-25,'600249,两面针,7.22,7.4,7.22,7.36,7.43,-0.21,-2.8264,1.7693,6699886,48982935.0,3249000000.0,2734070906.82
2010-08-24,'600249,两面针,7.43,7.49,7.21,7.25,7.31,0.12,1.6416,2.0403,7726338,56906717.0,3343500000.0,2813593744.83
2010-08-23,'600249,两面针,7.31,7.36,7.22,7.3,7.3,0.01,0.137,1.5555,5890180,42889255.0,3289500000.0,2768152123.11
2010-08-20,'600249,两面针,7.3,7.53,7.3,7.53,7.54,-0.24,-3.183,2.0288,7682689,56693728.0,3285000000.0,2764365321.3
2010-08-19,'600249,两面针,7.54,7.59,7.45,7.55,7.54,0.0,0.0,1.5788,5978548,45002063.0,3393000000.0,2855248564.74
2010-08-18,'600249,两面针,7.54,7.69,7.5,7.66,7.7,-0.16,-2.0779,2.0495,7761025,58868061.0,3393000000.0,2855248564.74
2010-08-17,'600249,两面针,7.7,7.75,7.49,7.61,7.62,0.08,1.0499,3.5367,13392910,101708583.0,3465000000.0,2915837393.7
2010-08-16,'600249,两面针,7.62,7.68,7.51,7.51,7.43,0.19,2.5572,5.4904,20790904,158220908.0,3429000000.0,2885542979.22
2010-08-13,'600249,两面针,7.43,7.49,7.17,7.3,7.3,0.13,1.7808,2.3865,9037169,66576540.0,3343500000.0,2813593744.83
2010-08-12,'600249,两面针,7.3,7.37,7.14,7.22,7.29,0.01,0.1372,2.1889,8289104,60282656.0,3285000000.0,2764365321.3
2010-08-11,'600249,两面针,7.29,7.3,7.08,7.08,7.13,0.16,2.244,1.9271,7297405,52637145.0,3280500000.0,2760578519.49
2010-08-10,'600249,两面针,7.13,7.47,7.11,7.39,7.44,-0.31,-4.1667,2.3579,8928894,64987650.0,3208500000.0,2699989690.53
2010-08-09,'600249,两面针,7.44,7.69,7.39,7.5,7.37,0.07,0.9498,4.0023,15155830,113903251.0,3348000000.0,2817380546.64
2010-08-06,'600249,两面针,7.37,7.4,7.1,7.12,7.14,0.23,3.2213,3.0165,11422787,83234699.0,3316500000.0,2790872933.97
2010-08-05,'600249,两面针,7.14,7.23,7.07,7.11,7.14,0.0,0.0,1.6191,6131247,43819026.0,3213000000.0,2703776492.34
2010-08-04,'600249,两面针,7.14,7.15,6.92,7.08,7.12,0.02,0.2809,1.8506,7008015,49552239.0,3213000000.0,2703776492.34
2010-08-03,'600249,两面针,7.12,7.31,7.1,7.28,7.29,-0.17,-2.332,2.4749,9371964,67708578.0,3204000000.0,2696202888.72
2010-08-02,'600249,两面针,7.29,7.3,7.08,7.1,7.11,0.18,2.5316,2.3605,8938898,64391657.0,3280500000.0,2760578519.49
2010-07-30,'600249,两面针,7.11,7.2,7.05,7.16,7.21,-0.1,-1.387,2.0927,7924556,56375542.0,3199500000.0,2692416086.91
2010-07-29,'600249,两面针,7.21,7.25,7.05,7.08,7.1,0.11,1.5493,3.157,11955111,85326160.0,3244500000.0,2730284105.01
2010-07-28,'600249,两面针,7.1,7.13,6.9,6.94,6.96,0.14,2.0115,2.7189,10295954,72439968.0,3195000000.0,2688629285.1
2010-07-27,'600249,两面针,6.96,7.03,6.87,6.96,6.96,0.0,0.0,1.7491,6623334,46143945.0,3132000000.0,2635614059.76
2010-07-26,'600249,两面针,6.96,7.01,6.83,6.9,6.95,0.01,0.1439,1.601,6062795,41925438.0,3132000000.0,2635614059.76
2010-07-23,'600249,两面针,6.95,7.05,6.82,6.96,6.97,-0.02,-0.2869,1.711,6479377,44844760.0,3127500000.0,2631827257.95
2010-07-22,'600249,两面针,6.97,7.0,6.82,6.9,6.97,0.0,0.0,2.1236,8041722,55624766.0,3136500000.0,2639400861.57
2010-07-21,'600249,两面针,6.97,7.06,6.75,6.81,6.87,0.1,1.4556,2.8832,10918044,75146536.0,3136500000.0,2639400861.57
2010-07-20,'600249,两面针,6.87,6.89,6.67,6.72,6.72,0.15,2.2321,1.7866,6765620,46038596.0,3091500000.0,2601532843.47
2010-07-19,'600249,两面针,6.72,6.74,6.36,6.45,6.59,0.13,1.9727,1.2849,4865523,32132358.0,3024000000.0,2544730816.32
2010-07-16,'600249,两面针,6.59,6.66,6.38,6.5,6.5,0.09,1.3846,0.7546,2857549,18608692.0,2965500000.0,2495502392.79
2010-07-15,'600249,两面针,6.5,6.79,6.5,6.71,6.73,-0.23,-3.4175,0.7097,2687669,17871306.0,2925000000.0,2461421176.5
2010-07-14,'600249,两面针,6.73,6.82,6.67,6.68,6.65,0.08,1.203,0.8358,3165084,21334275.0,3028500000.0,2548517618.13
2010-07-13,'600249,两面针,6.65,6.76,6.55,6.75,6.81,-0.16,-2.3495,0.9397,3558599,23673853.0,2992500000.0,2518223203.65
2010-07-12,'600249,两面针,6.81,6.87,6.71,6.87,6.78,0.03,0.4425,1.1233,4253651,28856274.0,3064500000.0,2578812032.61
2010-07-09,'600249,两面针,6.78,6.81,6.44,6.53,6.49,0.29,4.4684,1.5743,5961547,39652940.0,3051000000.0,2567451627.18
2010-07-08,'600249,两面针,6.49,6.57,6.41,6.56,6.51,-0.02,-0.3072,0.7121,2696551,17490321.0,2920500000.0,2457634374.69
2010-07-07,'600249,两面针,6.51,6.54,6.38,6.47,6.46,0.05,0.774,0.7698,2915154,18838364.0,2929500000.0,2465207978.31
2010-07-06,'600249,两面针,6.46,6.47,6.19,6.2,6.28,0.18,2.8662,0.9517,3604071,22983729.0,2907000000.0,2446273969.26
2010-07-05,'600249,两面针,6.28,6.35,6.15,6.35,6.36,-0.08,-1.2579,0.5009,1896950,11895009.0,2826000000.0,2378111536.68
2010-07-02,'600249,两面针,6.36,6.42,6.14,6.37,6.35,0.01,0.1575,0.7836,2967348,18671506.0,2862000000.0,2408405951.16
2010-07-01,'600249,两面针,6.35,6.45,6.32,6.32,6.34,0.01,0.1577,0.6989,2646779,16909706.0,2857500000.0,2404619149.35
2010-06-30,'600249,两面针,6.34,6.67,6.21,6.6,6.73,-0.39,-5.7949,1.0663,4037946,26375787.0,2853000000.0,2400832347.54
2010-06-29,'600249,两面针,6.73,7.24,6.7,7.19,7.19,-0.46,-6.3978,1.3057,4944384,34220552.0,3028500000.0,2548517618.13
2010-06-28,'600249,两面针,7.19,7.32,7.16,7.27,7.28,-0.09,-1.2363,0.4813,1822673,13164942.0,3235500000.0,2722710501.39
2010-06-25,'600249,两面针,7.28,7.46,7.24,7.46,7.46,-0.18,-2.4129,0.7552,2859848,20937710.0,3276000000.0,2756791717.68
2010-06-24,'600249,两面针,7.46,7.55,7.44,7.49,7.48,-0.02,-0.2674,0.504,1908450,14279765.0,3357000000.0,2824954150.26
2010-06-23,'600249,两面针,7.48,7.61,7.43,7.52,7.58,-0.1,-1.3193,0.8185,3099326,23260100.0,3366000000.0,2832527753.88
2010-06-22,'600249,两面针,7.58,7.67,7.5,7.54,7.59,-0.01,-0.1318,1.2998,4922121,37386346.0,3411000000.0,2870395771.98
2010-06-21,'600249,两面针,7.59,7.6,7.13,7.27,7.46,0.13,1.7426,1.5279,5785860,42674053.0,3415500000.0,2874182573.79
2010-06-18,'600249,两面针,0.0,0.0,0.0,0.0,7.46,None,None,0.0,0,0.0,3357000000.0,2824954150.26
2010-06-17,'600249,两面针,7.46,7.58,7.45,7.51,7.41,0.05,0.6748,0.9596,3633793,27295274.0,3357000000.0,2824954150.26
2010-06-11,'600249,两面针,7.41,7.56,7.4,7.51,7.5,-0.09,-1.2,0.7458,2824217,21069780.0,3334500000.0,2806020141.21
2010-06-10,'600249,两面针,7.5,7.55,7.44,7.5,7.5,0.0,0.0,1.0017,3793204,28450791.0,3375000000.0,2840101357.5
2010-06-09,'600249,两面针,7.5,7.52,7.27,7.32,7.32,0.18,2.459,1.3746,5205370,38588690.0,3375000000.0,2840101357.5
2010-06-08,'600249,两面针,7.32,7.36,7.14,7.21,7.22,0.1,1.385,0.8233,3117635,22649744.0,3294000000.0,2771938924.92
2010-06-07,'600249,两面针,7.22,7.3,7.07,7.18,7.34,-0.12,-1.6349,0.9023,3416813,24538623.0,3249000000.0,2734070906.82
2010-06-04,'600249,两面针,7.34,7.4,7.1,7.16,7.18,0.16,2.2284,0.9677,3664419,26638372.0,3303000000.0,2779512528.54
2010-06-03,'600249,两面针,7.18,7.35,7.16,7.33,7.27,-0.09,-1.238,0.7954,3011949,21937994.0,3231000000.0,2718923699.58
2010-06-02,'600249,两面针,7.27,7.28,7.02,7.03,7.19,0.08,1.1127,0.7376,2793214,20061900.0,3271500000.0,2753004915.87
2010-06-01,'600249,两面针,7.19,7.39,7.01,7.3,7.41,-0.22,-2.969,1.1367,4304408,31007052.0,3235500000.0,2722710501.39
2010-05-31,'600249,两面针,7.41,7.71,7.4,7.7,7.7,-0.29,-3.7662,1.0824,4098998,31029238.0,3334500000.0,2806020141.21
2010-05-28,'600249,两面针,7.7,7.84,7.65,7.74,7.7,0.0,0.0,1.8173,6881584,53117501.0,3465000000.0,2915837393.7
2010-05-27,'600249,两面针,7.7,7.72,7.42,7.57,7.58,0.12,1.5831,1.532,5801524,44035490.0,3465000000.0,2915837393.7
2010-05-26,'600249,两面针,7.58,7.66,7.47,7.47,7.5,0.08,1.0667,1.1732,4442587,33654129.0,3411000000.0,2870395771.98
2010-05-25,'600249,两面针,7.5,7.65,7.49,7.57,7.64,-0.14,-1.8325,1.4397,5451702,41156861.0,3375000000.0,2840101357.5
2010-05-24,'600249,两面针,7.64,7.73,7.36,7.36,7.36,0.28,3.8043,2.1154,8010696,60858604.0,3438000000.0,2893116582.84
2010-05-21,'600249,两面针,7.36,7.4,7.0,7.14,7.33,0.03,0.4093,1.6113,6101631,43950561.0,3312000000.0,2787086132.16
2010-05-20,'600249,两面针,7.33,7.63,7.31,7.45,7.55,-0.22,-2.9139,0.9464,3583661,26726448.0,3298500000.0,2775725726.73
2010-05-19,'600249,两面针,7.55,7.73,7.42,7.59,7.66,-0.11,-1.436,1.039,3934408,29826174.0,3397500000.0,2859035366.55
2010-05-18,'600249,两面针,7.66,7.73,7.33,7.59,7.6,0.06,0.7895,1.4367,5440310,41043095.0,3447000000.0,2900690186.46
2010-05-17,'600249,两面针,7.6,7.99,7.52,7.95,8.11,-0.51,-6.2885,1.4074,5329636,41449561.0,3420000000.0,2877969375.6
2010-05-14,'600249,两面针,8.11,8.16,8.0,8.12,8.16,-0.05,-0.6127,1.0704,4053204,32756574.0,3649500000.0,3071096267.91
2010-05-13,'600249,两面针,8.16,8.17,7.89,7.99,7.98,0.18,2.2556,1.1851,4487827,36165126.0,3672000000.0,3090030276.96
2010-05-12,'600249,两面针,7.98,8.08,7.76,8.08,8.03,-0.05,-0.6227,1.1817,4474764,35442519.0,3591000000.0,3021867844.38
2010-05-11,'600249,两面针,8.03,8.37,8.02,8.33,8.18,-0.15,-1.8337,1.1115,4208932,34475239.0,3613500000.0,3040801853.43
2010-05-10,'600249,两面针,8.18,8.25,7.91,8.08,8.12,0.06,0.7389,1.4143,5355510,43483658.0,3681000000.0,3097603880.58
2010-05-07,'600249,两面针,8.12,8.34,8.03,8.25,8.4,-0.28,-3.3333,1.4436,5466710,44824515.0,3654000000.0,3074883069.72
2010-05-06,'600249,两面针,8.4,8.75,8.39,8.7,8.76,-0.36,-4.1096,1.8423,6976369,59632546.0,3780000000.0,3180913520.4
2010-05-05,'600249,两面针,8.76,8.79,8.45,8.49,8.55,0.21,2.4561,1.5723,5953857,51277311.0,3942000000.0,3317238385.56
2010-05-04,'600249,两面针,8.55,8.69,8.41,8.5,8.65,-0.1,-1.1561,1.347,5100684,43688653.0,3847500000.0,3237715547.55
2010-04-30,'600249,两面针,8.65,8.96,8.47,8.91,8.89,-0.24,-2.6997,1.8083,6847496,59229813.0,3892500000.0,3275583565.65
2010-04-29,'600249,两面针,8.89,9.17,8.87,9.16,9.08,-0.19,-2.0925,1.5077,5709481,51737820.0,4000500000.0,3366466809.09
2010-04-28,'600249,两面针,9.08,9.19,8.9,8.99,9.08,0.0,0.0,1.484,5619477,50995581.0,4086000000.0,3438416043.48
2010-04-27,'600249,两面针,9.08,9.4,8.88,9.28,9.57,-0.49,-5.1202,3.9565,14982535,136611084.0,4086000000.0,3438416043.48
2010-04-26,'600249,两面针,9.57,9.76,9.52,9.7,9.69,-0.12,-1.2384,2.0677,7829807,75481035.0,4306500000.0,3623969332.17
2010-04-23,'600249,两面针,9.69,9.85,9.61,9.72,9.72,-0.03,-0.3086,2.1245,8045224,78196900.0,4360500000.0,3669410953.89
2010-04-22,'600249,两面针,9.72,9.9,9.66,9.85,9.92,-0.2,-2.0161,2.8652,10850076,106109437.0,4374000000.0,3680771359.32
2010-04-21,'600249,两面针,9.92,9.95,9.62,9.69,9.71,0.21,2.1627,3.3695,12759684,125055704.0,4464000000.0,3756507395.52
2010-04-20,'600249,两面针,9.71,9.87,9.4,9.71,9.74,-0.03,-0.308,3.695,13992133,134960896.0,4369500000.0,3676984557.51
2010-04-19,'600249,两面针,9.74,10.28,9.66,10.28,10.61,-0.87,-8.1998,6.411,24277134,244487749.0,4383000000.0,3688344962.94
2010-04-16,'600249,两面针,10.61,11.09,10.6,10.8,10.88,-0.27,-2.4816,5.0981,19305356,208070852.0,4774500000.0,4017796720.41
2010-04-15,'600249,两面针,10.88,10.89,10.53,10.68,10.69,0.19,1.7774,5.8711,22232612,237949633.0,4896000000.0,4120040369.28
2010-04-14,'600249,两面针,10.69,10.8,10.18,10.34,10.34,0.35,3.3849,7.6311,28897399,306576411.0,4810500000.0,4048091134.89
2010-04-13,'600249,两面针,10.34,10.55,10.03,10.46,10.45,-0.11,-1.0526,4.2019,15911882,164140667.0,4653000000.0,3915553071.54
2010-04-12,'600249,两面针,10.45,10.48,10.26,10.35,10.33,0.12,1.1617,4.4144,16716539,173498812.0,4702500000.0,3957207891.45
2010-04-09,'600249,两面针,10.33,10.36,10.08,10.08,10.12,0.21,2.0751,3.9256,14865445,152367455.0,4648500000.0,3911766269.73
2010-04-08,'600249,两面针,10.12,10.24,10.06,10.1,10.12,0.0,0.0,2.0028,7584157,76887654.0,4554000000.0,3832243431.72
2010-04-07,'600249,两面针,10.12,10.22,10.05,10.22,10.21,-0.09,-0.8815,1.8385,6961870,70352582.0,4554000000.0,3832243431.72
2010-04-06,'600249,两面针,10.21,10.25,10.12,10.2,10.19,0.02,0.1963,2.3894,9048296,92113051.0,4594500000.0,3866324648.01
2010-04-02,'600249,两面针,10.19,10.28,10.12,10.26,10.26,-0.07,-0.6823,2.7175,10290643,104770039.0,4585500000.0,3858751044.39
2010-04-01,'600249,两面针,10.26,10.4,10.06,10.06,10.06,0.2,1.9881,5.1233,19401099,199506985.0,4617000000.0,3885258657.06
2010-03-31,'600249,两面针,10.06,10.16,10.0,10.12,10.09,-0.03,-0.2973,1.9086,7227299,72744319.0,4527000000.0,3809522620.86
2010-03-30,'600249,两面针,10.09,10.14,10.0,10.08,10.08,0.01,0.0992,1.9888,7531021,75843508.0,4540500000.0,3820883026.29
2010-03-29,'600249,两面针,10.08,10.18,9.92,9.95,9.84,0.24,2.439,3.6203,13709338,138266833.0,4536000000.0,3817096224.48
2010-03-26,'600249,两面针,9.84,9.86,9.63,9.75,9.71,0.13,1.3388,1.1745,4447447,43516567.0,4428000000.0,3726212981.04
2010-03-25,'600249,两面针,9.71,9.99,9.7,9.99,9.97,-0.26,-2.6078,1.6187,6129563,60089538.0,4369500000.0,3676984557.51
2010-03-24,'600249,两面针,9.97,10.03,9.9,9.93,9.91,0.06,0.6054,1.4236,5390989,53780450.0,4486500000.0,3775441404.57
2010-03-23,'600249,两面针,9.91,10.09,9.87,10.03,10.05,-0.14,-1.393,1.5295,5791957,57609025.0,4459500000.0,3752720593.71
2010-03-22,'600249,两面针,10.05,10.17,10.01,10.01,9.99,0.06,0.6006,1.8836,7132708,71870965.0,4522500000.0,3805735819.05
2010-03-19,'600249,两面针,9.99,10.05,9.88,9.9,9.91,0.08,0.8073,2.23,8444721,84393176.0,4495500000.0,3783015008.19
2010-03-18,'600249,两面针,9.91,10.03,9.87,9.89,9.89,0.02,0.2022,1.7584,6658525,66266506.0,4459500000.0,3752720593.71
2010-03-17,'600249,两面针,9.89,9.9,9.68,9.72,9.71,0.18,1.8538,1.4614,5534203,54245511.0,4450500000.0,3745146990.09
2010-03-16,'600249,两面针,9.71,9.73,9.54,9.65,9.63,0.08,0.8307,0.9862,3734664,35995735.0,4369500000.0,3676984557.51
2010-03-15,'600249,两面针,9.63,9.75,9.57,9.71,9.69,-0.06,-0.6192,1.2177,4611371,44430415.0,4333500000.0,3646690143.03
2010-03-12,'600249,两面针,9.69,9.95,9.61,9.88,9.9,-0.21,-2.1212,1.7683,6696303,65495922.0,4360500000.0,3669410953.89
2010-03-11,'600249,两面针,9.9,10.05,9.78,10.0,10.01,-0.11,-1.0989,1.7881,6771106,67113230.0,4455000000.0,3748933791.9
2010-03-10,'600249,两面针,10.01,10.23,9.91,10.14,10.16,-0.15,-1.4764,2.218,8399073,84317762.0,4504500000.0,3790588611.81
2010-03-09,'600249,两面针,10.16,10.17,9.94,9.99,9.99,0.17,1.7017,2.6194,9919105,99948589.0,4572000000.0,3847390638.96
2010-03-08,'600249,两面针,9.99,10.12,9.91,10.02,10.0,-0.01,-0.1,1.9557,7405948,74277895.0,4495500000.0,3783015008.19
2010-03-05,'600249,两面针,10.0,10.14,9.92,9.98,9.98,0.02,0.2004,2.6945,10203471,102342958.0,4500000000.0,3786801810.0
2010-03-04,'600249,两面针,9.98,10.41,9.9,10.4,10.22,-0.24,-2.3483,4.0007,15149732,153138675.0,4491000000.0,3779228206.38
2010-03-03,'600249,两面针,10.22,10.29,9.85,9.85,10.05,0.17,1.6915,4.797,18165243,185169618.0,4599000000.0,3870111449.82
2010-03-02,'600249,两面针,10.05,10.17,9.91,10.17,10.15,-0.1,-0.9852,3.1334,11865520,118674185.0,4522500000.0,3805735819.05
2010-03-01,'600249,两面针,10.15,10.26,10.06,10.12,10.13,0.02,0.1974,3.8335,14516578,147525815.0,4567500000.0,3843603837.15
2010-02-26,'600249,两面针,10.13,10.3,9.91,9.98,10.02,0.11,1.0978,3.9233,14856757,150306905.0,4558500000.0,3836030233.53
2010-02-25,'600249,两面针,10.02,10.13,9.86,9.97,9.92,0.1,1.0081,2.9378,11124776,111336908.0,4509000000.0,3794375413.62
2010-02-24,'600249,两面针,9.92,9.94,9.74,9.83,9.88,0.04,0.4049,2.0147,7629409,75231635.0,4464000000.0,3756507395.52
2010-02-23,'600249,两面针,9.88,9.97,9.48,9.58,9.56,0.32,3.3473,2.9471,11160194,109048867.0,4446000000.0,3741360188.28
2010-02-22,'600249,两面针,9.56,9.65,9.38,9.4,9.46,0.1,1.0571,1.5449,5850400,56061844.0,4302000000.0,3620182530.36
2010-02-12,'600249,两面针,9.46,9.51,9.4,9.45,9.41,0.05,0.5313,1.0004,3788333,35803112.0,4257000000.0,3582314512.26
2010-02-11,'600249,两面针,9.41,9.61,9.4,9.58,9.59,-0.18,-1.877,1.0467,3963759,37576283.0,4234500000.0,3563380503.21
2010-02-10,'600249,两面针,9.59,9.65,9.46,9.56,9.57,0.02,0.209,1.0901,4127898,39399323.0,4315500000.0,3631542935.79
2010-02-09,'600249,两面针,9.57,9.64,9.45,9.48,9.53,0.04,0.4197,1.1926,4516271,43080571.0,4306500000.0,3623969332.17
2010-02-08,'600249,两面针,9.53,9.65,9.35,9.6,9.67,-0.14,-1.4478,1.8421,6975838,66357772.0,4288500000.0,3608822124.93
2010-02-05,'600249,两面针,9.67,10.15,9.1,9.13,9.3,0.37,3.9785,5.5575,21045235,205298290.0,4351500000.0,3661837350.27
2010-02-04,'600249,两面针,9.3,9.31,9.02,9.12,9.12,0.18,1.9737,1.658,6278454,57647007.0,4185000000.0,3521725683.3
2010-02-03,'600249,两面针,9.12,9.14,8.78,8.91,8.92,0.2,2.2422,1.3754,5208285,46853845.0,4104000000.0,3453563250.72
2010-02-02,'600249,两面针,8.92,9.17,8.86,9.0,8.98,-0.06,-0.6682,1.0868,4115367,37225825.0,4014000000.0,3377827214.52
2010-02-01,'600249,两面针,8.98,9.25,8.89,9.25,9.34,-0.36,-3.8544,1.801,6819875,61369034.0,4041000000.0,3400548025.38
2010-01-29,'600249,两面针,9.34,9.47,9.21,9.25,9.3,0.04,0.4301,1.5568,5895457,55096663.0,4203000000.0,3536872890.54
2010-01-28,'600249,两面针,9.3,9.3,9.14,9.2,9.21,0.09,0.9772,1.1572,4382009,40473415.0,4185000000.0,3521725683.3
2010-01-27,'600249,两面针,9.21,9.39,9.14,9.29,9.29,-0.08,-0.8611,1.3485,5106492,47316941.0,4144500000.0,3487644467.01
2010-01-26,'600249,两面针,9.29,9.69,9.2,9.59,9.57,-0.28,-2.9258,1.9858,7519805,70405245.0,4180500000.0,3517938881.49
2010-01-25,'600249,两面针,9.57,9.88,9.56,9.79,9.8,-0.23,-2.3469,1.5061,5703170,55458074.0,4306500000.0,3623969332.17
2010-01-22,'600249,两面针,9.8,10.08,9.56,9.98,10.12,-0.32,-3.1621,2.9634,11221944,110148872.0,4410000000.0,3711065773.8
2010-01-21,'600249,两面针,10.12,10.25,9.95,9.99,10.02,0.1,0.998,2.444,9254821,93228705.0,4554000000.0,3832243431.72
2010-01-20,'600249,两面针,10.02,10.57,10.0,10.5,10.52,-0.5,-4.7529,4.6284,17526743,178868846.0,4509000000.0,3794375413.62
2010-01-19,'600249,两面针,10.52,10.67,10.4,10.46,10.43,0.09,0.8629,5.4005,20450448,215914723.0,4734000000.0,3983715504.12
2010-01-18,'600249,两面针,10.43,10.46,10.28,10.45,10.46,-0.03,-0.2868,3.9655,15016699,155721750.0,4693500000.0,3949634287.83
2010-01-15,'600249,两面针,10.46,10.52,10.13,10.17,10.18,0.28,2.7505,5.9135,22393391,231761908.0,4707000000.0,3960994693.26
2010-01-14,'600249,两面针,10.18,10.23,9.95,10.05,9.99,0.19,1.9019,3.2954,12479164,126085518.0,4581000000.0,3854964242.58
2010-01-13,'600249,两面针,9.99,10.2,9.9,9.98,10.22,-0.23,-2.2505,3.2106,12158014,121835601.0,4495500000.0,3783015008.19
2010-01-12,'600249,两面针,10.22,10.25,9.92,10.0,10.06,0.16,1.5905,3.5029,13264673,134176882.0,4599000000.0,3870111449.82
2010-01-11,'600249,两面针,10.06,10.65,10.0,10.5,9.86,0.2,2.0284,4.5828,17354198,177254703.0,4527000000.0,3809522620.86
2010-01-08,'600249,两面针,9.86,9.88,9.61,9.69,9.74,0.12,1.232,1.9887,7530955,73413184.0,4437000000.0,3733786584.66
2010-01-07,'600249,两面针,9.74,9.99,9.66,9.91,9.94,-0.2,-2.0121,2.5208,9545587,93914785.0,4383000000.0,3688344962.94
2010-01-06,'600249,两面针,9.94,10.14,9.92,10.14,10.1,-0.16,-1.5842,2.7507,10416385,104701725.0,4473000000.0,3764080999.14
2010-01-05,'600249,两面针,10.1,10.18,9.74,10.02,9.97,0.13,1.3039,4.1494,15712869,157308983.0,4545000000.0,3824669828.1
2010-01-04,'600249,两面针,9.97,10.1,9.96,9.97,9.95,0.02,0.201,2.7245,10317150,103481415.0,4486500000.0,3775441404.57
2009-12-31,'600249,两面针,9.95,10.08,9.91,9.92,9.89,0.06,0.6067,2.4799,9390732,93705508.0,4477500000.0,3767867800.95
2009-12-30,'600249,两面针,9.89,9.95,9.76,9.84,9.89,0.0,0.0,2.4742,9369486,92427688.0,4450500000.0,3745146990.09
2009-12-29,'600249,两面针,9.89,9.93,9.61,9.7,9.72,0.17,1.749,2.7933,10577661,103766811.0,4450500000.0,3745146990.09
2009-12-28,'600249,两面针,9.72,9.84,9.56,9.6,9.52,0.2,2.1008,1.9466,7371439,71786555.0,4374000000.0,3680771359.32
2009-12-25,'600249,两面针,9.52,9.62,9.38,9.54,9.52,0.0,0.0,1.6431,6221953,59018733.0,4284000000.0,3605035323.12
2009-12-24,'600249,两面针,9.52,9.55,9.2,9.25,9.24,0.28,3.0303,1.733,6562409,61830845.0,4284000000.0,3605035323.12
2009-12-23,'600249,两面针,9.24,9.29,9.11,9.11,9.12,0.12,1.3158,1.1543,4371151,40221094.0,4158000000.0,3499004872.44
2009-12-22,'600249,两面针,9.12,9.53,9.02,9.53,9.54,-0.42,-4.4025,1.6764,6348293,59005407.0,4104000000.0,3453563250.72
2009-12-21,'600249,两面针,9.54,9.55,9.3,9.43,9.31,0.23,2.4705,1.6788,6357187,60135150.0,4293000000.0,3612608926.74
2009-12-18,'600249,两面针,9.31,9.56,9.28,9.5,9.54,-0.23,-2.4109,1.987,7524378,70663606.0,4189500000.0,3525512485.11
2009-12-17,'600249,两面针,9.54,9.9,9.5,9.85,9.85,-0.31,-3.1472,2.4276,9192763,88909228.0,4293000000.0,3612608926.74
2009-12-16,'600249,两面针,9.85,10.04,9.8,9.95,9.99,-0.14,-1.4014,2.1867,8280539,82015918.0,4432500000.0,3729999782.85
2009-12-15,'600249,两面针,9.99,10.12,9.95,10.05,10.06,-0.07,-0.6958,1.8435,6980789,70043172.0,4495500000.0,3783015008.19
2009-12-14,'600249,两面针,10.06,10.1,9.7,10.01,9.99,0.07,0.7007,2.644,10012395,99105379.0,4527000000.0,3809522620.86
2009-12-11,'600249,两面针,9.99,10.19,9.95,10.13,10.09,-0.1,-0.9911,2.3445,8878325,89471319.0,4495500000.0,3783015008.19
2009-12-10,'600249,两面针,10.09,10.17,9.9,10.05,10.01,0.08,0.7992,2.3464,8885533,89244631.0,4540500000.0,3820883026.29
2009-12-09,'600249,两面针,10.01,10.2,9.9,10.16,10.3,-0.29,-2.8155,4.6123,17466010,175127446.0,4504500000.0,3790588611.81
2009-12-08,'600249,两面针,10.3,10.57,10.18,10.51,10.63,-0.33,-3.1044,4.5493,17227134,178295255.0,4635000000.0,3900405864.3
2009-12-07,'600249,两面针,10.63,10.7,10.11,10.16,10.2,0.43,4.2157,6.8433,25914315,269981557.0,4783500000.0,4025370324.03
2009-12-04,'600249,两面针,10.2,10.27,9.81,10.24,10.24,-0.04,-0.3906,5.2848,20012676,201841991.0,4590000000.0,3862537846.2
2009-12-03,'600249,两面针,10.24,10.39,10.03,10.06,10.22,0.02,0.1957,4.5395,17190278,174957371.0,4608000000.0,3877685053.44
2009-12-02,'600249,两面针,10.22,10.58,9.98,9.98,9.67,0.55,5.6877,8.595,32547641,334129401.0,4599000000.0,3870111449.82
2009-12-01,'600249,两面针,0.0,0.0,0.0,0.0,9.67,0.0,0.0,0.0,0,0.0,4351500000.0,3661837350.27
2009-11-30,'600249,两面针,9.67,9.79,9.26,9.26,9.25,0.42,4.5405,3.467,13128723,125663706.0,4351500000.0,3661837350.27
2009-11-27,'600249,两面针,9.25,9.53,9.18,9.35,9.51,-0.26,-2.734,3.3841,12814802,119653871.0,4162500000.0,3502791674.25
2009-11-26,'600249,两面针,9.51,10.09,9.4,10.02,10.11,-0.6,-5.9347,5.322,20153290,197458502.0,4279500000.0,3601248521.31
2009-11-25,'600249,两面针,10.11,10.12,9.67,9.71,9.81,0.3,3.0581,4.4398,16812667,166292654.0,4549500000.0,3828456629.91
2009-11-24,'600249,两面针,9.81,10.62,9.8,10.6,10.55,-0.74,-7.0142,6.9464,26304665,269101319.0,4414500000.0,3714852575.61
2009-11-23,'600249,两面针,10.55,10.71,10.26,10.35,10.3,0.25,2.4272,5.5174,20893415,219207460.0,4747500000.0,3995075909.55
2009-11-20,'600249,两面针,10.3,10.45,10.03,10.19,10.23,0.07,0.6843,5.2699,19956088,204588852.0,4635000000.0,3900405864.3
2009-11-19,'600249,两面针,10.23,10.25,9.94,10.05,10.04,0.19,1.8924,5.3488,20254873,205018425.0,4603500000.0,3873898251.63
2009-11-18,'600249,两面针,10.04,10.18,9.88,10.18,10.15,-0.11,-1.0837,4.1293,15636871,157106030.0,4518000000.0,3801949017.24
2009-11-17,'600249,两面针,10.15,10.2,9.95,10.11,10.11,0.04,0.3956,5.0327,19057674,191893685.0,4567500000.0,3843603837.15
2009-11-16,'600249,两面针,10.11,10.3,9.76,9.76,9.77,0.34,3.48,7.4276,28126931,284297330.0,4549500000.0,3828456629.91
2009-11-13,'600249,两面针,9.77,9.88,9.51,9.59,9.87,-0.1,-1.0132,7.4672,28276904,273847462.0,4396500000.0,3699705368.37
2009-11-12,'600249,两面针,9.87,10.34,9.85,9.85,9.4,0.47,5.0,15.0782,57098301,577555418.0,4441500000.0,3737573386.47
2009-11-11,'600249,两面针,9.4,9.46,9.15,9.21,9.29,0.11,1.1841,3.9454,14940535,139012125.0,4230000000.0,3559593701.4
2009-11-10,'600249,两面针,9.29,9.47,9.26,9.34,9.34,-0.05,-0.5353,3.8679,14646976,137107370.0,4180500000.0,3517938881.49
2009-11-09,'600249,两面针,9.34,9.4,9.16,9.38,9.34,0.0,0.0,4.1283,15633129,145149287.0,4203000000.0,3536872890.54
2009-11-06,'600249,两面针,9.34,9.49,9.26,9.43,9.32,0.02,0.2146,5.1042,19328773,181100180.0,4203000000.0,3536872890.54
2009-11-05,'600249,两面针,9.32,9.43,9.23,9.35,9.42,-0.1,-1.0616,4.6143,17473626,162655895.0,4194000000.0,3529299286.92
2009-11-04,'600249,两面针,9.42,9.5,9.02,9.14,9.11,0.31,3.4029,7.7506,29349803,271633565.0,4239000000.0,3567167305.02
2009-11-03,'600249,两面针,9.11,9.19,8.9,9.02,9.0,0.11,1.2222,4.2283,16011618,145452967.0,4099500000.0,3449776448.91
2009-11-02,'600249,两面针,9.0,9.1,8.38,8.4,8.64,0.36,4.1667,4.5408,17195035,152727216.0,4050000000.0,3408121629.0
2009-10-30,'600249,两面针,8.64,8.8,8.49,8.6,8.48,0.16,1.8868,2.6256,9942574,86109876.0,3888000000.0,3271796763.84
2009-10-29,'600249,两面针,8.48,8.68,8.42,8.62,8.81,-0.33,-3.7457,2.5431,9630061,82426966.0,3816000000.0,3211207934.88
2009-10-28,'600249,两面针,8.81,8.92,8.53,8.8,8.84,-0.03,-0.3394,3.4041,12890509,112513971.0,3964500000.0,3336172394.61
2009-10-27,'600249,两面针,8.84,9.25,8.81,9.25,9.34,-0.5,-5.3533,4.031,15264769,137993090.0,3978000000.0,3347532800.04
2009-10-26,'600249,两面针,9.34,9.35,9.07,9.16,9.12,0.22,2.4123,4.9272,18658190,172001926.0,4203000000.0,3536872890.54
2009-10-23,'600249,两面针,9.12,9.26,9.02,9.09,9.01,0.11,1.2209,3.6433,13796323,126013280.0,4104000000.0,3453563250.72
2009-10-22,'600249,两面针,9.01,9.19,9.0,9.14,9.14,-0.13,-1.4223,3.1655,11986961,108719170.0,4054500000.0,3411908430.81
2009-10-21,'600249,两面针,9.14,9.35,9.03,9.15,9.2,-0.06,-0.6522,5.0327,19057952,175558689.0,4113000000.0,3461136854.34
2009-10-20,'600249,两面针,9.2,9.22,9.04,9.18,9.14,0.06,0.6565,4.1428,15687986,143198540.0,4140000000.0,3483857665.2
2009-10-19,'600249,两面针,9.14,9.15,8.81,8.88,8.96,0.18,2.0089,3.6617,13866016,125397843.0,4113000000.0,3461136854.34
2009-10-16,'600249,两面针,8.96,9.12,8.71,9.0,9.07,-0.11,-1.2128,3.3941,12852770,113961714.0,4032000000.0,3392974421.76
2009-10-15,'600249,两面针,9.07,9.24,8.97,9.03,8.95,0.12,1.3408,4.956,18767391,171184868.0,4081500000.0,3434629241.67
2009-10-14,'600249,两面针,8.95,9.05,8.81,8.88,8.85,0.1,1.1299,3.8008,14393046,128438507.0,4027500000.0,3389187619.95
2009-10-13,'600249,两面针,8.85,8.9,8.72,8.82,8.82,0.03,0.3401,2.5634,9707201,85514438.0,3982500000.0,3351319601.85
2009-10-12,'600249,两面针,8.82,9.08,8.74,9.03,9.07,-0.25,-2.7563,4.5653,17287912,153765276.0,3969000000.0,3339959196.42
2009-10-09,'600249,两面针,9.07,9.12,8.66,8.68,8.63,0.44,5.0985,5.5232,20915381,186045759.0,4081500000.0,3434629241.67
2009-09-30,'600249,两面针,8.63,8.9,8.62,8.77,8.8,-0.17,-1.9318,6.2126,23525802,206692534.0,3883500000.0,3268009962.03
2009-09-29,'600249,两面针,8.8,8.89,8.4,8.6,8.68,0.12,1.3825,6.1059,23121878,202183003.0,3960000000.0,3332385592.8
2009-09-28,'600249,两面针,8.68,8.95,8.38,8.38,8.35,0.33,3.9521,4.6399,17570451,152624362.0,3906000000.0,3286943971.08
2009-09-25,'600249,两面针,8.35,8.54,8.18,8.28,8.27,0.08,0.9674,1.9372,7335610,61235642.0,3757500000.0,3161979511.35
2009-09-24,'600249,两面针,8.27,8.5,8.0,8.3,8.37,-0.1,-1.1947,2.5614,9699490,79792837.0,3721500000.0,3131685096.87
2009-09-23,'600249,两面针,8.37,8.89,8.28,8.69,8.74,-0.37,-4.2334,3.0055,11381350,97208455.0,3766500000.0,3169553114.97
2009-09-22,'600249,两面针,8.74,9.25,8.71,9.11,9.14,-0.4,-4.3764,7.4933,28375512,258330474.0,3933000000.0,3309664781.94
2009-09-21,'600249,两面针,9.14,9.16,8.37,8.6,8.74,0.4,4.5767,7.1338,27014457,240100999.0,4113000000.0,3461136854.34
2009-09-18,'600249,两面针,8.74,9.07,8.5,9.05,9.07,-0.33,-3.6384,4.7327,17921827,158115071.0,3933000000.0,3309664781.94
2009-09-17,'600249,两面针,9.07,9.23,8.92,8.96,9.04,0.03,0.3319,7.4814,28330496,257349059.0,4081500000.0,3434629241.67
2009-09-16,'600249,两面针,9.04,9.36,8.51,8.62,8.62,0.42,4.8724,9.5723,36248541,326853243.0,4068000000.0,3423268836.24
2009-09-15,'600249,两面针,8.62,8.65,8.34,8.5,8.5,0.12,1.4118,4.0144,15201618,129451860.0,3879000000.0,3264223160.22
2009-09-14,'600249,两面针,8.5,8.56,8.29,8.35,8.3,0.2,2.4096,3.0288,11469642,96594151.0,3825000000.0,3218781538.5
2009-09-11,'600249,两面针,8.3,8.44,8.14,8.2,8.14,0.16,1.9656,2.2963,8695513,72125931.0,3735000000.0,3143045502.3
2009-09-10,'600249,两面针,8.14,8.29,8.11,8.29,8.33,-0.19,-2.2809,1.8315,6935490,56727893.0,3663000000.0,3082456673.34
2009-09-09,'600249,两面针,8.33,8.47,8.14,8.29,8.4,-0.07,-0.8333,2.9299,11094775,91946430.0,3748500000.0,3154405907.73
2009-09-08,'600249,两面针,8.4,8.64,8.2,8.21,8.08,0.32,3.9604,4.4993,17037993,143407072.0,3780000000.0,3180913520.4
2009-09-07,'600249,两面针,8.08,8.3,7.92,7.95,7.87,0.21,2.6684,3.5819,13563992,110437024.0,3636000000.0,3059735862.48
2009-09-04,'600249,两面针,7.87,7.98,7.72,7.83,7.85,0.02,0.2548,2.3154,8768042,68774152.0,3541500000.0,2980213024.47
2009-09-03,'600249,两面针,7.85,7.87,7.42,7.47,7.46,0.39,5.2279,2.3956,9071563,69790752.0,3532500000.0,2972639420.85
2009-09-02,'600249,两面针,7.46,7.51,7.3,7.35,7.43,0.03,0.4038,1.3867,5251120,38915218.0,3357000000.0,2824954150.26
2009-09-01,'600249,两面针,7.43,7.61,7.33,7.39,7.43,0.0,0.0,1.7909,6781888,50764213.0,3343500000.0,2813593744.83
2009-08-31,'600249,两面针,7.43,8.03,7.41,8.03,8.12,-0.69,-8.4975,2.6739,10125699,77318203.0,3343500000.0,2813593744.83
2009-08-28,'600249,两面针,8.12,8.43,8.03,8.35,8.4,-0.28,-3.3333,2.5345,9597465,78266307.0,3654000000.0,3074883069.72
2009-08-27,'600249,两面针,8.4,8.58,8.18,8.27,8.22,0.18,2.1898,3.5488,13438436,112946148.0,3780000000.0,3180913520.4
2009-08-26,'600249,两面针,8.22,8.35,7.88,8.02,8.01,0.21,2.6217,2.7072,10251787,83822252.0,3699000000.0,3112751087.82
2009-08-25,'600249,两面针,8.01,8.44,7.75,8.33,8.38,-0.37,-4.4153,3.2393,12266766,98369355.0,3604500000.0,3033228249.81
2009-08-24,'600249,两面针,8.38,8.44,8.2,8.3,8.4,-0.02,-0.2381,3.2601,12345231,102689665.0,3771000000.0,3173339916.78
2009-08-21,'600249,两面针,8.4,8.43,7.95,8.06,8.06,0.34,4.2184,3.9587,14990921,122728760.0,3780000000.0,3180913520.4
2009-08-20,'600249,两面针,8.06,8.07,7.5,7.64,7.59,0.47,6.1924,3.2382,12262494,96164935.0,3627000000.0,3052162258.86
2009-08-19,'600249,两面针,7.59,8.32,7.5,8.3,8.33,-0.74,-8.8836,2.9779,11276808,89218726.0,3415500000.0,2874182573.79
2009-08-18,'600249,两面针,8.33,8.4,7.81,8.12,8.19,0.14,1.7094,2.7986,10597872,86604437.0,3748500000.0,3154405907.73
2009-08-17,'600249,两面针,8.19,9.02,8.17,8.87,8.99,-0.8,-8.8988,3.4602,13102923,112313295.0,3685500000.0,3101390682.39
2009-08-14,'600249,两面针,8.99,9.46,8.91,9.35,9.34,-0.35,-3.7473,2.8806,10908198,99706858.0,4045500000.0,3404334827.19
2009-08-13,'600249,两面针,9.34,9.52,9.08,9.42,9.42,-0.08,-0.8493,2.3229,8796530,81888451.0,4203000000.0,3536872890.54
2009-08-12,'600249,两面针,9.42,10.08,9.31,10.08,10.12,-0.7,-6.917,3.4774,13168393,127181094.0,4239000000.0,3567167305.02
2009-08-11,'600249,两面针,10.12,10.23,9.88,9.98,9.92,0.2,2.0161,2.5022,9475516,95170882.0,4554000000.0,3832243431.72
2009-08-10,'600249,两面针,9.92,10.17,9.75,10.1,9.97,-0.05,-0.5015,2.8821,10913773,108568103.0,4464000000.0,3756507395.52
2009-08-07,'600249,两面针,9.97,10.46,9.85,10.25,10.22,-0.25,-2.4462,3.8657,14638551,148729969.0,4486500000.0,3775441404.57
2009-08-06,'600249,两面针,10.22,10.75,10.06,10.61,10.82,-0.6,-5.5453,5.3336,20197455,209040211.0,4599000000.0,3870111449.82
2009-08-05,'600249,两面针,10.82,11.03,10.6,10.97,10.95,-0.13,-1.1872,5.1811,19619981,212414063.0,4869000000.0,4097319558.42
2009-08-04,'600249,两面针,10.95,11.0,10.45,10.85,10.88,0.07,0.6434,6.4092,24270265,260236271.0,4927500000.0,4146547981.95
2009-08-03,'600249,两面针,10.88,11.02,10.55,10.66,10.67,0.21,1.9681,7.6998,29157587,316387895.0,4896000000.0,4120040369.28
2009-07-31,'600249,两面针,10.67,10.8,9.9,10.14,10.09,0.58,5.7483,7.9628,30153714,313225884.0,4801500000.0,4040517531.27
2009-07-30,'600249,两面针,10.09,10.19,9.5,9.99,9.87,0.22,2.229,6.6297,25105226,248150238.0,4540500000.0,3820883026.29
2009-07-29,'600249,两面针,9.87,10.85,9.53,10.5,10.59,-0.72,-6.7989,9.1259,34557832,356107900.0,4441500000.0,3737573386.47
2009-07-28,'600249,两面针,10.59,11.28,10.51,11.07,10.36,0.23,2.2201,14.8179,56112524,605103224.0,4765500000.0,4010223116.79
2009-07-27,'600249,两面针,10.36,10.36,9.76,9.76,9.42,0.94,9.9788,3.3107,12536860,128876149.0,4662000000.0,3923126675.16
2009-07-24,'600249,两面针,9.42,9.84,9.28,9.71,9.63,-0.21,-2.1807,6.4608,24465774,234729414.0,4239000000.0,3567167305.02
2009-07-23,'600249,两面针,9.63,9.8,9.5,9.56,9.62,0.01,0.104,5.2239,19781775,190917835.0,4333500000.0,3646690143.03
2009-07-22,'600249,两面针,9.62,9.64,9.26,9.31,9.24,0.38,4.1126,6.4344,24365636,229665666.0,4329000000.0,3642903341.22
2009-07-21,'600249,两面针,9.24,9.85,9.2,9.52,9.5,-0.26,-2.7368,7.0279,26613253,253745474.0,4158000000.0,3499004872.44
2009-07-20,'600249,两面针,9.5,9.66,9.2,9.2,9.14,0.36,3.9387,7.3198,27718641,261677624.0,4275000000.0,3597461719.5
2009-07-17,'600249,两面针,9.14,9.22,8.99,9.1,9.1,0.04,0.4396,4.6587,17641688,160646047.0,4113000000.0,3461136854.34
2009-07-16,'600249,两面针,9.1,9.39,8.91,9.01,8.97,0.13,1.4493,7.666,29029606,265795760.0,4095000000.0,3445989647.1
2009-07-15,'600249,两面针,8.97,9.18,8.93,9.16,9.1,-0.13,-1.4286,5.3986,20443605,184790711.0,4036500000.0,3396761223.57
2009-07-14,'600249,两面针,9.1,9.1,8.8,8.88,8.85,0.25,2.8249,5.6328,21330289,191764773.0,4095000000.0,3445989647.1
2009-07-13,'600249,两面针,8.85,9.05,8.8,9.0,8.99,-0.14,-1.5573,4.0559,15358981,136627385.0,3982500000.0,3351319601.85
2009-07-10,'600249,两面针,8.99,9.25,8.97,9.06,9.06,-0.07,-0.7726,4.7102,17836730,162025261.0,4045500000.0,3404334827.19
2009-07-09,'600249,两面针,9.06,9.18,8.9,9.01,8.98,0.08,0.8909,4.9437,18720872,169115144.0,4077000000.0,3430842439.86
2009-07-08,'600249,两面针,8.98,9.06,8.6,8.7,8.76,0.22,2.5114,5.0317,19053912,167411830.0,4041000000.0,3400548025.38
2009-07-07,'600249,两面针,8.76,8.95,8.69,8.9,8.94,-0.18,-2.0134,5.1099,19350020,170073798.0,3942000000.0,3317238385.56
2009-07-06,'600249,两面针,8.94,9.33,8.7,8.7,8.56,0.38,4.4393,10.7576,40737060,366398100.0,4023000000.0,3385400818.14
2009-07-03,'600249,两面针,8.56,8.65,8.3,8.41,8.5,0.06,0.7059,4.9459,18729239,158436620.0,3852000000.0,3241502349.36
2009-07-02,'600249,两面针,8.5,8.7,8.36,8.63,8.63,-0.13,-1.5064,4.649,17604759,149524085.0,3825000000.0,3218781538.5
2009-07-01,'600249,两面针,8.63,8.78,8.47,8.5,8.47,0.16,1.889,5.7635,21825197,188678363.0,3883500000.0,3268009962.03
2009-06-30,'600249,两面针,8.47,8.51,8.24,8.32,8.29,0.18,2.1713,3.8951,14749892,124003241.0,3811500000.0,3207421133.07
2009-06-29,'600249,两面针,8.29,8.51,8.23,8.48,8.44,-0.15,-1.7773,4.2802,16208434,134979203.0,3730500000.0,3139258700.49
2009-06-26,'600249,两面针,0.0,0.0,0.0,0.0,8.44,None,None,0.0,0,0.0,3798000000.0,3196060727.64
2009-06-25,'600249,两面针,8.44,8.75,8.42,8.68,8.64,-0.2,-2.3148,4.3229,16369854,140160926.0,3798000000.0,3196060727.64
2009-06-24,'600249,两面针,8.64,8.67,8.31,8.44,8.45,0.19,2.2485,5.3058,20092047,170327770.0,3888000000.0,3271796763.84
2009-06-23,'600249,两面针,8.45,8.62,8.38,8.44,8.52,-0.07,-0.8216,5.4242,20540531,174391534.0,3802500000.0,3199847529.45
2009-06-22,'600249,两面针,8.52,8.99,8.49,8.95,8.88,-0.36,-4.0541,8.0904,30636715,266239173.0,3834000000.0,3226355142.12
2009-06-19,'600249,两面针,8.88,9.39,8.76,8.95,8.95,-0.07,-0.7821,13.3339,50492675,458286150.0,3996000000.0,3362680007.28
2009-06-18,'600249,两面针,8.95,9.34,8.41,8.49,8.55,0.4,4.6784,14.428,54635912,482910717.0,4027500000.0,3389187619.95
2009-06-17,'600249,两面针,8.55,8.67,8.2,8.37,8.45,0.1,1.1834,14.2123,53819074,453254791.0,3847500000.0,3237715547.55
2009-06-16,'600249,两面针,8.45,8.45,7.58,7.64,7.68,0.77,10.026,16.0058,60610644,496959258.0,3802500000.0,3199847529.45
2009-06-15,'600249,两面针,7.68,7.69,7.52,7.58,7.59,0.09,1.1858,1.943,7357607,55926068.0,3456000000.0,2908263790.08
2009-06-12,'600249,两面针,7.59,7.84,7.51,7.63,7.63,-0.04,-0.5242,3.4553,13084683,100834303.0,3415500000.0,2874182573.79
2009-06-11,'600249,两面针,7.63,7.83,7.61,7.74,7.73,-0.1,-1.2937,3.3929,12848385,99332602.0,3433500000.0,2889329781.03
2009-06-10,'600249,两面针,7.73,7.79,7.6,7.64,7.64,0.09,1.178,3.6719,13904894,107136522.0,3478500000.0,2927197799.13
2009-06-09,'600249,两面针,7.64,7.66,7.31,7.52,7.53,0.11,1.4608,3.3387,12643074,94261457.0,3438000000.0,2893116582.84
2009-06-08,'600249,两面针,7.53,7.66,7.5,7.61,7.61,-0.08,-1.0512,2.8061,10626229,80393883.0,3388500000.0,2851461762.93
2009-06-05,'600249,两面针,7.61,7.8,7.6,7.75,7.78,-0.17,-2.1851,3.009,11394584,87464096.0,3424500000.0,2881756177.41
2009-06-04,'600249,两面针,7.78,7.85,7.66,7.7,7.72,0.06,0.7772,3.8846,14710219,113889904.0,3501000000.0,2946131808.18
2009-06-03,'600249,两面针,7.72,7.76,7.58,7.6,7.62,0.1,1.3123,3.4688,13135630,100765691.0,3474000000.0,2923410997.32
2009-06-02,'600249,两面针,7.62,7.72,7.58,7.68,7.67,-0.05,-0.6519,2.8764,10892465,83118027.0,3429000000.0,2885542979.22
2009-06-01,'600249,两面针,7.67,7.74,7.54,7.6,7.54,0.13,1.7241,2.4687,9348337,71510710.0,3451500000.0,2904476988.27
2009-05-27,'600249,两面针,7.54,7.67,7.48,7.6,7.58,-0.04,-0.5277,2.0213,7654366,57968662.0,3393000000.0,2855248564.74
2009-05-26,'600249,两面针,7.58,7.84,7.56,7.8,7.77,-0.19,-2.4453,2.6696,10109201,77586621.0,3411000000.0,2870395771.98
2009-05-25,'600249,两面针,7.77,7.78,7.28,7.48,7.58,0.19,2.5066,3.0473,11539593,87835948.0,3496500000.0,2942345006.37
2009-05-22,'600249,两面针,7.58,7.71,7.47,7.54,7.55,0.03,0.3974,2.3774,9002888,68328588.0,3411000000.0,2870395771.98
2009-05-21,'600249,两面针,7.55,7.87,7.46,7.85,7.9,-0.35,-4.4304,5.352,20267134,154803195.0,3397500000.0,2859035366.55
2009-05-20,'600249,两面针,7.9,8.11,7.9,8.1,8.12,-0.22,-2.7094,4.012,15192727,121184343.0,3555000000.0,2991573429.9
2009-05-19,'600249,两面针,8.12,8.25,8.06,8.2,8.16,-0.04,-0.4902,4.7665,18049900,146673254.0,3654000000.0,3074883069.72
2009-05-18,'600249,两面针,8.16,8.25,7.96,8.01,8.03,0.13,1.6189,6.1622,23335027,189877058.0,3672000000.0,3090030276.96
2009-05-15,'600249,两面针,8.03,8.05,7.85,7.9,7.9,0.13,1.6456,4.0819,15457491,123091606.0,3613500000.0,3040801853.43
2009-05-14,'600249,两面针,7.9,7.98,7.78,7.95,8.05,-0.15,-1.8634,4.6235,17508277,137804072.0,3555000000.0,2991573429.9
2009-05-13,'600249,两面针,8.05,8.21,7.92,8.0,8.03,0.02,0.2491,5.7306,21700725,175198145.0,3622500000.0,3048375457.05
2009-05-12,'600249,两面针,8.03,8.08,7.68,8.08,8.09,-0.06,-0.7417,6.6679,25249970,198553225.0,3613500000.0,3040801853.43
2009-05-11,'600249,两面针,8.09,8.46,7.92,8.13,7.99,0.1,1.2516,11.4596,43395313,357612579.0,3640500000.0,3063522664.29
2009-05-08,'600249,两面针,7.99,8.27,7.91,8.08,8.11,-0.12,-1.4797,5.6636,21446789,172743626.0,3595500000.0,3025654646.19
2009-05-07,'600249,两面针,8.11,8.17,7.81,7.97,7.95,0.16,2.0126,6.6488,25177577,202034381.0,3649500000.0,3071096267.91
2009-05-06,'600249,两面针,7.95,8.09,7.81,7.96,7.99,-0.04,-0.5006,5.9208,22420712,178544437.0,3577500000.0,3010507438.95
2009-05-05,'600249,两面针,7.99,8.28,7.95,8.28,8.31,-0.32,-3.8508,9.9274,37592975,303294531.0,3595500000.0,3025654646.19
2009-05-04,'600249,两面针,8.31,8.5,8.1,8.39,8.17,0.14,1.7136,10.7498,40707453,337282382.0,3739500000.0,3146832304.11
2009-04-30,'600249,两面针,8.17,8.34,7.74,7.88,8.0,0.17,2.125,10.9348,41408019,335361528.0,3676500000.0,3093817078.77
2009-04-29,'600249,两面针,8.0,8.18,7.7,8.1,7.89,0.11,1.3942,13.8809,52564213,416306015.0,3600000000.0,3029441448.0
2009-04-28,'600249,两面针,7.89,7.89,7.4,7.41,7.17,0.72,10.0418,15.7187,59523459,454104340.0,3550500000.0,2987786628.09
2009-04-27,'600249,两面针,7.17,7.23,6.8,7.06,7.05,0.12,1.7021,4.6793,17719459,124157288.0,3226500000.0,2715136897.77
2009-04-24,'600249,两面针,7.05,7.3,7.04,7.27,7.28,-0.23,-3.1593,4.0011,15151296,107964916.0,3172500000.0,2669695276.05
2009-04-23,'600249,两面针,7.28,7.37,7.13,7.25,7.31,-0.03,-0.4104,3.4709,13143504,95096810.0,3276000000.0,2756791717.68
2009-04-22,'600249,两面针,7.31,7.95,7.22,7.89,7.79,-0.48,-6.1617,6.486,24561224,187186181.0,3289500000.0,2768152123.11
2009-04-21,'600249,两面针,7.79,7.8,7.41,7.5,7.69,0.1,1.3004,7.5406,28554850,217711455.0,3505500000.0,2949918609.99
2009-04-20,'600249,两面针,7.69,7.77,7.25,7.28,7.28,0.41,5.6319,6.7652,25618618,192976286.0,3460500000.0,2912050591.89
2009-04-17,'600249,两面针,7.28,7.5,7.14,7.4,7.48,-0.2,-2.6738,5.4388,20595490,150637431.0,3276000000.0,2756791717.68
2009-04-16,'600249,两面针,7.48,7.67,7.33,7.35,7.35,0.13,1.7687,6.6952,25353392,190581539.0,3366000000.0,2832527753.88
2009-04-15,'600249,两面针,7.35,7.44,7.2,7.44,7.45,-0.1,-1.3423,5.7984,21957273,160512045.0,3307500000.0,2783299330.35
2009-04-14,'600249,两面针,7.45,7.55,7.11,7.2,7.2,0.25,3.4722,8.0438,30460432,223204656.0,3352500000.0,2821167348.45
2009-04-13,'600249,两面针,7.2,7.25,7.03,7.09,7.02,0.18,2.5641,5.3525,20268984,144934116.0,3240000000.0,2726497303.2
2009-04-10,'600249,两面针,7.02,7.03,6.77,6.87,6.84,0.18,2.6316,3.5191,13325990,92501456.0,3159000000.0,2658334870.62
2009-04-09,'600249,两面针,6.84,6.89,6.65,6.7,6.73,0.11,1.6345,2.7045,10241460,69396886.0,3078000000.0,2590172438.04
2009-04-08,'600249,两面针,6.73,7.18,6.7,7.11,7.16,-0.43,-6.0056,3.8984,14762601,102881468.0,3028500000.0,2548517618.13
2009-04-07,'600249,两面针,7.16,7.28,7.05,7.09,7.1,0.06,0.8451,3.3323,12618901,90335336.0,3222000000.0,2711350095.96
2009-04-03,'600249,两面针,7.1,7.44,7.03,7.38,7.3,-0.2,-2.7397,4.3317,16403268,117848431.0,3195000000.0,2688629285.1
2009-04-02,'600249,两面针,7.3,7.48,7.26,7.45,7.39,-0.09,-1.2179,5.9857,22666477,167073615.0,3285000000.0,2764365321.3
2009-04-01,'600249,两面针,7.39,7.5,7.17,7.17,7.12,0.27,3.7921,7.3046,27660951,202838102.0,3325500000.0,2798446537.59
2009-03-31,'600249,两面针,7.12,7.17,6.84,7.08,7.15,-0.03,-0.4196,3.6692,13894515,97786443.0,3204000000.0,2696202888.72
2009-03-30,'600249,两面针,7.15,7.19,6.91,7.07,7.05,0.1,1.4184,4.9484,18738550,132619450.0,3217500000.0,2707563294.15
2009-03-27,'600249,两面针,7.05,7.18,6.91,6.96,6.93,0.12,1.7316,4.5593,17265011,121329048.0,3172500000.0,2669695276.05
2009-03-26,'600249,两面针,6.93,6.95,6.62,6.74,6.76,0.17,2.5148,3.444,13041924,88609967.0,3118500000.0,2624253654.33
2009-03-25,'600249,两面针,6.76,7.06,6.73,7.04,7.07,-0.31,-4.3847,3.6445,13800853,95184992.0,3042000000.0,2559878023.56
2009-03-24,'600249,两面针,7.07,7.25,7.0,7.22,7.12,-0.05,-0.7022,3.6926,13982978,99210203.0,3181500000.0,2677268879.67
2009-03-23,'600249,两面针,7.12,7.18,6.81,6.91,6.94,0.18,2.5937,4.1368,15665213,111039748.0,3204000000.0,2696202888.72
2009-03-20,'600249,两面针,6.94,7.11,6.83,7.11,7.11,-0.17,-2.391,4.7656,18046441,125766995.0,3123000000.0,2628040456.14
2009-03-19,'600249,两面针,7.11,7.12,6.64,6.64,6.69,0.42,6.278,5.4601,20676234,142851353.0,3199500000.0,2692416086.91
2009-03-18,'600249,两面针,6.69,6.82,6.65,6.7,6.67,0.02,0.2999,3.9934,15122136,102028468.0,3010500000.0,2533370410.89
2009-03-17,'600249,两面针,6.67,6.69,6.4,6.45,6.42,0.25,3.8941,3.2954,12479082,82270828.0,3001500000.0,2525796807.27
2009-03-16,'600249,两面针,6.42,6.45,6.28,6.34,6.31,0.11,1.7433,1.1458,4338802,27615991.0,2889000000.0,2431126762.02
2009-03-13,'600249,两面针,6.31,6.55,6.28,6.52,6.48,-0.17,-2.6235,1.7659,6687078,42845729.0,2839500000.0,2389471942.11
2009-03-12,'600249,两面针,6.48,6.5,6.3,6.4,6.45,0.03,0.4651,1.5783,5976593,38140060.0,2916000000.0,2453847572.88
2009-03-11,'600249,两面针,6.45,6.75,6.4,6.7,6.55,-0.1,-1.5267,2.2842,8649936,57069600.0,2902500000.0,2442487167.45
2009-03-10,'600249,两面针,6.55,6.58,6.27,6.3,6.43,0.12,1.8663,1.8386,6962298,44634099.0,2947500000.0,2480355185.55
2009-03-09,'600249,两面针,6.43,6.96,6.39,6.86,6.84,-0.41,-5.9942,3.0297,11472685,76721865.0,2893500000.0,2434913563.83
2009-03-06,'600249,两面针,6.84,6.91,6.54,6.61,6.72,0.12,1.7857,3.9848,15089648,102168549.0,3078000000.0,2590172438.04
2009-03-05,'600249,两面针,6.72,6.94,6.52,6.74,6.61,0.11,1.6641,4.1995,15902793,107083049.0,3024000000.0,2544730816.32
2009-03-04,'600249,两面针,6.61,6.65,6.22,6.22,6.17,0.44,7.1313,2.9952,11342051,73493452.0,2974500000.0,2503075996.41
2009-03-03,'600249,两面针,6.17,6.25,6.02,6.12,6.25,-0.08,-1.28,1.6724,6333201,38888583.0,2776500000.0,2336456716.77
2009-03-02,'600249,两面针,6.25,6.3,6.08,6.13,6.12,0.13,2.1242,1.7166,6500328,40507662.0,2812500000.0,2366751131.25
2009-02-27,'600249,两面针,6.12,6.64,6.1,6.64,6.7,-0.58,-8.6567,3.3945,12854402,80680004.0,2754000000.0,2317522707.72
2009-02-26,'600249,两面针,6.7,7.24,6.41,7.03,7.05,-0.35,-4.9645,4.3656,16531785,115708072.0,3015000000.0,2537157212.7
2009-02-25,'600249,两面针,7.05,7.09,6.78,6.96,6.89,0.16,2.3222,4.2643,16147874,112330579.0,3172500000.0,2669695276.05
2009-02-24,'600249,两面针,6.89,7.46,6.88,7.35,7.42,-0.53,-7.1429,5.6122,21252406,152044944.0,3100500000.0,2609106447.09
2009-02-23,'600249,两面针,7.42,7.55,7.03,7.13,7.17,0.25,3.4868,4.3962,16647698,121364577.0,3339000000.0,2809806943.02
2009-02-20,'600249,两面针,7.17,7.19,6.81,6.98,6.97,0.2,2.8694,3.2266,12218481,85780707.0,3226500000.0,2715136897.77
2009-02-19,'600249,两面针,6.97,7.06,6.82,6.86,6.83,0.14,2.0498,3.5988,13628060,94591970.0,3136500000.0,2639400861.57
2009-02-18,'600249,两面针,6.83,7.38,6.8,7.22,7.4,-0.57,-7.7027,5.5746,21109779,150006825.0,3073500000.0,2586385636.23
2009-02-17,'600249,两面针,7.4,7.88,7.37,7.88,7.9,-0.5,-6.3291,6.7782,25667633,195574942.0,3330000000.0,2802233339.4
2009-02-16,'600249,两面针,7.9,8.15,7.6,7.6,7.48,0.42,5.615,9.0818,34391111,270436194.0,3555000000.0,2991573429.9
2009-02-13,'600249,两面针,7.48,7.62,6.97,7.02,7.02,0.46,6.5527,7.8242,29628770,214318503.0,3366000000.0,2832527753.88
2009-02-12,'600249,两面针,7.02,7.3,6.73,7.17,7.16,-0.14,-1.9553,6.8266,25850908,179683928.0,3159000000.0,2658334870.62
2009-02-11,'600249,两面针,7.16,7.37,6.75,6.82,6.96,0.2,2.8736,9.7224,36816825,263164299.0,3222000000.0,2711350095.96
2009-02-10,'600249,两面针,6.96,6.96,6.4,6.5,6.56,0.4,6.0976,7.2939,27620648,183553267.0,3132000000.0,2635614059.76
2009-02-09,'600249,两面针,6.56,6.65,6.28,6.4,6.28,0.28,4.4586,8.6953,32927361,213531929.0,2952000000.0,2484141987.36
2009-02-06,'600249,两面针,6.28,6.33,5.95,5.95,5.95,0.33,5.5462,7.2773,27557549,169953780.0,2826000000.0,2378111536.68
2009-02-05,'600249,两面针,5.95,6.22,5.87,6.04,6.07,-0.12,-1.9769,6.2758,23765077,144186747.0,2677500000.0,2253147076.95
2009-02-04,'600249,两面针,6.07,6.13,5.85,5.98,5.91,0.16,2.7073,5.9515,22537083,135225950.0,2731500000.0,2298588698.67
2009-02-03,'600249,两面针,5.91,5.97,5.66,5.66,5.66,0.25,4.417,5.0328,19058361,111974790.0,2659500000.0,2237999869.71
2009-02-02,'600249,两面针,5.66,5.7,5.59,5.62,5.6,0.06,1.0714,2.1621,8187368,46210219.0,2547000000.0,2143329824.46
2009-01-23,'600249,两面针,5.6,5.71,5.56,5.69,5.66,-0.06,-1.0601,2.0238,7663800,42999479.0,2520000000.0,2120609013.6
2009-01-22,'600249,两面针,5.66,5.76,5.58,5.62,5.61,0.05,0.8913,2.8206,10681067,60448062.0,2547000000.0,2143329824.46
2009-01-21,'600249,两面针,5.61,5.69,5.52,5.6,5.68,-0.07,-1.2324,2.5948,9826114,55110664.0,2524500000.0,2124395815.41
2009-01-20,'600249,两面针,5.68,5.75,5.51,5.67,5.74,-0.06,-1.0453,3.8272,14492720,81312931.0,2556000000.0,2150903428.08
2009-01-19,'600249,两面针,5.74,5.97,5.66,5.92,5.91,-0.17,-2.8765,7.8137,29589027,171460410.0,2583000000.0,2173624238.94
2009-01-16,'600249,两面针,5.91,5.91,5.35,5.38,5.37,0.54,10.0559,11.9888,45399101,265978804.0,2659500000.0,2237999869.71
2009-01-15,'600249,两面针,5.37,5.44,5.25,5.3,5.29,0.08,1.5123,5.5466,21003935,112193850.0,2416500000.0,2033512571.97
2009-01-14,'600249,两面针,5.29,5.33,5.05,5.05,5.07,0.22,4.3393,3.385,12818367,67127474.0,2380500000.0,2003218157.49
2009-01-13,'600249,两面针,5.07,5.2,5.03,5.14,5.23,-0.16,-3.0593,1.7633,6677110,34114472.0,2281500000.0,1919908517.67
2009-01-12,'600249,两面针,5.23,5.3,5.02,5.14,5.17,0.06,1.1605,3.2435,12282466,63861251.0,2353500000.0,1980497346.63
2009-01-09,'600249,两面针,5.17,5.27,5.07,5.27,5.15,0.02,0.3883,2.3935,9063734,46710988.0,2326500000.0,1957776535.77
2009-01-08,'600249,两面针,5.15,5.26,4.95,4.96,5.03,0.12,2.3857,4.1104,15565224,79711472.0,2317500000.0,1950202932.15
2009-01-07,'600249,两面针,5.03,5.14,5.01,5.09,5.05,-0.02,-0.396,1.4948,5660369,28688322.0,2263500000.0,1904761310.43
2009-01-06,'600249,两面针,5.05,5.1,4.85,4.9,4.91,0.14,2.8513,1.8252,6911821,34512979.0,2272500000.0,1912334914.05
2009-01-05,'600249,两面针,4.91,4.91,4.7,4.8,4.7,0.21,4.4681,1.0966,4152699,20104309.0,2209500000.0,1859319688.71
2008-12-31,'600249,两面针,4.7,4.98,4.6,4.96,4.92,-0.22,-4.4715,1.5621,5915531,28340383.0,2115000000.0,1779796850.7
2008-12-30,'600249,两面针,4.92,5.05,4.91,4.95,4.92,0.0,0.0,0.7719,2923001,14542528.0,2214000000.0,1863106490.52
2008-12-29,'600249,两面针,4.92,5.15,4.78,5.1,5.1,-0.18,-3.5294,1.4664,5553071,27427975.0,2214000000.0,1863106490.52
2008-12-26,'600249,两面针,5.1,5.28,5.08,5.15,5.12,-0.02,-0.3906,1.0441,3953673,20434235.0,2295000000.0,1931268923.1
2008-12-25,'600249,两面针,5.12,5.23,5.01,5.13,5.12,0.0,0.0,0.9702,3673956,18784636.0,2304000000.0,1938842526.72
2008-12-24,'600249,两面针,5.12,5.27,5.06,5.15,5.23,-0.11,-2.1033,1.3117,4967316,25629576.0,2304000000.0,1938842526.72
2008-12-23,'600249,两面针,5.23,5.75,5.2,5.74,5.69,-0.46,-8.0844,2.256,8542997,46493529.0,2353500000.0,1980497346.63
2008-12-22,'600249,两面针,5.69,5.85,5.6,5.82,5.8,-0.11,-1.8966,1.5314,5799088,33066309.0,2560500000.0,2154690229.89
2008-12-19,'600249,两面针,5.8,5.9,5.72,5.76,5.72,0.08,1.3986,2.2795,8631973,50177826.0,2610000000.0,2196345049.8
2008-12-18,'600249,两面针,5.72,5.77,5.52,5.77,5.7,0.02,0.3509,1.7629,6675930,37849073.0,2574000000.0,2166050635.32
2008-12-17,'600249,两面针,5.7,5.85,5.64,5.76,5.71,-0.01,-0.1751,2.4482,9270742,53216379.0,2565000000.0,2158477031.7
2008-12-16,'600249,两面针,5.71,5.76,5.31,5.53,5.54,0.17,3.0686,1.954,7399540,40923750.0,2569500000.0,2162263833.51
2008-12-15,'600249,两面针,5.54,5.69,5.41,5.61,5.51,0.03,0.5445,1.6193,6131926,34020496.0,2493000000.0,2097888202.74
2008-12-12,'600249,两面针,5.51,5.95,5.42,5.85,5.96,-0.45,-7.5503,2.7964,10589471,60200960.0,2479500000.0,2086527797.31
2008-12-11,'600249,两面针,5.96,6.31,5.95,6.04,6.05,-0.09,-1.4876,4.6273,17522690,107219641.0,2682000000.0,2256933878.76
2008-12-10,'600249,两面针,6.05,6.1,5.71,5.8,5.82,0.23,3.9519,3.6317,13752555,81647839.0,2722500000.0,2291015095.05
2008-12-09,'600249,两面针,5.82,6.13,5.81,6.13,6.09,-0.27,-4.4335,3.7281,14117615,84172155.0,2619000000.0,2203918653.42
2008-12-08,'600249,两面针,6.09,6.14,5.8,5.91,5.86,0.23,3.9249,4.6334,17545699,105683678.0,2740500000.0,2306162302.29
2008-12-05,'600249,两面针,5.86,5.9,5.62,5.71,5.76,0.1,1.7361,3.2175,12183938,70357581.0,2637000000.0,2219065860.66
2008-12-04,'600249,两面针,5.76,6.15,5.66,5.76,5.69,0.07,1.2302,6.4331,24360746,143904003.0,2592000000.0,2181197842.56
2008-12-03,'600249,两面针,5.69,5.79,5.32,5.34,5.27,0.42,7.9696,3.9583,14989232,83119322.0,2560500000.0,2154690229.89
2008-12-02,'600249,两面针,5.27,5.35,5.01,5.04,5.17,0.1,1.9342,2.0393,7722252,40344630.0,2371500000.0,1995644553.87
2008-12-01,'600249,两面针,5.17,5.18,4.96,5.06,5.04,0.13,2.5794,1.5899,6020550,30572186.0,2326500000.0,1957776535.77
2008-11-28,'600249,两面针,5.04,5.28,4.98,5.18,5.25,-0.21,-4.0,1.5977,6050306,30923490.0,2268000000.0,1908548112.24
2008-11-27,'600249,两面针,5.25,5.55,5.24,5.55,5.13,0.12,2.3392,2.1295,8063924,43466342.0,2362500000.0,1988070950.25
2008-11-26,'600249,两面针,5.13,5.3,5.06,5.28,5.19,-0.06,-1.1561,1.1176,4232153,21849484.0,2308500000.0,1942629328.53
2008-11-25,'600249,两面针,0.0,0.0,0.0,0.0,5.19,None,None,0.0,0,0.0,2335500000.0,1965350139.39
2008-11-24,'600249,两面针,5.19,5.6,5.13,5.59,5.53,-0.34,-6.1483,1.6936,6413264,34306614.0,2335500000.0,1965350139.39
2008-11-21,'600249,两面针,5.53,5.7,5.25,5.45,5.67,-0.14,-2.4691,2.8891,10940596,59745454.0,2488500000.0,2094101400.93
2008-11-20,'600249,两面针,5.67,5.88,5.53,5.65,5.81,-0.14,-2.4096,3.7446,14179969,80831475.0,2551500000.0,2147116626.27
2008-11-19,'600249,两面针,5.81,5.92,5.2,5.5,5.4,0.41,7.5926,5.2045,19708448,109599981.0,2614500000.0,2200131851.61
2008-11-18,'600249,两面针,5.4,6.06,5.22,5.9,5.75,-0.35,-6.087,9.3305,35332668,203684262.0,2430000000.0,2044872977.4
2008-11-17,'600249,两面针,5.75,5.75,5.13,5.25,5.23,0.52,9.9426,6.5369,24753784,139909657.0,2587500000.0,2177411040.75
2008-11-14,'600249,两面针,5.23,5.25,4.98,4.99,4.94,0.29,5.8704,2.9249,11075931,56589940.0,2353500000.0,1980497346.63
2008-11-13,'600249,两面针,4.94,5.07,4.61,4.63,4.72,0.22,4.661,2.6993,10221777,50090134.0,2223000000.0,1870680094.14
2008-11-12,'600249,两面针,4.72,4.74,4.5,4.52,4.6,0.12,2.6087,1.279,4843200,22565561.0,2124000000.0,1787370454.32
2008-11-11,'600249,两面针,4.6,4.77,4.56,4.75,4.73,-0.13,-2.7484,1.6199,6134415,28628799.0,2070000000.0,1741928832.6
2008-11-10,'600249,两面针,4.73,4.75,4.35,4.4,4.33,0.4,9.2379,1.9898,7534926,34415195.0,2128500000.0,1791157256.13
2008-11-07,'600249,两面针,4.33,4.38,4.17,4.18,4.26,0.07,1.6432,0.8672,3283871,14121951.0,1948500000.0,1639685183.73
2008-11-06,'600249,两面针,4.26,4.35,4.19,4.24,4.38,-0.12,-2.7397,0.5288,2002555,8524357.0,1917000000.0,1613177571.06
2008-11-05,'600249,两面针,4.38,4.47,4.27,4.27,4.26,0.12,2.8169,0.9895,3746913,16395247.0,1971000000.0,1658619192.78
2008-11-04,'600249,两面针,4.26,4.45,4.24,4.37,4.39,-0.13,-2.9613,0.7079,2680832,11518981.0,1917000000.0,1613177571.06
2008-11-03,'600249,两面针,4.39,4.56,4.38,4.56,4.48,-0.09,-2.0089,0.5627,2130643,9474830.0,1975500000.0,1662405994.59
2008-10-31,'600249,两面针,4.48,4.65,4.46,4.58,4.59,-0.11,-2.3965,0.5141,1946788,8840415.0,2016000000.0,1696487210.88
2008-10-30,'600249,两面针,4.59,4.7,4.53,4.6,4.53,0.06,1.3245,0.7396,2800541,12907272.0,2065500000.0,1738142030.79
2008-10-29,'600249,两面针,4.53,4.9,4.51,4.85,4.78,-0.25,-5.2301,1.0571,4003201,18818782.0,2038500000.0,1715421219.93
2008-10-28,'600249,两面针,4.78,4.85,4.41,4.51,4.59,0.19,4.1394,1.2773,4836704,22462294.0,2151000000.0,1810091265.18
2008-10-27,'600249,两面针,4.59,5.02,4.58,5.02,5.04,-0.45,-8.9286,1.0478,3967852,18907585.0,2065500000.0,1738142030.79
2008-10-24,'600249,两面针,5.04,5.15,4.98,5.14,5.1,-0.06,-1.1765,0.7916,2997618,15110387.0,2268000000.0,1908548112.24
2008-10-23,'600249,两面针,5.1,5.18,4.8,4.8,5.01,0.09,1.7964,0.8934,3383290,16902342.0,2295000000.0,1931268923.1
2008-10-22,'600249,两面针,5.01,5.23,4.99,5.15,5.19,-0.18,-3.4682,0.9753,3693197,18788493.0,2254500000.0,1897187706.81
2008-10-21,'600249,两面针,5.19,5.38,5.18,5.36,5.3,-0.11,-2.0755,1.2465,4720345,24991018.0,2335500000.0,1965350139.39
2008-10-20,'600249,两面针,5.3,5.4,4.9,5.0,5.0,0.3,6.0,1.2945,4901851,25319077.0,2385000000.0,2007004959.3
2008-10-17,'600249,两面针,5.0,5.04,4.9,4.92,4.86,0.14,2.8807,0.8768,3320150,16494546.0,2250000000.0,1893400905.0
2008-10-16,'600249,两面针,4.86,5.07,4.85,5.0,5.21,-0.35,-6.7179,1.2899,4884550,24204833.0,2187000000.0,1840385679.66
2008-10-15,'600249,两面针,5.21,5.29,5.1,5.18,5.19,0.02,0.3854,0.9067,3433635,17825337.0,2344500000.0,1972923743.01
2008-10-14,'600249,两面针,5.19,5.88,5.15,5.8,5.48,-0.29,-5.292,2.0005,7575553,42118130.0,2335500000.0,1965350139.39
2008-10-13,'600249,两面针,5.48,5.49,5.01,5.18,5.27,0.21,3.9848,1.8175,6882626,36315184.0,2466000000.0,2075167391.88
2008-10-10,'600249,两面针,5.27,5.49,5.13,5.45,5.68,-0.41,-7.2183,1.4293,5412424,28845280.0,2371500000.0,1995644553.87
2008-10-09,'600249,两面针,5.68,5.87,5.61,5.82,5.62,0.06,1.0676,1.7769,6728745,38776398.0,2556000000.0,2150903428.08
2008-10-08,'600249,两面针,5.62,5.89,5.56,5.73,5.89,-0.27,-4.584,1.9656,7443388,42467178.0,2529000000.0,2128182617.22
2008-10-07,'600249,两面针,5.89,6.17,5.72,5.98,6.35,-0.46,-7.2441,3.9122,14814606,87759039.0,2650500000.0,2230426266.09
2008-10-06,'600249,两面针,6.35,6.48,5.8,6.05,5.93,0.42,7.0826,5.7472,21763597,134708458.0,2857500000.0,2404619149.35
2008-09-26,'600249,两面针,5.93,5.97,5.68,5.94,5.91,0.02,0.3384,4.4108,16702643,97464101.0,2668500000.0,2245573473.33
2008-09-25,'600249,两面针,5.91,6.01,5.49,5.52,5.46,0.45,8.2418,6.3425,24017898,141905601.0,2659500000.0,2237999869.71
2008-09-24,'600249,两面针,5.46,5.48,5.18,5.25,5.42,0.04,0.738,1.7298,6550547,34719909.0,2457000000.0,2067593788.26
2008-09-23,'600249,两面针,5.42,5.68,5.38,5.58,5.79,-0.37,-6.3903,2.9884,11316661,62515970.0,2439000000.0,2052446581.02
2008-09-22,'600249,两面针,5.79,5.79,5.36,5.74,5.26,0.53,10.076,5.4791,20748140,118102637.0,2605500000.0,2192558247.99
2008-09-19,'600249,两面针,5.26,5.26,5.18,5.26,4.78,0.48,10.0418,1.2793,4844439,25433711.0,2367000000.0,1991857752.06
2008-09-18,'600249,两面针,4.78,5.0,4.51,4.95,5.01,-0.23,-4.5908,1.4444,5469718,25538900.0,2151000000.0,1810091265.18
2008-09-17,'600249,两面针,5.01,5.17,4.97,5.04,5.1,-0.09,-1.7647,0.6885,2607085,13138294.0,2254500000.0,1897187706.81
2008-09-16,'600249,两面针,5.1,5.34,5.05,5.3,5.25,-0.15,-2.8571,0.8944,3386811,17395252.0,2295000000.0,1931268923.1
2008-09-12,'600249,两面针,5.25,5.48,5.15,5.15,5.2,0.05,0.9615,0.769,2911888,15476346.0,2362500000.0,1988070950.25
2008-09-11,'600249,两面针,5.2,5.36,5.15,5.28,5.35,-0.15,-2.8037,0.8053,3049480,15942802.0,2340000000.0,1969136941.2
2008-09-10,'600249,两面针,5.35,5.52,5.12,5.3,5.23,0.12,2.2945,1.1272,4268496,22786365.0,2407500000.0,2025938968.35
2008-09-09,'600249,两面针,5.23,5.38,5.1,5.24,5.22,0.01,0.1916,0.8731,3306176,17253605.0,2353500000.0,1980497346.63
2008-09-08,'600249,两面针,5.22,5.76,5.16,5.75,5.61,-0.39,-6.9519,1.1062,4188813,22755341.0,2349000000.0,1976710544.82
2008-09-05,'600249,两面针,5.61,5.84,5.56,5.8,5.95,-0.34,-5.7143,1.0579,4006117,22863617.0,2524500000.0,2124395815.41
2008-09-04,'600249,两面针,5.95,6.03,5.78,5.92,5.91,0.04,0.6768,0.8509,3222168,19070719.0,2677500000.0,2253147076.95
2008-09-03,'600249,两面针,5.91,5.99,5.75,5.8,5.9,0.01,0.1695,1.0814,4095099,24032958.0,2659500000.0,2237999869.71
2008-09-02,'600249,两面针,5.9,6.05,5.7,5.75,5.83,0.07,1.2007,0.8497,3217495,19005467.0,2655000000.0,2234213067.9
2008-09-01,'600249,两面针,5.83,6.05,5.75,6.05,6.08,-0.25,-4.1118,0.9326,3531566,20607381.0,2623500000.0,2207705455.23
2008-08-29,'600249,两面针,6.08,6.15,5.72,5.85,5.88,0.2,3.4014,1.5354,5814252,34930710.0,2736000000.0,2302375500.48
2008-08-28,'600249,两面针,5.88,6.05,5.75,5.78,5.77,0.11,1.9064,0.9711,3677285,21709021.0,2646000000.0,2226639464.28
2008-08-27,'600249,两面针,5.77,5.97,5.48,5.5,5.65,0.12,2.1239,1.0735,4065152,23472156.0,2596500000.0,2184984644.37
2008-08-26,'600249,两面针,5.65,6.0,5.53,6.0,6.09,-0.44,-7.225,1.3264,5022875,28855593.0,2542500000.0,2139543022.65
2008-08-25,'600249,两面针,6.09,6.36,5.98,6.23,6.27,-0.18,-2.8708,1.1091,4200027,26058587.0,2740500000.0,2306162302.29
2008-08-22,'600249,两面针,6.27,6.45,6.09,6.39,6.52,-0.25,-3.8344,1.7575,6655138,41486965.0,2821500000.0,2374324734.87
2008-08-21,'600249,两面针,6.52,6.95,6.4,6.67,6.51,0.01,0.1536,4.0345,15277854,102178677.0,2934000000.0,2468994780.12
2008-08-20,'600249,两面针,6.51,6.51,5.83,5.87,5.92,0.59,9.9662,1.9788,7493301,47689254.0,2929500000.0,2465207978.31
2008-08-19,'600249,两面针,5.92,6.12,5.65,5.79,6.05,-0.13,-2.1488,1.0984,4159588,24582452.0,2664000000.0,2241786671.52
2008-08-18,'600249,两面针,6.05,6.8,6.05,6.73,6.72,-0.67,-9.9702,1.2117,4588575,28784248.0,2722500000.0,2291015095.05
2008-08-15,'600249,两面针,6.72,6.99,6.62,6.99,7.06,-0.34,-4.8159,1.5009,5683495,38518204.0,3024000000.0,2544730816.32
2008-08-14,'600249,DR两面针,7.06,7.28,6.92,7.2,7.28,-0.22,-3.022,0.6092,2306755,16353015.0,3177000000.0,2673482077.86
2008-08-13,'600249,两面针,11.12,11.36,10.48,10.9,10.94,0.18,1.6453,1.7213,4345563,47700550.0,3336000000.0,2807282408.48
2008-08-12,'600249,两面针,10.94,11.35,10.8,10.8,11.59,-0.65,-5.6083,1.4671,3703728,40914259.0,3282000000.0,2761840786.76
2008-08-11,'600249,两面针,11.59,12.95,11.59,12.95,12.88,-1.29,-10.0155,2.0825,5257397,62508344.0,3477000000.0,2925935531.86
2008-08-08,'600249,两面针,12.88,13.62,12.52,12.56,12.4,0.48,3.871,4.209,10625782,139465772.0,3864000000.0,3251600487.52
2008-08-07,'600249,两面针,12.4,12.46,12.15,12.37,12.37,0.03,0.2425,0.892,2251785,27750882.0,3720000000.0,3130422829.6
2008-08-06,'600249,两面针,12.37,12.63,12.07,12.31,12.22,0.15,1.2275,1.071,2703878,33257526.0,3711000000.0,3122849225.98
2008-08-05,'600249,两面针,12.22,12.5,12.15,12.3,12.38,-0.16,-1.2924,1.0589,2673305,32877986.0,3666000000.0,3084981207.88
2008-08-04,'600249,两面针,12.38,12.8,12.31,12.74,12.93,-0.55,-4.2537,1.2023,3035262,38111851.0,3714000000.0,3125373760.52
2008-08-01,'600249,两面针,12.93,13.1,12.01,12.7,12.88,0.05,0.3882,2.5291,6384719,80437082.0,3879000000.0,3264223160.22
2008-07-31,'600249,两面针,12.88,13.8,12.85,13.77,13.74,-0.86,-6.2591,2.4346,6146238,80790258.0,3864000000.0,3251600487.52
2008-07-30,'600249,两面针,13.74,14.37,13.55,14.21,13.97,-0.23,-1.6464,3.2448,8191567,114039167.0,4122000000.0,3468710457.96
2008-07-29,'600249,两面针,13.97,15.28,13.82,14.68,14.25,-0.28,-1.9649,9.7058,24502703,358706404.0,4191000000.0,3526774752.38
2008-07-28,'600249,两面针,14.25,14.25,12.94,12.95,12.95,1.3,10.0386,2.5415,6416022,90177891.0,4275000000.0,3597461719.5
2008-07-25,'600249,两面针,12.95,12.99,12.57,12.83,12.98,-0.03,-0.2311,1.5083,3807708,48532687.0,3885000000.0,3269272229.3
2008-07-24,'600249,两面针,12.98,13.03,12.56,12.56,12.5,0.48,3.84,2.0214,5103056,65537451.0,3894000000.0,3276845832.92
2008-07-23,'600249,两面针,12.5,12.84,12.41,12.6,12.58,-0.08,-0.6359,1.263,3188583,40285533.0,3750000000.0,3155668175.0
2008-07-22,'600249,两面针,12.58,12.85,12.42,12.62,12.6,-0.02,-0.1587,1.7773,4486953,56705476.0,3774000000.0,3175864451.32
2008-07-21,'600249,两面针,12.6,12.78,12.0,12.1,12.2,0.4,3.2787,1.6495,4164122,51818097.0,3780000000.0,3180913520.4
2008-07-18,'600249,两面针,12.2,12.3,11.53,11.8,11.7,0.5,4.2735,1.3046,3293585,39300461.0,3660000000.0,3079932138.8
2008-07-17,'600249,两面针,11.7,12.37,11.66,12.28,11.99,-0.29,-2.4187,1.5596,3937175,47089389.0,3510000000.0,2953705411.8
2008-07-16,'600249,两面针,11.99,12.5,11.75,12.48,12.76,-0.77,-6.0345,2.1856,5517604,66719139.0,3597000000.0,3026916913.46
2008-07-15,'600249,两面针,12.76,13.91,12.61,13.66,13.72,-0.96,-6.9971,2.868,7240297,96222795.0,3828000000.0,3221306073.04
2008-07-14,'600249,两面针,13.72,13.89,13.38,13.54,13.68,0.04,0.2924,1.4049,3546649,48282111.0,4116000000.0,3463661388.88
2008-07-11,'600249,两面针,13.68,14.15,13.31,13.9,14.01,-0.33,-2.3555,2.2963,5796967,79249206.0,4104000000.0,3453563250.72
2008-07-10,'600249,两面针,14.01,14.68,13.5,13.75,14.19,-0.18,-1.2685,4.6073,11631305,162859823.0,4203000000.0,3536872890.54
2008-07-09,'600249,两面针,14.19,14.43,13.6,13.6,13.5,0.69,5.1111,3.2757,8269611,116568815.0,4257000000.0,3582314512.26
2008-07-08,'600249,两面针,13.5,13.7,12.99,13.37,13.29,0.21,1.5801,2.4063,6074717,81372335.0,4050000000.0,3408121629.0
2008-07-07,'600249,两面针,13.29,13.58,12.51,12.51,12.63,0.66,5.2257,2.3104,5832652,77225019.0,3987000000.0,3355106403.66
2008-07-04,'600249,两面针,12.63,12.96,12.4,12.5,12.68,-0.05,-0.3943,1.6766,4232616,53529053.0,3789000000.0,3188487124.02
2008-07-03,'600249,两面针,12.68,12.99,11.51,11.97,12.17,0.51,4.1906,2.3041,5816837,71998977.0,3804000000.0,3201109796.72
2008-07-02,'600249,两面针,12.17,12.85,11.46,12.53,12.53,-0.36,-2.8731,1.5129,3819254,46775688.0,3651000000.0,3072358535.18
2008-07-01,'600249,两面针,0.0,0.0,0.0,0.0,12.53,None,None,0.0,0,0.0,3759000000.0,3163241778.62
2008-06-30,'600249,两面针,0.0,0.0,0.0,0.0,12.53,None,None,0.0,0,0.0,3759000000.0,3163241778.62
2008-06-27,'600249,两面针,12.53,13.35,12.34,13.0,13.71,-1.18,-8.6069,3.0326,7655852,97470224.0,3759000000.0,3163241778.62
2008-06-26,'600249,两面针,13.71,14.15,13.3,13.46,13.39,0.32,2.3898,4.0219,10153469,139868237.0,4113000000.0,3461136854.34
2008-06-25,'600249,两面针,13.39,13.39,12.17,12.18,12.17,1.22,10.0247,2.9036,7330237,94413468.0,4017000000.0,3380351749.06
2008-06-24,'600249,两面针,12.17,12.49,11.7,11.82,12.0,0.17,1.4167,1.8118,4573958,55564639.0,3651000000.0,3072358535.18
2008-06-23,'600249,两面针,12.0,12.55,11.8,12.55,12.8,-0.8,-6.25,1.7562,4433517,53644234.0,3600000000.0,3029441448.0
2008-06-20,'600249,两面针,12.8,13.5,11.7,12.33,12.44,0.36,2.8939,2.5283,6382754,81589311.0,3840000000.0,3231404211.2
2008-06-19,'600249,两面针,12.44,14.5,12.44,14.5,13.82,-1.38,-9.9855,3.3654,8496144,113965177.0,3732000000.0,3140520967.76
2008-06-18,'600249,两面针,13.82,13.82,11.72,12.6,12.56,1.26,10.0318,3.692,9320496,120817241.0,4146000000.0,3488906734.28
2008-06-17,'600249,两面针,12.56,14.1,12.54,13.93,13.93,-1.37,-9.8349,2.2238,5614103,73496628.0,3768000000.0,3170815382.24
2008-06-16,'600249,两面针,13.93,15.15,13.59,14.8,14.7,-0.77,-5.2381,1.446,3650362,51629808.0,4179000000.0,3516676614.22
2008-06-13,'600249,两面针,14.7,15.6,14.68,15.1,15.03,-0.33,-2.1956,1.4272,3602922,54595465.0,4410000000.0,3711065773.8
2008-06-12,'600249,两面针,15.03,15.97,14.7,15.58,15.7,-0.67,-4.2675,1.7227,4348945,66331186.0,4509000000.0,3794375413.62
2008-06-11,'600249,两面针,15.7,16.79,15.67,16.79,17.41,-1.71,-9.8219,1.7769,4485905,71860749.0,4710000000.0,3963519227.8
2008-06-10,'600249,两面针,17.41,18.65,17.41,18.65,19.34,-1.93,-9.9793,1.2012,3032421,53808040.0,5223000000.0,4395214634.14
2008-06-06,'600249,两面针,19.34,19.5,19.03,19.19,19.19,0.15,0.7817,0.7393,1866498,35846657.0,5802000000.0,4882449800.36
2008-06-05,'600249,两面针,19.19,19.64,19.0,19.5,19.35,-0.16,-0.8269,0.8302,2095970,40491731.0,5757000000.0,4844581782.26
2008-06-04,'600249,两面针,19.35,20.1,19.28,19.96,20.04,-0.69,-3.4431,1.1276,2846715,55578630.0,5805000000.0,4884974334.9
2008-06-03,'600249,两面针,20.04,20.54,19.79,19.8,19.94,0.1,0.5015,1.1907,3005981,60483272.0,6012000000.0,5059167218.16
2008-06-02,'600249,两面针,19.94,20.34,19.8,20.0,20.4,-0.46,-2.2549,1.3407,3384701,67768738.0,5982000000.0,5033921872.76
2008-05-30,'600249,两面针,20.4,20.8,19.02,19.6,19.66,0.74,3.764,2.5083,6332335,126539418.0,6120000000.0,5150050461.6
2008-05-29,'600249,两面针,19.66,20.43,19.65,20.42,20.42,-0.76,-3.7218,1.4427,3642034,72955995.0,5898000000.0,4963234905.64
2008-05-28,'600249,两面针,20.42,20.6,19.82,20.0,19.96,0.46,2.3046,1.6639,4200507,85111159.0,6126000000.0,5155099530.68
2008-05-27,'600249,两面针,19.96,20.6,19.2,19.7,20.45,-0.49,-2.3961,1.4847,3748068,75153166.0,5988000000.0,5038970941.84
2008-05-26,'600249,两面针,0.0,0.0,0.0,0.0,20.45,None,None,0.0,0,0.0,6135000000.0,5162673134.3
2008-05-23,'600249,两面针,20.45,21.2,20.01,20.84,21.0,-0.55,-2.619,1.5697,3962841,81460390.0,6135000000.0,5162673134.3
2008-05-22,'600249,两面针,21.0,21.8,20.82,21.8,21.91,-0.91,-4.1534,1.7117,4321369,91484379.0,6300000000.0,5301522534.0
2008-05-21,'600249,两面针,21.91,22.3,20.2,21.1,21.41,0.5,2.3354,2.2793,5754079,120857979.0,6573000000.0,5531255177.14
2008-05-20,'600249,两面针,21.41,22.88,21.01,22.0,22.02,-0.61,-2.7702,2.1244,5363091,118718187.0,6423000000.0,5405028450.14
2008-05-19,'600249,两面针,22.02,22.6,21.8,22.6,22.76,-0.74,-3.2513,2.0516,5179355,114206204.0,6606000000.0,5559025057.08
2008-05-16,'600249,两面针,22.76,23.45,22.5,23.44,23.48,-0.72,-3.0664,2.6639,6725184,153715355.0,6828000000.0,5745840613.04
2008-05-15,'600249,两面针,23.48,24.9,23.2,23.6,23.19,0.29,1.2505,5.6133,14170861,340746170.0,7044000000.0,5927607099.92
2008-05-14,'600249,两面针,23.19,23.19,20.5,20.8,21.08,2.11,10.0095,6.0487,15270178,344044520.0,6957000000.0,5854395598.26
2008-05-13,'600249,两面针,21.08,22.49,21.0,22.01,23.01,-1.93,-8.3877,5.8046,14654020,317201591.0,6324000000.0,5321718810.32
2008-05-12,'600249,两面针,23.01,23.5,21.89,23.0,23.84,-0.83,-3.4815,4.1213,10404301,237355952.0,6903000000.0,5808953976.54
2008-05-09,'600249,两面针,23.84,25.3,23.5,25.03,24.99,-1.15,-4.6018,4.1932,10585967,256163934.0,7152000000.0,6018490343.36
2008-05-08,'600249,两面针,24.99,25.18,24.0,24.4,24.92,0.07,0.2809,3.8626,9751216,240392535.0,7497000000.0,6308811815.46
2008-05-07,'600249,两面针,24.92,27.0,24.9,26.65,27.24,-2.32,-8.5169,5.2336,13212298,343831160.0,7476000000.0,6291140073.68
2008-05-06,'600249,两面针,27.24,28.0,25.02,25.83,26.22,1.02,3.8902,8.9624,22625869,598143182.0,8172000000.0,6876832086.96
2008-05-05,'600249,两面针,26.22,27.4,25.51,27.4,28.11,-1.89,-6.7236,11.3229,28585158,751320130.0,7866000000.0,6619329563.88
2008-04-30,'600249,两面针,28.11,30.53,27.05,30.53,30.06,-1.95,-6.487,13.6693,34508583,980602740.0,8433000000.0,7096466591.94
2008-04-29,'600249,两面针,30.06,30.29,28.85,28.99,29.37,0.69,2.3493,3.3131,8363921,250866023.0,9018000000.0,7588750827.24
2008-04-28,'600249,两面针,29.37,30.5,28.8,30.0,30.41,-1.04,-3.4199,4.4454,11222580,332231747.0,8811000000.0,7414557943.98
2008-04-25,'600249,两面针,30.41,31.62,28.85,29.5,28.83,1.58,5.4804,6.851,17295547,526939737.0,9123000000.0,7677109536.14
2008-04-24,'600249,两面针,28.83,28.83,28.0,28.82,26.21,2.62,9.9962,6.6046,16673418,478674059.0,8649000000.0,7278233078.82
2008-04-23,'600249,两面针,26.21,26.86,24.4,24.67,25.08,1.13,4.5056,3.283,8287929,215842065.0,7863000000.0,6616805029.34
2008-04-22,'600249,两面针,25.08,25.5,23.6,25.5,25.73,-0.65,-2.5262,2.0158,5088848,124925174.0,7524000000.0,6331532626.32
2008-04-21,'600249,两面针,25.73,27.33,25.2,27.33,24.85,0.88,3.5412,3.0464,7690676,201516539.0,7719000000.0,6495627371.42
2008-04-18,'600249,两面针,24.85,25.85,24.38,25.47,25.31,-0.46,-1.8175,1.7027,4298505,107744867.0,7455000000.0,6273468331.9
2008-04-17,'600249,两面针,25.31,26.05,24.45,25.05,25.25,0.06,0.2376,1.7894,4517474,114534488.0,7593000000.0,6389596920.74
2008-04-16,'600249,两面针,25.25,26.35,25.08,26.0,26.4,-1.15,-4.3561,2.1763,5494071,141488145.0,7575000000.0,6374449713.5
2008-04-15,'600249,两面针,26.4,26.41,23.16,23.16,24.01,2.39,9.9542,2.8071,7086667,176654033.0,7920000000.0,6664771185.6
2008-04-14,'600249,两面针,24.01,25.33,23.52,25.2,25.78,-1.77,-6.8658,2.5131,6344458,155459848.0,7203000000.0,6061407430.54
2008-04-11,'600249,两面针,25.78,26.56,25.5,26.35,26.0,-0.22,-0.8462,2.6934,6799465,176052159.0,7734000000.0,6508250044.12
2008-04-10,'600249,两面针,26.0,26.2,23.08,23.48,24.22,1.78,7.3493,4.5555,11500533,291382751.0,7800000000.0,6563789804.0
2008-04-09,'600249,两面针,24.22,26.48,23.5,26.45,25.25,-1.03,-4.0792,6.8358,17257259,440386079.0,7266000000.0,6114422655.88
2008-04-08,'600249,两面针,25.25,25.25,23.9,24.1,22.95,2.3,10.0218,2.0787,5247662,130300802.0,7575000000.0,6374449713.5
2008-04-07,'600249,两面针,22.95,22.95,19.31,20.86,20.86,2.09,10.0192,2.3406,5908916,130442756.0,6885000000.0,5793806769.3
2008-04-03,'600249,两面针,20.86,21.4,18.5,20.3,20.26,0.6,2.9615,2.7048,6828405,135344388.0,6258000000.0,5266179050.44
2008-04-02,'600249,两面针,20.26,22.98,20.13,22.18,22.37,-2.11,-9.4323,2.5977,6557891,137583951.0,6078000000.0,5114706978.04
2008-04-01,'600249,两面针,22.37,25.18,22.37,24.75,24.86,-2.49,-10.0161,2.4651,6223116,143353071.0,6711000000.0,5647383765.98
2008-03-31,'600249,两面针,24.86,26.26,24.85,25.7,26.51,-1.65,-6.2241,1.2989,3279183,83160336.0,7458000000.0,6275992866.44
2008-03-28,'600249,两面针,26.51,26.78,24.23,25.01,25.67,0.84,3.2723,1.8861,4761454,121721896.0,7953000000.0,6692541065.54
2008-03-27,'600249,两面针,25.67,27.69,25.6,27.49,27.91,-2.24,-8.0258,1.7486,4414296,117320717.0,7701000000.0,6480480164.18
2008-03-26,'600249,两面针,27.91,28.58,27.58,28.17,27.79,0.12,0.4318,0.9776,2468020,69497973.0,8373000000.0,7045975901.14
2008-03-25,'600249,两面针,27.79,28.33,26.8,27.45,28.09,-0.3,-1.068,1.2059,3044309,84047164.0,8337000000.0,7015681486.66
2008-03-24,'600249,两面针,28.09,30.25,28.0,29.75,29.53,-1.44,-4.8764,1.3348,3369789,99003856.0,8427000000.0,7091417522.86
2008-03-21,'600249,两面针,29.53,30.4,29.0,29.87,29.74,-0.21,-0.7061,1.6981,4286895,127576004.0,8859000000.0,7454950496.62
2008-03-20,'600249,两面针,29.74,30.51,26.8,28.65,29.18,0.56,1.9191,2.5143,6347449,181839412.0,8922000000.0,7507965721.96
2008-03-19,'600249,两面针,29.18,29.99,26.01,28.65,28.06,1.12,3.9914,2.9852,7536288,216170217.0,8754000000.0,7366591787.72
2008-03-18,'600249,两面针,28.06,32.15,28.06,31.2,31.18,-3.12,-10.0064,2.5837,6522573,190858107.0,8418000000.0,7083843919.24
2008-03-17,'600249,两面针,31.18,33.3,31.15,31.15,31.05,0.13,0.4187,2.8121,7099368,228093280.0,9354000000.0,7871498695.72
2008-03-14,'600249,两面针,31.05,31.7,30.13,31.01,31.42,-0.37,-1.1776,1.5133,3820333,117686231.0,9315000000.0,7838679746.7
2008-03-13,'600249,两面针,31.42,33.9,31.0,33.9,34.37,-2.95,-8.5831,2.7258,6881260,219807974.0,9426000000.0,7932087524.68
2008-03-12,'600249,两面针,34.37,36.88,34.34,36.35,35.64,-1.27,-3.5634,1.1629,2935665,103517957.0,10311000000.0,8676825213.98
2008-03-11,'600249,两面针,35.64,35.7,33.98,35.5,35.49,0.15,0.4227,1.5201,3837497,133791252.0,10692000000.0,8997441100.56
2008-03-10,'600249,两面针,35.49,37.0,35.41,36.7,36.6,-1.11,-3.0328,1.5099,3811728,137594431.0,10647000000.0,8959573082.46
2008-03-07,'600249,两面针,36.6,37.28,36.3,37.0,37.3,-0.7,-1.8767,1.9651,4960982,182063153.0,10980000000.0,9239796416.4
2008-03-06,'600249,两面针,37.3,38.21,36.91,37.6,37.58,-0.28,-0.7451,2.1341,5387532,202030034.0,11190000000.0,9416513834.2
2008-03-05,'600249,两面针,37.58,38.6,37.04,38.59,38.59,-1.01,-2.6173,1.8685,4717083,177108612.0,11274000000.0,9487200801.32
2008-03-04,'600249,两面针,38.59,40.0,38.21,38.69,38.69,-0.1,-0.2585,2.3588,5954890,233191219.0,11577000000.0,9742178789.86
2008-03-03,'600249,两面针,38.69,38.7,37.01,37.99,37.86,0.83,2.1923,2.0924,5282452,201288440.0,11607000000.0,9767424135.26
2008-02-29,'600249,两面针,37.86,38.08,37.3,37.66,37.88,-0.02,-0.0528,1.9952,5036863,189309979.0,11358000000.0,9557887768.44
2008-02-28,'600249,两面针,37.88,39.35,37.5,38.98,38.87,-0.99,-2.547,1.9197,4846299,184815997.0,11364000000.0,9562936837.52
2008-02-27,'600249,两面针,38.87,39.73,38.0,38.0,38.76,0.11,0.2838,1.7912,4521986,175700867.0,11661000000.0,9812865756.98
2008-02-26,'600249,两面针,38.76,40.8,36.6,39.8,38.74,0.02,0.0516,3.0354,7662969,292062912.0,11628000000.0,9785095877.04
2008-02-25,'600249,两面针,38.74,42.59,38.3,42.0,41.62,-2.88,-6.9198,3.6426,9195927,367399438.0,11622000000.0,9780046807.96
2008-02-22,'600249,两面针,41.62,43.0,40.0,40.25,40.1,1.52,3.7905,6.0976,15393695,642537166.0,12486000000.0,10507112755.5
2008-02-21,'600249,两面针,40.1,40.47,38.86,39.8,39.68,0.42,1.0585,2.8388,7166522,286667869.0,12030000000.0,10123383505.4
2008-02-20,'600249,两面针,39.68,40.58,39.1,39.55,39.27,0.41,1.0441,3.5106,8862631,354405606.0,11904000000.0,10017353054.7
2008-02-19,'600249,两面针,39.27,39.49,38.2,38.7,38.58,0.69,1.7885,2.4557,6199417,241057715.0,11781000000.0,9913847138.58
2008-02-18,'600249,两面针,38.58,39.4,38.23,39.0,38.05,0.53,1.3929,1.8743,4731690,183210041.0,11574000000.0,9739654255.32
2008-02-15,'600249,两面针,38.05,38.9,36.9,38.9,39.23,-1.18,-3.0079,2.1615,5456811,205741049.0,11415000000.0,9605853924.7
2008-02-14,'600249,两面针,39.23,39.76,38.68,39.08,38.54,0.69,1.7903,1.3982,3529866,138205794.0,11769000000.0,9903749000.42
2008-02-13,'600249,两面针,38.54,39.58,37.81,38.6,39.2,-0.66,-1.6837,1.6014,4042829,156042612.0,11562000000.0,9729556117.16
2008-02-05,'600249,两面针,39.2,40.05,38.3,39.5,38.95,0.25,0.6418,3.4159,8623508,340259152.0,11760000000.0,9896175396.8
2008-02-04,'600249,两面针,38.95,38.95,36.5,36.5,35.41,3.54,9.9972,2.3392,5905492,225525675.0,11685000000.0,9833062033.3
2008-02-01,'600249,两面针,35.41,38.0,34.0,37.35,37.44,-2.03,-5.422,2.9456,7436365,264121528.0,10623000000.0,8939376806.14
2008-01-31,'600249,两面针,37.44,39.3,37.41,38.99,38.94,-1.5,-3.8521,2.3705,5984438,227549992.0,11232000000.0,9451857317.76
2008-01-30,'600249,两面针,38.94,40.5,37.6,40.08,38.93,0.01,0.0257,3.3621,8487842,334744916.0,11682000000.0,9830537498.76
2008-01-29,'600249,两面针,38.93,39.6,37.0,37.3,36.96,1.97,5.3301,4.1107,10377486,400665199.0,11679000000.0,9828012964.22
2008-01-28,'600249,两面针,36.96,40.5,36.91,40.5,41.0,-4.04,-9.8537,4.6487,11735921,447774975.0,11088000000.0,9330679659.84
2008-01-25,'600249,两面针,41.0,41.9,38.82,41.11,41.04,-0.04,-0.0975,5.4194,13681386,554017346.0,12300000000.0,10350591614.0
2008-01-24,'600249,两面针,41.04,41.04,38.0,38.6,37.31,3.73,9.9973,7.3412,18533033,737780987.0,12312000000.0,10360689752.2
2008-01-23,'600249,两面针,37.31,37.31,33.9,33.9,33.92,3.39,9.9941,7.6145,19223047,698260277.0,11193000000.0,9419038368.74
2008-01-22,'600249,两面针,33.92,36.89,33.89,35.78,37.66,-3.74,-9.931,6.6781,16859000,587428595.0,10176000000.0,8563221159.68
2008-01-21,'600249,两面针,37.66,41.71,37.55,41.71,41.72,-4.06,-9.7315,5.4133,13665938,537943583.0,11298000000.0,9507397077.64
2008-01-18,'600249,两面针,41.72,43.29,41.0,42.3,42.65,-0.93,-2.1805,4.3563,10997636,460069225.0,12516000000.0,10532358100.9
2008-01-17,'600249,两面针,42.65,45.8,41.1,45.0,45.24,-2.59,-5.725,7.843,19799944,853705478.0,12795000000.0,10767139813.1
2008-01-16,'600249,两面针,0.0,0.0,0.0,0.0,45.24,None,None,0.0,0,0.0,13572000000.0,11420994259.0
2008-01-15,'600249,两面针,45.24,47.98,44.51,45.69,45.09,0.15,0.3327,11.8636,29950031,1385710283.0,13572000000.0,11420994259.0
2008-01-14,'600249,两面针,45.09,45.13,41.27,41.3,41.03,4.06,9.8952,10.5498,26633317,1167425750.0,13527000000.0,11383126240.9
2008-01-11,'600249,两面针,41.03,41.05,38.0,38.32,37.32,3.71,9.9411,11.8962,30032359,1206211234.0,12309000000.0,10358165217.6
2008-01-10,'600249,两面针,37.32,38.48,37.1,37.6,37.47,-0.15,-0.4003,2.8142,7104477,268291436.0,11196000000.0,9421562903.28
2008-01-09,'600249,两面针,37.47,37.49,35.96,37.41,37.31,0.16,0.4288,3.122,7881664,290868947.0,11241000000.0,9459430921.38
2008-01-08,'600249,两面针,0.0,0.0,0.0,0.0,37.31,None,None,0.0,0,0.0,11193000000.0,9419038368.74
2008-01-07,'600249,两面针,37.31,38.38,35.89,35.89,35.61,1.7,4.7739,3.9916,10076861,377643489.0,11193000000.0,9419038368.74
2008-01-04,'600249,两面针,35.61,35.87,34.35,34.5,34.36,1.25,3.638,3.2194,8127504,287730955.0,10683000000.0,8989867496.94
2008-01-03,'600249,两面针,34.36,34.95,33.81,34.9,34.9,-0.54,-1.5473,2.822,7124155,243842258.0,10308000000.0,8674300679.44
2008-01-02,'600249,两面针,34.9,35.29,34.0,34.7,34.67,0.23,0.6634,2.3314,5885674,204262917.0,10470000000.0,8810625544.6
2007-12-28,'600249,两面针,34.67,35.5,34.39,34.39,34.34,0.33,0.961,2.8791,7268366,254383263.0,10401000000.0,8752561250.18
2007-12-27,'600249,两面针,34.34,34.65,33.26,33.26,33.19,1.15,3.4649,2.8824,7276779,248620682.0,10302000000.0,8669251610.36
2007-12-26,'600249,两面针,33.19,33.39,32.65,32.73,32.74,0.45,1.3745,1.8187,4591288,151418853.0,9957000000.0,8378930138.26
2007-12-25,'600249,两面针,32.74,33.8,32.5,33.21,33.13,-0.39,-1.1772,2.4921,6291267,207719109.0,9822000000.0,8265326083.96
2007-12-24,'600249,两面针,33.13,34.0,32.51,32.9,32.42,0.71,2.19,3.007,7591228,252589911.0,9939000000.0,8363782931.02
2007-12-21,'600249,两面针,32.42,32.88,31.11,31.4,31.54,0.88,2.7901,3.0621,7730302,250516066.0,9726000000.0,8184540978.68
2007-12-20,'600249,两面针,31.54,32.37,31.02,31.32,31.16,0.38,1.2195,2.4042,6069502,193180940.0,9462000000.0,7962381939.16
2007-12-19,'600249,两面针,31.16,31.54,30.38,30.38,29.79,1.37,4.5989,2.1349,5389550,167090364.0,9348000000.0,7866449626.64
2007-12-18,'600249,两面针,29.79,30.49,29.61,30.2,30.22,-0.43,-1.4229,0.8616,2175091,65013331.0,8937000000.0,7520588394.66
2007-12-17,'600249,两面针,30.22,31.09,30.1,30.81,30.37,-0.15,-0.4939,1.692,4271601,130700844.0,9066000000.0,7629143379.88
2007-12-14,'600249,两面针,30.37,30.38,28.75,29.05,29.32,1.05,3.5812,1.9687,4970012,146903674.0,9111000000.0,7667011397.98
2007-12-13,'600249,两面针,29.32,31.66,29.28,31.65,31.65,-2.33,-7.3618,3.0779,7770317,236386074.0,8796000000.0,7401935271.28
2007-12-12,'600249,两面针,31.65,32.28,31.11,31.88,31.81,-0.16,-0.503,2.4527,6191946,195909938.0,9495000000.0,7990151819.1
2007-12-11,'600249,两面针,31.81,32.89,31.0,31.0,30.9,0.91,2.945,4.4677,11278887,360354848.0,9543000000.0,8030544371.74
2007-12-10,'600249,两面针,30.9,31.17,28.1,28.4,28.99,1.91,6.5885,3.3847,8544765,256329662.0,9270000000.0,7800811728.6
2007-12-07,'600249,两面针,28.99,29.19,27.6,27.6,27.47,1.52,5.5333,2.0403,5150719,147352381.0,8697000000.0,7318625631.46
2007-12-06,'600249,两面针,27.47,27.66,27.26,27.6,27.46,0.01,0.0364,0.7544,1904403,52237524.0,8241000000.0,6934896381.38
2007-12-05,'600249,两面针,27.46,27.5,26.82,26.97,26.96,0.5,1.8546,1.1223,2833351,77343937.0,8238000000.0,6932371846.84
2007-12-04,'600249,两面针,26.96,27.7,26.86,26.89,26.95,0.01,0.0371,0.6161,1555312,42421317.0,8088000000.0,6806145119.84
2007-12-03,'600249,两面针,26.95,27.29,26.63,26.66,26.95,0.0,0.0,0.6142,1550668,41844108.0,8085000000.0,6803620585.3
2007-11-30,'600249,两面针,26.95,28.15,26.81,28.04,28.03,-1.08,-3.853,0.9919,2504112,68502860.0,8085000000.0,6803620585.3
2007-11-29,'600249,两面针,28.03,28.4,26.6,27.1,26.59,1.44,5.4156,1.7057,4306010,118999087.0,8409000000.0,7076270315.62
2007-11-28,'600249,两面针,26.59,27.08,26.38,26.62,26.41,0.18,0.6816,0.7347,1854837,49512028.0,7977000000.0,6712737341.86
2007-11-27,'600249,两面针,26.41,27.24,26.0,26.6,26.73,-0.32,-1.1972,0.689,1739419,46183890.0,7923000000.0,6667295720.14
2007-11-26,'600249,两面针,26.73,28.12,26.7,27.7,27.18,-0.45,-1.6556,1.0814,2729969,74592869.0,8019000000.0,6748080825.42
2007-11-23,'600249,两面针,27.18,27.22,25.9,26.0,26.5,0.68,2.566,1.0787,2723172,73079853.0,8154000000.0,6861684879.72
2007-11-22,'600249,两面针,26.5,28.0,26.4,27.99,28.67,-2.17,-7.5689,1.7162,4332535,118011742.0,7950000000.0,6690016531.0
2007-11-21,'600249,两面针,28.67,29.82,28.62,29.75,29.5,-0.83,-2.8136,1.2907,3258466,95166629.0,8601000000.0,7237840526.18
2007-11-20,'600249,两面针,29.5,29.85,28.7,29.0,29.28,0.22,0.7514,1.2523,3161568,93353707.0,8850000000.0,7447376893.0
2007-11-19,'600249,两面针,29.28,29.97,28.8,29.0,29.01,0.27,0.9307,1.2996,3280859,96740161.0,8784000000.0,7391837133.12
2007-11-16,'600249,两面针,29.01,29.4,27.7,28.1,28.69,0.32,1.1154,1.7855,4507493,128151382.0,8703000000.0,7323674700.54
2007-11-15,'600249,两面针,28.69,29.91,28.38,29.19,29.24,-0.55,-1.881,2.4681,6230686,181713583.0,8607000000.0,7242889595.26
2007-11-14,'600249,两面针,29.24,29.24,26.76,27.0,26.58,2.66,10.0075,2.9884,7544395,213291809.0,8772000000.0,7381738994.96
2007-11-13,'600249,两面针,26.58,27.49,26.18,26.18,25.84,0.74,2.8638,2.4879,6280911,168422177.0,7974000000.0,6710212807.32
2007-11-12,'600249,两面针,25.84,26.5,24.18,25.58,26.87,-1.03,-3.8333,2.8942,7306542,183810899.0,7752000000.0,6523397251.36
2007-11-09,'600249,两面针,26.87,28.15,26.55,28.15,28.36,-1.49,-5.2539,2.3007,5808304,157985784.0,8061000000.0,6783424308.98
2007-11-08,'600249,两面针,28.36,31.25,28.22,31.2,31.2,-2.84,-9.1026,2.3649,5970322,176296899.0,8508000000.0,7159579955.44
2007-11-07,'600249,两面针,31.2,32.3,30.4,31.92,31.75,-0.55,-1.7323,1.5137,3821445,118813919.0,9360000000.0,7876547764.8
2007-11-06,'600249,两面针,31.75,32.5,31.57,31.97,31.98,-0.23,-0.7192,0.9629,2430868,77368769.0,9525000000.0,8015397164.5
2007-11-05,'600249,两面针,31.98,33.15,31.56,32.5,32.84,-0.86,-2.6188,1.7663,4459011,142894580.0,9594000000.0,8073461458.92
2007-11-02,'600249,两面针,32.84,34.6,31.75,32.73,32.54,0.3,0.9219,2.9522,7452947,249938080.0,9852000000.0,8290571429.36
2007-11-01,'600249,两面针,32.54,34.35,32.5,34.35,33.86,-1.32,-3.8984,1.9562,4938464,163977956.0,9762000000.0,8214835393.16
2007-10-31,'600249,两面针,33.86,34.78,33.5,33.51,33.2,0.66,1.988,2.5961,6553962,223588038.0,10158000000.0,8548073952.44
2007-10-30,'600249,两面针,33.2,33.4,30.8,31.7,31.7,1.5,4.7319,2.7752,7006154,226030559.0,9960000000.0,8381454672.8
2007-10-29,'600249,两面针,31.7,34.7,30.7,34.11,33.98,-2.28,-6.7098,4.2647,10766487,343929927.0,9510000000.0,8002774491.8
2007-10-26,'600249,两面针,33.98,36.9,33.36,36.9,34.0,-0.02,-0.0588,3.4751,8772920,303979523.0,10194000000.0,8578368366.92
2007-10-25,'600249,两面针,34.0,35.7,33.33,35.0,35.52,-1.52,-4.2793,3.0258,7638675,262764839.0,10200000000.0,8583417436.0
2007-10-24,'600249,两面针,35.52,36.39,34.01,35.31,35.26,0.26,0.7374,2.6555,6703942,235465390.0,10656000000.0,8967146686.08
2007-10-23,'600249,两面针,35.26,37.2,33.95,36.2,36.51,-1.25,-3.4237,3.177,8020545,283512950.0,10578000000.0,8901508788.04
2007-10-22,'600249,两面针,36.51,37.89,35.31,36.0,36.5,0.01,0.0274,2.6225,6620569,244084255.0,10953000000.0,9217075605.54
2007-10-19,'600249,两面针,36.5,37.58,35.12,35.72,35.62,0.88,2.4705,3.0236,7633201,277829962.0,10950000000.0,9214551071.0
2007-10-18,'600249,两面针,35.62,37.5,35.5,37.15,37.25,-1.63,-4.3758,3.4626,8741558,315786171.0,10686000000.0,8992392031.48
2007-10-17,'600249,两面针,37.25,38.26,36.79,37.89,37.89,-0.64,-1.6891,2.6656,6729472,252586476.0,11175000000.0,9403891161.5
2007-10-16,'600249,两面针,37.89,38.81,36.5,38.39,37.39,0.5,1.3373,5.8508,14770526,557254128.0,11367000000.0,9565461372.06
2007-10-15,'600249,两面针,37.39,37.39,34.2,34.22,33.99,3.4,10.0029,7.1211,17977435,654937603.0,11217000000.0,9439234645.06
2007-10-12,'600249,两面针,33.99,34.79,31.6,34.01,33.8,0.19,0.5621,5.5254,13948961,466466076.0,10197000000.0,8580892901.46
2007-10-11,'600249,两面针,33.8,34.8,33.41,34.8,34.38,-0.58,-1.687,4.8954,12358635,420126980.0,10140000000.0,8532926745.2
2007-10-10,'600249,两面针,34.38,34.65,32.62,34.65,31.5,2.88,9.1429,11.9727,30225453,1029557703.0,10314000000.0,8679349748.52
2007-10-09,'600249,两面针,31.5,31.87,28.8,29.18,28.97,2.53,8.7332,5.8273,14711212,453122008.0,9450000000.0,7952283801.0
2007-10-08,'600249,两面针,28.97,29.9,28.42,29.0,28.42,0.55,1.9353,3.0426,7681025,225569536.0,8691000000.0,7313576562.38
2007-09-28,'600249,两面针,28.42,28.89,27.8,28.36,27.96,0.46,1.6452,2.6496,6689116,189251387.0,8526000000.0,7174727162.68
2007-09-27,'600249,两面针,27.96,28.79,27.75,28.55,28.29,-0.33,-1.1665,1.9316,4876425,137487963.0,8388000000.0,7058598573.84
2007-09-26,'600249,两面针,28.29,29.69,27.7,28.93,28.94,-0.65,-2.246,3.7155,9379832,269778517.0,8487000000.0,7141908213.66
2007-09-25,'600249,两面针,28.94,29.27,26.0,26.17,26.61,2.33,8.7561,6.466,16323633,463183843.0,8682000000.0,7306002958.76
2007-09-24,'600249,两面针,26.61,26.88,23.99,24.89,25.01,1.6,6.3974,3.5386,8933299,227708302.0,7983000000.0,6717786410.94
2007-09-21,'600249,两面针,25.01,26.39,24.65,26.39,26.4,-1.39,-5.2652,2.8637,7229577,181874475.0,7503000000.0,6313860884.54
2007-09-20,'600249,两面针,26.4,27.0,26.0,26.77,26.67,-0.27,-1.0124,2.683,6773346,177944488.0,7920000000.0,6664771185.6
2007-09-19,'600249,两面针,26.67,27.8,26.5,27.8,28.03,-1.36,-4.8519,2.5054,6325044,169724494.0,8001000000.0,6732933618.18
2007-09-18,'600249,XR两面针,28.03,28.88,27.52,27.67,27.67,0.36,1.301,4.3502,5491136,155207902.0,4204500000.0,3538135157.81
2007-09-17,'600249,两面针,55.33,56.5,54.5,56.01,55.98,-0.65,-1.1611,3.3489,4227222,235340236.0,8299500000.0,6984124804.91
2007-09-14,'600249,两面针,55.98,57.49,54.03,57.0,57.49,-1.51,-2.6265,2.6592,3356646,187127635.0,8397000000.0,7066172177.46
2007-09-13,'600249,两面针,57.49,58.49,55.96,58.05,57.61,-0.12,-0.2083,2.4849,3136604,177856421.0,8623500000.0,7256774535.23
2007-09-12,'600249,两面针,57.61,58.9,55.5,56.9,56.13,1.48,2.6367,2.7412,3460066,198433270.0,8641500000.0,7271921742.47
2007-09-11,'600249,两面针,56.13,59.99,56.0,57.21,55.43,0.7,1.2629,4.7282,5968200,348999048.0,8419500000.0,7085106186.51
2007-09-10,'600249,两面针,55.43,56.5,54.01,56.02,56.74,-1.31,-2.3088,3.0025,3789980,208615893.0,8314500000.0,6996747477.61
2007-09-07,'600249,两面针,56.74,59.0,56.59,58.0,58.48,-1.74,-2.9754,2.6141,3299718,189874139.0,8511000000.0,7162104489.98
2007-09-06,'600249,两面针,58.48,60.0,58.02,58.02,57.8,0.68,1.1765,1.8701,2360505,138781165.0,8772000000.0,7381738994.96
2007-09-05,'600249,两面针,57.8,59.49,56.6,58.7,58.77,-0.97,-1.6505,2.9687,3747330,215752823.0,8670000000.0,7295904820.6
2007-09-04,'600249,两面针,58.77,62.48,58.45,62.0,60.75,-1.98,-3.2593,2.7837,3513745,209549543.0,8815500000.0,7418344745.79
2007-09-03,'600249,两面针,0.0,0.0,0.0,0.0,60.75,None,None,0.0,0,0.0,9112500000.0,7668273665.25
2007-08-31,'600249,两面针,60.75,61.98,60.41,61.68,61.48,-0.73,-1.1874,2.0108,2538142,154791695.0,9112500000.0,7668273665.25
2007-08-30,'600249,两面针,61.48,62.0,58.5,59.68,58.99,2.49,4.2211,3.5016,4419924,266565239.0,9222000000.0,7760419175.96
2007-08-29,'600249,两面针,58.99,60.0,57.18,58.22,58.11,0.88,1.5144,2.5415,3208095,188199927.0,8848500000.0,7446114625.73
2007-08-28,'600249,两面针,58.11,60.5,57.8,58.15,57.78,0.33,0.5711,3.138,3960992,233974127.0,8716500000.0,7335035105.97
2007-08-27,'600249,两面针,57.78,61.86,57.01,61.16,61.27,-3.49,-5.6961,5.427,6850355,401609859.0,8667000000.0,7293380286.06
2007-08-24,'600249,两面针,61.27,62.24,60.79,62.24,62.17,-0.9,-1.4476,3.1983,4037046,248061241.0,9190500000.0,7733911563.29
2007-08-23,'600249,两面针,62.17,63.62,60.45,61.55,61.08,1.09,1.7845,3.8101,4809426,297845509.0,9325500000.0,7847515617.59
2007-08-22,'600249,两面针,61.08,63.33,60.82,61.1,62.84,-1.76,-2.8008,4.1164,5196027,320765206.0,9162000000.0,7709928485.16
2007-08-21,'600249,两面针,62.84,64.0,58.7,60.75,59.93,2.91,4.8557,4.4792,5653988,349257119.0,9426000000.0,7932087524.68
2007-08-20,'600249,两面针,59.93,61.2,58.1,58.99,57.16,2.77,4.846,3.4667,4375852,260937729.0,8989500000.0,7564767749.11
2007-08-17,'600249,两面针,57.16,60.46,57.01,59.23,59.23,-2.07,-3.4949,4.2745,5395521,315146990.0,8574000000.0,7215119715.32
2007-08-16,'600249,两面针,59.23,61.3,58.05,59.9,61.05,-1.82,-2.9812,3.8157,4816406,287264273.0,8884500000.0,7476409040.21
2007-08-15,'600249,两面针,61.05,67.09,56.01,67.09,60.99,0.06,0.0984,9.6397,12167839,745468196.0,9157500000.0,7706141683.35
2007-08-14,'600249,两面针,0.0,0.0,0.0,0.0,60.99,None,None,0.0,0,0.0,9148500000.0,7698568079.73
2007-08-13,'600249,两面针,0.0,0.0,0.0,0.0,60.99,None,None,0.0,0,0.0,9148500000.0,7698568079.73
2007-08-10,'600249,两面针,60.99,62.9,57.0,58.5,57.22,3.77,6.5886,7.9579,10044985,603388574.0,9148500000.0,7698568079.73
2007-08-09,'600249,两面针,57.22,57.22,51.66,51.66,52.02,5.2,9.9962,7.1802,9063268,511889747.0,8583000000.0,7222693318.94
2007-08-08,'600249,两面针,52.02,53.8,50.83,51.84,52.9,-0.88,-1.6635,3.7729,4479429,233411357.0,7803000000.0,6176164338.54
2007-08-07,'600249,两面针,52.9,54.88,50.5,52.02,52.5,0.4,0.7619,4.2039,4991211,262624906.0,7935000000.0,6280643858.3
2007-08-06,'600249,两面针,52.5,53.25,50.5,53.0,51.78,0.72,1.3905,5.9035,7009018,362169303.0,7875000000.0,6233153167.5
2007-08-03,'600249,两面针,51.78,51.79,47.85,48.5,47.08,4.7,9.983,8.4046,9978473,495710930.0,7767000000.0,6147669924.06
2007-08-02,'600249,两面针,47.08,47.2,44.0,44.0,43.75,3.33,7.6114,5.9432,7056121,327067423.0,7062000000.0,5589654307.16
2007-08-01,'600249,两面针,43.75,47.99,43.65,47.0,46.19,-2.44,-5.2825,4.6767,5552528,252179670.0,6562500000.0,5194294306.25
2007-07-31,'600249,两面针,46.19,47.0,45.0,45.48,45.04,1.15,2.5533,3.6266,4305733,198800940.0,6928500000.0,5483987520.13
2007-07-30,'600249,两面针,45.04,46.43,42.05,42.05,42.21,2.83,6.7046,4.7032,5583936,252528158.0,6756000000.0,5347451784.08
2007-07-27,'600249,两面针,42.21,42.7,41.7,42.7,42.89,-0.68,-1.5855,3.398,4034280,169971695.0,6331500000.0,5011455146.67
2007-07-26,'600249,两面针,42.89,43.5,41.05,41.05,40.96,1.93,4.7119,3.641,4322803,184400205.0,6433500000.0,5092189321.03
2007-07-25,'600249,两面针,40.96,41.6,40.11,40.11,40.1,0.86,2.1446,2.5575,3036401,124576685.0,6144000000.0,4863046737.92
2007-07-24,'600249,两面针,40.1,41.38,40.01,41.02,40.01,0.09,0.2249,3.3016,3919915,159497124.0,6015000000.0,4760941752.7
2007-07-23,'600249,两面针,40.01,40.8,37.51,37.51,37.33,2.68,7.1792,3.7938,4504207,178078258.0,6001500000.0,4750256347.27
2007-07-20,'600249,两面针,37.33,37.49,35.89,35.99,35.8,1.53,4.2737,2.5143,2985204,110157434.0,5599500000.0,4432068718.91
2007-07-19,'600249,两面针,35.8,36.7,35.32,35.67,35.89,-0.09,-0.2508,1.0748,1276055,45954728.0,5370000000.0,4250416826.6
2007-07-18,'600249,两面针,35.89,36.99,35.0,35.8,36.35,-0.46,-1.2655,1.9832,2354536,84519975.0,5383500000.0,4261102232.03
2007-07-17,'600249,两面针,36.35,36.97,34.31,34.86,35.46,0.89,2.5099,2.5102,2980307,106254889.0,5452500000.0,4315716526.45
2007-07-16,'600249,两面针,35.46,38.2,35.2,38.2,38.35,-2.89,-7.5359,3.2916,3908020,142062300.0,5319000000.0,4210049739.42
2007-07-13,'600249,两面针,38.35,38.88,37.53,38.78,38.89,-0.54,-1.3885,1.6067,1907613,72685760.0,5752500000.0,4553169980.45
2007-07-12,'600249,两面针,38.89,39.45,38.25,38.81,38.88,0.01,0.0257,1.6153,1917798,74352387.0,5833500000.0,4617282413.03
2007-07-11,'600249,两面针,38.88,40.75,38.01,40.75,40.57,-1.69,-4.1656,3.8872,4615100,180410262.0,5832000000.0,4616095145.76
2007-07-10,'600249,两面针,40.57,42.5,40.2,40.79,39.73,0.84,2.1143,6.6652,7913344,325537840.0,6085500000.0,4816743314.39
2007-07-09,'600249,两面针,39.73,39.73,38.2,39.6,36.12,3.61,9.9945,6.065,7200773,282168687.0,5959500000.0,4717012863.71
2007-07-06,'600249,两面针,36.12,36.45,32.62,33.99,34.03,2.09,6.1416,4.4663,5302733,184044546.0,5418000000.0,4288409379.24
2007-07-05,'600249,两面针,34.03,36.29,34.0,34.5,35.52,-1.49,-4.1948,3.8934,4622482,163947327.0,5104500000.0,4040270519.81
2007-07-04,'600249,两面针,35.52,36.98,34.91,35.4,35.17,0.35,0.9952,3.3295,3952962,142022984.0,5328000000.0,4217173343.04
2007-07-03,'600249,两面针,35.17,35.23,33.68,34.83,34.61,0.56,1.618,2.6989,3204353,110771473.0,5275500000.0,4175618988.59
2007-07-02,'600249,两面针,34.61,35.2,32.03,33.5,33.51,1.1,3.2826,3.6281,4307563,145660903.0,5191500000.0,4109132021.47
2007-06-29,'600249,两面针,33.51,35.0,32.8,34.99,36.22,-2.71,-7.4821,4.8778,5791202,196829405.0,5026500000.0,3978532621.77
2007-06-28,'600249,两面针,36.22,41.5,35.7,40.0,38.3,-2.08,-5.4308,6.5569,7784790,304250738.0,5433000000.0,4300282051.94
2007-06-27,'600249,两面针,0.0,0.0,0.0,0.0,38.3,None,None,0.0,0,0.0,5745000000.0,4547233644.1
2007-06-26,'600249,两面针,38.3,38.6,34.8,36.97,38.26,0.04,0.1045,4.827,5730916,209817312.0,5745000000.0,4547233644.1
2007-06-25,'600249,两面针,38.26,43.54,38.26,43.1,42.51,-4.25,-9.9976,6.7335,7994423,316537042.0,5739000000.0,4542484575.02
2007-06-22,'600249,两面针,42.51,47.99,42.51,47.25,47.23,-4.72,-9.9936,7.3963,8781331,389328379.0,6376500000.0,5047073164.77
2007-06-21,'600249,两面针,47.23,47.45,44.88,45.43,45.43,1.8,3.9621,5.0397,5983522,278625681.0,7084500000.0,5607463316.21
2007-06-20,'600249,两面针,45.43,48.8,44.38,44.98,45.0,0.43,0.9556,6.2534,7424448,348854738.0,6814500000.0,5393755207.61
2007-06-19,'600249,两面针,45.0,46.3,44.02,45.6,45.86,-0.86,-1.8753,3.7297,4428153,199489395.0,6750000000.0,5342702715.0
2007-06-18,'600249,两面针,45.86,47.2,44.1,44.61,43.82,2.04,4.6554,5.2254,6203999,283705102.0,6879000000.0,5444807700.22
2007-06-15,'600249,两面针,43.82,46.12,43.2,43.7,44.72,-0.9,-2.0125,4.0484,4806557,212792731.0,6573000000.0,5202605177.14
2007-06-14,'600249,两面针,44.72,47.49,43.0,44.02,44.41,0.31,0.698,4.9178,5838691,265006989.0,6708000000.0,5309459231.44
2007-06-13,'600249,两面针,44.41,45.55,43.18,44.02,44.02,0.39,0.886,4.775,5669231,251569880.0,6661500000.0,5272653946.07
2007-06-12,'600249,两面针,44.02,45.23,40.2,41.0,41.22,2.8,6.7928,5.664,6724656,291182977.0,6603000000.0,5226350522.54
2007-06-11,'600249,两面针,41.22,43.2,40.0,41.9,41.29,-0.07,-0.1695,7.1468,8485146,354390784.0,6183000000.0,4893915686.94
2007-06-08,'600249,两面针,41.29,41.99,40.1,41.98,38.17,3.12,8.174,11.0028,13063231,540477331.0,6193500000.0,4902226557.83
2007-06-07,'600249,两面针,38.17,38.17,35.0,35.54,34.7,3.47,10.0,2.7225,3232289,119773202.0,5725500000.0,4531799169.59
2007-06-06,'600249,两面针,34.7,35.8,32.0,34.0,34.55,0.15,0.4342,7.5079,8913920,305249762.0,5205000000.0,4119817426.9
2007-06-05,'600249,两面针,34.55,35.2,30.09,31.09,33.43,1.12,3.3503,9.2464,10977950,345340717.0,5182500000.0,4102008417.85
2007-06-04,'600249,两面针,33.43,37.83,33.43,36.55,37.14,-3.71,-9.9892,6.2624,7435108,251994030.0,5014500000.0,3969034483.61
2007-06-01,'600249,两面针,37.14,42.5,37.14,41.51,41.27,-4.13,-10.0073,6.5351,7758955,299755165.0,5571000000.0,4409510640.78
2007-05-31,'600249,两面针,41.27,44.0,41.27,42.2,45.86,-4.59,-10.0087,5.4632,6486293,270842019.0,6190500000.0,4899852023.29
2007-05-30,'600249,两面针,45.86,48.4,45.86,45.86,50.95,-5.09,-9.9902,4.6756,5551164,259716600.0,6879000000.0,5444807700.22
2007-05-29,'600249,两面针,50.95,51.98,49.6,50.7,50.94,0.01,0.0196,3.71,4404764,222159018.0,7642500000.0,6049126740.65
2007-05-28,'600249,两面针,50.94,53.15,50.1,53.09,51.6,-0.66,-1.2791,6.8778,8165789,418396946.0,7641000000.0,6047939473.38
2007-05-25,'600249,两面针,51.6,52.2,47.9,48.0,48.6,3.0,6.1728,9.5837,11378456,575482509.0,7740000000.0,6126299113.2
2007-05-24,'600249,两面针,48.6,50.13,46.86,48.34,48.86,-0.26,-0.5321,7.163,5930375,286788083.0,7290000000.0,4023680896.8
2007-05-23,'600249,两面针,48.86,50.66,48.51,50.33,50.86,-2.0,-3.9324,6.0712,5026455,248210344.0,7329000000.0,4045206761.68
2007-05-22,'600249,两面针,50.86,53.0,47.5,49.55,49.48,1.38,2.789,11.5303,9546148,472315026.0,7629000000.0,4210790337.68
2007-05-21,'600249,两面针,49.48,57.0,48.0,54.0,52.0,-2.52,-4.8462,16.1749,13391472,699808014.0,7422000000.0,4096537670.24
2007-05-18,'600249,两面针,52.0,52.0,48.5,49.97,47.27,4.73,10.0063,4.1806,3461230,176465739.0,7800000000.0,4305172976.0
2007-05-17,'600249,两面针,47.27,47.27,43.1,43.1,42.97,4.3,10.007,5.5376,4584665,209083667.0,7090500000.0,3913567818.76
2007-05-16,'600249,两面针,42.97,44.97,41.5,42.6,42.51,0.46,1.0821,7.6163,6305636,271693520.0,6445500000.0,3557563130.36
2007-05-15,'600249,两面针,42.51,43.37,39.0,39.0,39.48,3.03,7.6748,14.3531,11883195,502369986.0,6376500000.0,3519478907.88
2007-05-14,'600249,两面针,39.48,39.52,35.0,35.38,35.93,3.55,9.8803,13.4598,11143647,426919254.0,5922000000.0,3268619790.24
2007-05-11,'600249,两面针,35.93,37.47,35.5,36.16,37.02,-1.09,-2.9444,5.8497,4843084,175630508.0,5389500000.0,2974708942.84
2007-05-10,'600249,两面针,37.02,38.29,35.5,37.51,37.03,-0.01,-0.027,7.0754,5857821,216935150.0,5553000000.0,3064951991.76
2007-05-09,'600249,两面针,37.03,39.9,35.0,38.48,37.63,-0.6,-1.5945,13.5623,11228468,425519991.0,5554500000.0,3065779909.64
2007-05-08,'600249,两面针,37.63,37.63,34.6,36.0,34.21,3.42,9.9971,14.5004,12005155,434984436.0,5644500000.0,3115454982.44
2007-04-30,'600249,两面针,34.21,35.0,30.01,31.9,32.68,1.53,4.6818,15.2554,12630213,419065540.0,5131500000.0,2832307067.48
2007-04-27,'600249,两面针,32.68,35.78,32.68,32.68,36.31,-3.63,-9.9972,15.1431,12537215,416088297.0,4902000000.0,2705635631.84
2007-04-26,'600249,两面针,0.0,0.0,0.0,0.0,36.31,None,None,0.0,0,0.0,5446500000.0,3006169822.28
2007-04-25,'600249,两面针,36.31,36.85,31.5,33.4,33.51,2.8,8.3557,9.5753,7927526,278325950.0,5446500000.0,3006169822.28
2007-04-24,'600249,两面针,33.51,33.51,29.5,30.3,30.46,3.05,10.0131,10.0406,8312830,263289975.0,5026500000.0,2774352815.88
2007-04-23,'600249,两面针,30.46,32.5,28.76,32.0,31.96,-1.5,-4.6934,9.7566,8077664,247700366.0,4569000000.0,2521837862.48
2007-04-20,'600249,两面针,31.96,32.5,31.0,31.0,31.27,0.69,2.2066,6.5249,5402065,172459525.0,4794000000.0,2646025544.48
2007-04-19,'600249,两面针,31.27,34.73,31.27,34.73,34.74,-3.47,-9.9885,7.0799,5861539,189884412.0,4690500000.0,2588899210.76
2007-04-18,'600249,两面针,34.74,35.41,31.1,32.5,32.58,2.16,6.6298,7.3456,6081512,204549550.0,5211000000.0,2876186715.12
2007-04-17,'600249,两面针,32.58,34.27,31.0,34.0,33.96,-1.38,-4.0636,8.6444,7156863,232415795.0,4887000000.0,2697356453.04
2007-04-16,'600249,两面针,33.96,35.51,32.89,34.0,34.0,-0.04,-0.1176,6.227,5155453,175459313.0,5094000000.0,2811609120.48
2007-04-13,'600249,两面针,34.0,34.97,31.79,31.79,31.88,2.12,6.6499,6.9275,5735398,193594670.0,5100000000.0,2814920792.0
2007-04-12,'600249,两面针,31.88,31.88,29.15,29.17,28.98,2.9,10.0069,5.7529,4762959,147030007.0,4782000000.0,2639402201.44
2007-04-11,'600249,两面针,28.98,29.0,27.11,28.08,28.04,0.94,3.3524,5.8903,4876696,136253540.0,4347000000.0,2399306016.24
2007-04-10,'600249,两面针,28.04,29.03,27.18,28.0,28.36,-0.32,-1.1283,5.9624,4936393,139374334.0,4206000000.0,2321481735.52
2007-04-09,'600249,两面针,28.36,28.62,25.91,25.91,26.02,2.34,8.9931,9.8081,8120283,227785936.0,4254000000.0,2347975107.68
2007-04-06,'600249,两面针,26.02,26.02,23.0,23.3,23.65,2.37,10.0211,6.4454,5336266,134790233.0,3903000000.0,2154242323.76
2007-04-05,'600249,两面针,23.65,23.74,21.5,21.6,21.74,1.91,8.7856,5.185,4292754,97632942.0,3547500000.0,1958025786.2
2007-04-04,'600249,两面针,21.74,21.98,21.1,21.13,21.43,0.31,1.4466,4.6171,3822589,82115630.0,3261000000.0,1799893471.12
2007-04-03,'600249,两面针,21.43,22.33,20.88,21.05,21.03,0.4,1.902,7.2074,5967120,128353655.0,3214500000.0,1774228016.84
2007-04-02,'600249,两面针,21.03,21.03,19.5,19.5,19.12,1.91,9.9895,9.1793,7599738,158165712.0,3154500000.0,1741111301.64
2007-03-30,'600249,两面针,19.12,19.13,18.22,18.42,18.22,0.9,4.9396,4.7442,3927803,74027843.0,2868000000.0,1582978986.56
2007-03-29,'600249,两面针,18.22,19.2,18.0,18.8,18.63,-0.41,-2.2008,4.4157,3655816,68377564.0,2733000000.0,1508466377.36
2007-03-28,'600249,两面针,18.63,19.4,17.8,19.21,19.19,-0.56,-2.9182,5.1765,4285745,79580912.0,2794500000.0,1542411010.44
2007-03-27,'600249,两面针,19.19,19.48,18.8,19.23,19.2,-0.01,-0.0521,3.8075,3152303,60070395.0,2878500000.0,1588774411.72
2007-03-26,'600249,两面针,19.2,19.26,17.62,17.62,17.51,1.69,9.6516,6.9647,5766202,108637323.0,2880000000.0,1589602329.6
2007-03-23,'600249,两面针,17.51,17.78,16.4,16.56,16.49,1.02,6.1856,7.8457,6495619,112589345.0,2626500000.0,1449684207.88
2007-03-22,'600249,两面针,16.49,16.98,16.23,16.23,16.2,0.29,1.7901,4.578,3790175,62989902.0,2473500000.0,1365236584.12
2007-03-21,'600249,两面针,16.2,16.5,16.16,16.18,16.16,0.04,0.2475,2.9947,2479326,40417351.0,2430000000.0,1341226965.6
2007-03-20,'600249,两面针,16.16,16.33,16.04,16.2,16.21,-0.05,-0.3085,2.6363,2182600,35241377.0,2424000000.0,1337915294.08
2007-03-19,'600249,两面针,16.21,16.48,15.6,15.68,16.1,0.11,0.6832,4.4963,3722535,59968164.0,2431500000.0,1342054883.48
2007-03-16,'600249,两面针,16.1,16.92,15.71,16.61,16.99,-0.89,-5.2384,8.63,7144927,117117633.0,2415000000.0,1332947786.8
2007-03-15,'600249,两面针,16.99,17.0,15.94,16.16,15.94,1.05,6.5872,7.6691,6349402,104677360.0,2548500000.0,1406632478.12
2007-03-14,'600249,两面针,15.94,16.15,15.58,15.99,16.26,-0.32,-1.968,5.2633,4357562,68969445.0,2391000000.0,1319701100.72
2007-03-13,'600249,两面针,16.26,16.6,15.98,16.01,15.99,0.27,1.6886,5.0393,4172140,68228637.0,2439000000.0,1346194472.88
2007-03-12,'600249,两面针,15.99,16.1,15.5,16.02,15.98,0.01,0.0626,4.8068,3979649,63207626.0,2398500000.0,1323840690.12
2007-03-09,'600249,两面针,15.98,16.45,15.7,16.11,16.13,-0.15,-0.9299,5.0078,4146054,66646536.0,2397000000.0,1323012772.24
2007-03-08,'600249,两面针,16.13,16.25,15.51,15.97,15.67,0.46,2.9355,4.8512,4016417,64017767.0,2419500000.0,1335431540.44
2007-03-07,'600249,两面针,15.67,15.9,15.01,15.18,15.0,0.67,4.4667,4.5881,3798597,59084163.0,2350500000.0,1297347317.96
2007-03-06,'600249,两面针,15.0,15.2,14.5,14.59,14.72,0.28,1.9022,4.0261,3333249,49736301.0,2250000000.0,1241876820.0
2007-03-05,'600249,两面针,14.72,15.4,14.21,14.8,14.97,-0.25,-1.67,4.5117,3735352,55285815.0,2208000000.0,1218695119.36
2007-03-02,'600249,两面针,14.97,15.19,14.81,14.95,14.97,0.0,0.0,3.4498,2856174,42895214.0,2245500000.0,1239393066.36
2007-03-01,'600249,两面针,14.97,15.98,14.72,15.85,15.85,-0.88,-5.5521,6.7455,5584699,84540619.0,2245500000.0,1239393066.36
2007-02-28,'600249,两面针,15.85,15.86,14.3,14.3,14.42,1.43,9.9168,7.7902,6449663,97150518.0,2377500000.0,1312249839.8
2007-02-27,'600249,两面针,14.42,17.46,14.42,16.3,16.02,-1.6,-9.9875,10.3264,8549405,134934693.0,2163000000.0,1193857582.96
2007-02-26,'600249,两面针,16.02,16.02,14.7,14.83,14.56,1.46,10.0275,5.419,4486487,68982875.0,2403000000.0,1326324443.76
2007-02-16,'600249,两面针,14.56,14.9,13.82,13.82,13.69,0.87,6.355,8.6402,7153380,103413999.0,2184000000.0,1205448433.28
2007-02-15,'600249,两面针,13.69,13.78,13.17,13.25,13.11,0.58,4.4241,8.5896,7111446,95852154.0,2053500000.0,1133419577.72
2007-02-14,'600249,两面针,13.11,14.75,12.53,14.75,13.41,-0.3,-2.2371,12.8076,10603617,140589053.0,1966500000.0,1085400340.68
2007-02-13,'600249,两面针,13.41,13.63,13.28,13.45,13.47,-0.06,-0.4454,2.5219,2087953,28057929.0,2011500000.0,1110237877.08
2007-02-12,'600249,两面针,13.47,13.52,12.72,12.76,12.72,0.75,5.8962,4.3875,3632518,48201328.0,2020500000.0,1115205384.36
2007-02-09,'600249,两面针,12.72,12.9,12.6,12.69,12.69,0.03,0.2364,3.1836,2635788,33566515.0,1908000000.0,1053111543.36
2007-02-08,'600249,两面针,12.69,12.69,12.24,12.39,12.44,0.25,2.0096,3.9479,3268511,40812012.0,1903500000.0,1050627789.72
2007-02-07,'600249,两面针,12.44,12.74,12.28,12.45,12.27,0.17,1.3855,4.8097,3982031,49793614.0,1866000000.0,1029929842.72
2007-02-06,'600249,两面针,12.27,12.38,11.68,12.16,12.16,0.11,0.9046,5.396,4467448,53469226.0,1840500000.0,1015855238.76
2007-02-05,'600249,两面针,12.16,12.75,12.11,12.44,12.54,-0.38,-3.0303,3.6845,3050490,37519985.0,1824000000.0,1006748142.08
2007-02-02,'600249,两面针,12.54,13.15,12.48,12.9,12.74,-0.2,-1.5699,4.3864,3631587,46733473.0,1881000000.0,1038209021.52
2007-02-01,'600249,两面针,12.74,12.98,12.31,12.63,12.74,0.0,0.0,4.4066,3648287,46098840.0,1911000000.0,1054767379.12
2007-01-31,'600249,两面针,12.74,14.0,12.69,13.99,13.92,-1.18,-8.477,6.7838,5413461,71774485.0,1911000000.0,1016652000.0
2007-01-30,'600249,两面针,13.92,14.68,13.71,14.45,13.77,0.15,1.0893,7.87,6280241,88886840.0,2088000000.0,1110816000.0
2007-01-29,'600249,两面针,0.0,0.0,0.0,0.0,13.77,None,None,0.0,0,0.0,2065500000.0,1098846000.0
2007-01-26,'600249,两面针,13.77,13.88,13.18,13.59,13.58,0.19,1.3991,6.1789,4930756,66865674.0,2065500000.0,1098846000.0
2007-01-25,'600249,两面针,13.58,14.4,13.51,13.9,14.01,-0.43,-3.0692,6.9954,5582292,77658406.0,2037000000.0,1083684000.0
2007-01-24,'600249,两面针,14.01,14.2,13.3,13.49,13.24,0.77,5.8157,7.9773,6365919,88350637.0,2101500000.0,1117998000.0
2007-01-23,'600249,两面针,13.24,13.79,12.88,13.71,13.65,-0.41,-3.0037,6.3885,5098001,67288366.0,1986000000.0,1056552000.0
2007-01-22,'600249,两面针,13.65,13.89,13.32,13.32,13.29,0.36,2.7088,5.8344,4655864,63348707.0,2047500000.0,1089270000.0
2007-01-19,'600249,两面针,13.29,13.46,13.0,13.36,13.32,-0.03,-0.2252,5.5842,4456172,58957474.0,1993500000.0,1060542000.0
2007-01-18,'600249,两面针,13.32,13.5,12.58,12.91,12.98,0.34,2.6194,8.5662,6835794,88974879.0,1998000000.0,1062936000.0
2007-01-17,'600249,两面针,12.98,14.16,12.8,13.46,13.35,-0.37,-2.7715,10.0069,7985492,108551526.0,1947000000.0,1035804000.0
2007-01-16,'600249,两面针,13.35,13.45,12.73,12.9,12.68,0.67,5.2839,6.6006,5267253,69295290.0,2002500000.0,1065330000.0
2007-01-15,'600249,两面针,12.68,12.68,11.57,11.57,11.53,1.15,9.974,8.3215,6640560,81937146.0,1902000000.0,1011864000.0
2007-01-12,'600249,两面针,11.53,12.13,11.4,11.5,11.71,-0.18,-1.5371,6.7198,5362432,63302901.0,1729500000.0,920094000.0
2007-01-11,'600249,两面针,11.71,11.95,11.42,11.6,11.54,0.17,1.4731,6.362,5076914,59290788.0,1756500000.0,934458000.0
2007-01-10,'600249,两面针,11.54,11.6,11.05,11.05,11.01,0.53,4.8138,7.4232,5923690,67295267.0,1731000000.0,920892000.0
2007-01-09,'600249,两面针,11.01,11.62,10.9,11.3,10.63,0.38,3.5748,13.2065,10538759,118196035.0,1651500000.0,878598000.0
2007-01-08,'600249,两面针,0.0,0.0,0.0,0.0,10.63,None,None,0.0,0,0.0,1594500000.0,848274000.0
2007-01-05,'600249,两面针,10.63,10.65,9.9,9.98,10.02,0.61,6.0878,8.1977,6541732,67098454.0,1594500000.0,848274000.0
2007-01-04,'600249,两面针,10.02,10.5,9.92,10.12,9.78,0.24,2.454,9.7605,7788888,79776560.0,1503000000.0,799596000.0
2006-12-29,'600249,两面针,9.78,9.98,9.51,9.52,9.43,0.35,3.7116,8.4904,6775359,66318251.0,1467000000.0,780444000.0
2006-12-28,'600249,两面针,9.43,9.78,9.3,9.58,9.58,-0.15,-1.5658,4.8714,3887353,37195437.0,1414500000.0,752514000.0
2006-12-27,'600249,两面针,9.58,9.78,9.51,9.7,9.66,-0.08,-0.8282,4.5335,3617732,34872489.0,1437000000.0,764484000.0
2006-12-26,'600249,两面针,9.66,9.81,9.32,9.58,9.43,0.23,2.439,5.5985,4467566,42653985.0,1449000000.0,770868000.0
2006-12-25,'600249,两面针,9.43,9.79,9.15,9.15,9.01,0.42,4.6615,8.1041,6467097,61249166.0,1414500000.0,752514000.0
2006-12-22,'600249,两面针,9.01,9.28,8.88,9.15,9.22,-0.21,-2.2777,4.9717,3967411,35966212.0,1351500000.0,718998000.0
2006-12-21,'600249,两面针,9.22,9.65,9.1,9.38,9.44,-0.22,-2.3305,9.318,7435741,69928603.0,1383000000.0,735756000.0
2006-12-20,'600249,两面针,9.44,10.13,9.38,9.51,9.22,0.22,2.3861,14.9436,11925025,115938757.0,1416000000.0,753312000.0
2006-12-19,'600249,两面针,9.22,9.23,8.6,8.91,8.84,0.38,4.2986,9.2091,7348883,65497844.0,1383000000.0,735756000.0
2006-12-18,'600249,两面针,8.84,9.18,8.73,8.95,8.86,-0.02,-0.2257,11.4717,9154429,82273855.0,1326000000.0,705432000.0
2006-12-15,'600249,两面针,8.86,8.88,8.38,8.48,8.45,0.41,4.8521,10.5525,8420872,72409125.0,1329000000.0,707028000.0
2006-12-14,'600249,两面针,8.45,8.48,8.19,8.33,8.27,0.18,2.1765,5.907,4713777,39282214.0,1267500000.0,674310000.0
2006-12-13,'600249,两面针,8.27,8.28,7.93,7.98,7.86,0.41,5.2163,6.9202,5522286,45001526.0,1240500000.0,659946000.0
2006-12-12,'600249,两面针,7.86,8.18,7.8,8.0,7.98,-0.12,-1.5038,2.4621,1964733,15624198.0,1179000000.0,627228000.0
2006-12-11,'600249,两面针,7.98,8.0,7.51,7.6,7.63,0.35,4.5872,3.0155,2406349,18750136.0,1197000000.0,636804000.0
2006-12-08,'600249,两面针,7.63,7.85,7.61,7.85,7.85,-0.22,-2.8025,3.551,2833706,21821974.0,1144500000.0,608874000.0
2006-12-07,'600249,两面针,7.85,8.14,7.83,8.03,8.04,-0.19,-2.3632,4.4833,3577657,28660143.0,1177500000.0,626430000.0
2006-12-06,'600249,两面针,8.04,8.46,7.92,8.4,8.39,-0.35,-4.1716,5.0774,4051800,32934899.0,1206000000.0,641592000.0
2006-12-05,'600249,两面针,8.39,8.58,8.18,8.21,8.17,0.22,2.6928,7.4529,5947392,49975387.0,1258500000.0,669522000.0
2006-12-04,'600249,两面针,8.17,8.18,8.01,8.06,8.07,0.1,1.2392,4.3255,3451721,28031060.0,1225500000.0,651966000.0
2006-12-01,'600249,两面针,8.07,8.25,8.03,8.03,8.09,-0.02,-0.2472,4.2716,3408765,27737635.0,1210500000.0,643986000.0
2006-11-30,'600249,两面针,8.09,8.22,8.01,8.09,8.03,0.06,0.7472,5.7774,4610371,37398847.0,1213500000.0,645582000.0
2006-11-29,'600249,两面针,8.03,8.09,7.73,7.81,7.93,0.1,1.261,4.7468,3787922,30000145.0,1204500000.0,640794000.0
2006-11-28,'600249,两面针,7.93,7.97,7.71,7.76,7.73,0.2,2.5873,4.4104,3519526,27687168.0,1189500000.0,632814000.0
2006-11-27,'600249,两面针,7.73,7.89,7.6,7.68,7.67,0.06,0.7823,3.3033,2636009,20343026.0,1159500000.0,616854000.0
2006-11-24,'600249,两面针,7.67,7.73,7.55,7.66,7.65,0.02,0.2614,2.478,1977460,15109482.0,1150500000.0,612066000.0
2006-11-23,'600249,两面针,7.65,7.84,7.59,7.84,7.84,-0.19,-2.4235,4.1441,3307030,25451283.0,1147500000.0,610470000.0
2006-11-22,'600249,两面针,7.84,7.98,7.74,7.79,7.77,0.07,0.9009,7.5193,6000427,47019349.0,1176000000.0,625632000.0
2006-11-21,'600249,两面针,7.77,7.87,7.65,7.69,7.63,0.14,1.8349,12.2169,9749104,75603676.0,1165500000.0,620046000.0
2006-11-20,'600249,两面针,7.63,7.69,7.24,7.29,7.23,0.4,5.5325,5.0534,4032651,29980528.0,1144500000.0,608874000.0
2006-11-17,'600249,两面针,7.23,7.3,7.13,7.3,7.25,-0.02,-0.2759,3.3056,2637841,19002445.0,1084500000.0,576954000.0
2006-11-16,'600249,两面针,7.25,7.49,7.2,7.48,7.45,-0.2,-2.6846,3.9845,3179613,23220778.0,1087500000.0,578550000.0
2006-11-15,'600249,两面针,7.45,7.46,7.27,7.36,7.34,0.11,1.4986,2.8031,2236890,16543493.0,1117500000.0,594510000.0
2006-11-14,'600249,两面针,7.34,7.34,7.18,7.25,7.23,0.11,1.5214,2.9721,2371736,17215329.0,1101000000.0,585732000.0
2006-11-13,'600249,两面针,7.23,7.34,6.96,7.12,7.12,0.11,1.5449,2.8521,2275953,16292115.0,1084500000.0,576954000.0
2006-11-10,'600249,两面针,7.12,7.38,7.1,7.35,7.35,-0.23,-3.1293,2.6747,2134375,15381503.0,1068000000.0,568176000.0
2006-11-09,'600249,两面针,7.35,7.4,7.19,7.25,7.28,0.07,0.9615,2.1531,1718154,12583124.0,1102500000.0,586530000.0
2006-11-08,'600249,两面针,7.28,7.3,7.08,7.22,7.22,0.06,0.831,2.5696,2050504,14718947.0,1092000000.0,580944000.0
2006-11-07,'600249,两面针,7.22,7.61,7.18,7.6,7.56,-0.34,-4.4974,5.4751,4369130,32049057.0,1083000000.0,576156000.0
2006-11-06,'600249,两面针,7.56,7.64,7.52,7.58,7.63,-0.07,-0.9174,2.1739,1734806,13132876.0,1134000000.0,603288000.0
2006-11-03,'600249,两面针,7.63,7.69,7.52,7.56,7.58,0.05,0.6596,3.1921,2547275,19346195.0,1144500000.0,608874000.0
2006-11-02,'600249,两面针,7.58,7.7,7.53,7.7,7.66,-0.08,-1.0444,1.9502,1556282,11790265.0,1137000000.0,604884000.0
2006-11-01,'600249,两面针,7.66,7.73,7.56,7.67,7.68,-0.02,-0.2604,2.2483,1794162,13680796.0,1149000000.0,611268000.0
2006-10-31,'600249,两面针,7.68,7.72,7.46,7.51,7.59,0.09,1.1858,3.2631,2603981,19784265.0,1152000000.0,612864000.0
2006-10-30,'600249,两面针,7.59,7.79,7.5,7.79,7.79,-0.2,-2.5674,3.2711,2610332,19753849.0,1138500000.0,605682000.0
2006-10-27,'600249,两面针,7.79,8.08,7.77,7.99,8.0,-0.21,-2.625,2.4549,1958990,15457677.0,1168500000.0,621642000.0
2006-10-26,'600249,两面针,8.0,8.18,7.9,8.12,8.19,-0.19,-2.3199,5.6324,4494645,35829965.0,1200000000.0,638400000.0
2006-10-25,'600249,两面针,8.19,8.36,8.06,8.3,8.3,-0.11,-1.3253,3.6528,2914909,23839454.0,1228500000.0,653562000.0
2006-10-24,'600249,两面针,8.3,8.31,8.1,8.12,8.13,0.17,2.091,5.2877,4219605,34490557.0,1245000000.0,662340000.0
2006-10-23,'600249,两面针,8.13,8.48,8.0,8.35,8.36,-0.23,-2.7512,3.6601,2920747,23991108.0,1219500000.0,648774000.0
2006-10-20,'600249,两面针,8.36,8.75,8.34,8.75,8.73,-0.37,-4.2383,5.3302,4253525,36011571.0,1254000000.0,667128000.0
2006-10-19,'600249,两面针,8.73,8.88,8.66,8.77,8.7,0.03,0.3448,2.5992,2074132,18173507.0,1309500000.0,696654000.0
2006-10-18,'600249,两面针,8.7,8.78,8.65,8.69,8.66,0.04,0.4619,2.4688,1970109,17154751.0,1305000000.0,694260000.0
2006-10-17,'600249,两面针,8.66,8.79,8.64,8.69,8.7,-0.04,-0.4598,1.9383,1546746,13441877.0,1299000000.0,691068000.0
2006-10-16,'600249,两面针,8.7,8.93,8.65,8.81,8.81,-0.11,-1.2486,2.9339,2341271,20516475.0,1305000000.0,694260000.0
2006-10-13,'600249,两面针,8.81,8.93,8.8,8.81,8.81,0.0,0.0,2.4529,1957434,17322745.0,1321500000.0,703038000.0
2006-10-12,'600249,两面针,8.81,9.25,8.8,9.24,9.24,-0.43,-4.6537,5.7314,4573634,40933279.0,1321500000.0,703038000.0
2006-10-11,'600249,两面针,9.24,9.51,9.0,9.5,9.5,-0.26,-2.7368,8.2386,6574439,60577931.0,1386000000.0,737352000.0
2006-10-10,'600249,两面针,9.5,9.8,9.15,9.16,9.23,0.27,2.9252,15.4548,12332938,116567374.0,1425000000.0,758100000.0
2006-10-09,'600249,两面针,9.23,9.45,9.12,9.24,9.25,-0.02,-0.2162,9.8501,7860349,72744731.0,1384500000.0,736554000.0
2006-09-29,'600249,G 两面针,9.25,9.28,9.1,9.1,9.16,0.09,0.9825,1.4876,1187107,10958337.0,1387500000.0,738150000.0
2006-09-28,'600249,G 两面针,9.16,9.26,8.86,9.05,8.96,0.2,2.2321,1.3036,1040273,9505092.0,1374000000.0,730968000.0
2006-09-27,'600249,G 两面针,8.96,8.99,8.75,8.75,8.79,0.17,1.934,0.6,478764,4262196.0,1344000000.0,715008000.0
2006-09-26,'600249,G 两面针,8.79,9.09,8.71,9.08,9.12,-0.33,-3.6184,1.7481,1394953,12410465.0,1318500000.0,701442000.0
2006-09-25,'600249,G 两面针,9.12,9.24,8.96,9.08,9.08,0.04,0.4405,0.703,560970,5110592.0,1368000000.0,727776000.0
2006-09-22,'600249,G 两面针,9.08,9.29,9.01,9.24,9.23,-0.15,-1.6251,1.7503,1396763,12698920.0,1362000000.0,724584000.0
2006-09-21,'600249,G 两面针,9.23,9.32,9.16,9.25,9.24,-0.01,-0.1082,1.0748,857683,7921513.0,1384500000.0,736554000.0
2006-09-20,'600249,G 两面针,9.24,9.37,9.15,9.34,9.33,-0.09,-0.9646,0.8824,704176,6510092.0,1386000000.0,737352000.0
2006-09-19,'600249,G 两面针,9.33,9.52,9.28,9.36,9.34,-0.01,-0.1071,1.5896,1268461,11911519.0,1399500000.0,744534000.0
2006-09-18,'600249,G 两面针,9.34,9.48,9.27,9.41,9.32,0.02,0.2146,1.255,1001451,9356744.0,1401000000.0,745332000.0
2006-09-15,'600249,G 两面针,9.32,9.6,9.29,9.29,9.22,0.1,1.0846,2.6762,2135606,20103180.0,1398000000.0,743736000.0
2006-09-14,'600249,G 两面针,9.22,9.26,9.02,9.04,9.05,0.17,1.8785,1.7112,1365509,12491911.0,1383000000.0,735756000.0
2006-09-13,'600249,G 两面针,9.05,9.23,9.03,9.23,9.22,-0.17,-1.8438,1.5936,1271673,11618887.0,1357500000.0,722190000.0
2006-09-12,'600249,G 两面针,9.22,9.44,8.79,8.81,8.77,0.45,5.1311,5.6068,4474214,41124795.0,1383000000.0,735756000.0
2006-09-11,'600249,G 两面针,8.77,8.84,8.68,8.84,8.79,-0.02,-0.2275,0.628,501143,4382267.0,1315500000.0,699846000.0
2006-09-08,'600249,G 两面针,8.79,8.86,8.7,8.8,8.8,-0.01,-0.1136,0.5757,459369,4039617.0,1318500000.0,701442000.0
2006-09-07,'600249,G 两面针,8.8,9.04,8.75,8.94,8.99,-0.19,-2.1135,1.0702,854043,7535453.0,1320000000.0,702240000.0
2006-09-06,'600249,G 两面针,8.99,9.1,8.9,8.95,8.95,0.04,0.4469,0.7019,560137,5024340.0,1348500000.0,717402000.0
2006-09-05,'600249,G 两面针,8.95,9.2,8.89,9.2,9.1,-0.15,-1.6484,0.6573,524539,4724650.0,1342500000.0,714210000.0
2006-09-04,'600249,G 两面针,9.1,9.19,8.89,8.89,8.89,0.21,2.3622,0.8366,667577,6038102.0,1365000000.0,726180000.0
2006-09-01,'600249,G 两面针,8.89,9.2,8.88,9.16,9.16,-0.27,-2.9476,0.8112,647360,5844099.0,1333500000.0,709422000.0
2006-08-31,'600249,G 两面针,9.16,9.29,9.1,9.2,9.19,-0.03,-0.3264,0.8602,686431,6316522.0,1374000000.0,730968000.0
2006-08-30,'600249,G 两面针,9.19,9.34,9.15,9.18,9.25,-0.06,-0.6486,0.865,690233,6364301.0,1378500000.0,733362000.0
2006-08-29,'600249,G 两面针,9.25,9.47,9.24,9.4,9.36,-0.11,-1.1752,1.7051,1360706,12704010.0,1387500000.0,738150000.0
2006-08-28,'600249,G 两面针,9.36,9.4,9.06,9.06,9.0,0.36,4.0,2.3516,1876592,17350814.0,1404000000.0,746928000.0
2006-08-25,'600249,G 两面针,9.0,9.17,8.98,9.01,9.0,0.0,0.0,0.963,768452,6987925.0,1350000000.0,718200000.0
2006-08-24,'600249,G 两面针,9.0,9.04,8.85,8.85,8.99,0.01,0.1112,0.6745,538248,4822603.0,1350000000.0,718200000.0
2006-08-23,'600249,G 两面针,8.99,9.19,8.79,8.99,8.91,0.08,0.8979,1.402,1118790,10072244.0,1348500000.0,717402000.0
2006-08-22,'600249,G 两面针,8.91,8.99,8.77,8.89,8.88,0.03,0.3378,0.6737,537620,4785974.0,1336500000.0,711018000.0
2006-08-21,'600249,G 两面针,8.88,8.88,8.43,8.47,8.89,-0.01,-0.1125,0.6653,530924,4626803.0,1332000000.0,708624000.0
2006-08-18,'600249,G 两面针,8.89,9.2,8.88,9.14,9.14,-0.25,-2.7352,1.0121,807622,7257567.0,1333500000.0,709422000.0
2006-08-17,'600249,XDG 两面,9.14,9.28,8.94,8.98,8.96,0.18,2.0089,2.0245,1615534,14765230.0,1371000000.0,729372000.0
2006-08-16,'600249,G 两面针,9.01,9.1,8.89,9.1,9.03,-0.02,-0.2215,1.2777,1019606,9165793.0,1351500000.0,718998000.0
2006-08-15,'600249,G 两面针,9.03,9.27,8.89,9.27,9.14,-0.11,-1.2035,1.4849,1184918,10686062.0,1354500000.0,720594000.0
2006-08-14,'600249,G 两面针,9.14,9.33,8.81,9.3,9.15,-0.01,-0.1093,2.8934,2308950,20870616.0,1371000000.0,729372000.0
2006-08-11,'600249,G 两面针,9.15,9.17,8.5,8.5,8.39,0.76,9.0584,3.7461,2989420,26668415.0,1372500000.0,730170000.0
2006-08-10,'600249,G 两面针,8.39,8.5,8.03,8.03,8.13,0.26,3.198,1.2349,985462,8253875.0,1258500000.0,669522000.0
2006-08-09,'600249,G 两面针,8.13,8.21,8.04,8.18,8.2,-0.07,-0.8537,0.6631,529176,4276482.0,1219500000.0,648774000.0
2006-08-08,'600249,G 两面针,8.2,8.25,7.98,8.08,8.01,0.19,2.372,0.7069,564141,4580114.0,1230000000.0,654360000.0
2006-08-07,'600249,G 两面针,8.01,8.2,7.89,8.2,8.33,-0.32,-3.8415,0.7105,566948,4546558.0,1201500000.0,639198000.0
2006-08-04,'600249,G 两面针,8.33,8.72,8.15,8.72,8.6,-0.27,-3.1395,1.8661,1489143,12413139.0,1249500000.0,664734000.0
2006-08-03,'600249,G 两面针,8.6,8.75,8.52,8.6,8.61,-0.01,-0.1161,0.5641,450157,3874317.0,1290000000.0,686280000.0
2006-08-02,'600249,G 两面针,8.61,8.8,8.52,8.52,8.58,0.03,0.3497,0.6332,505295,4371790.0,1291500000.0,687078000.0
2006-08-01,'600249,G 两面针,8.58,8.79,8.51,8.65,8.65,-0.07,-0.8092,0.5886,469708,4061620.0,1287000000.0,684684000.0
2006-07-31,'600249,G 两面针,8.65,8.85,8.48,8.48,8.59,0.06,0.6985,1.0863,866904,7521801.0,1297500000.0,690270000.0
2006-07-28,'600249,G 两面针,8.59,8.82,8.49,8.82,8.8,-0.21,-2.3864,1.071,854673,7353108.0,1288500000.0,685482000.0
2006-07-27,'600249,G 两面针,8.8,9.04,8.72,8.9,8.98,-0.18,-2.0045,1.0188,813007,7195541.0,1320000000.0,702240000.0
2006-07-26,'600249,G 两面针,8.98,9.05,8.88,9.05,9.04,-0.06,-0.6637,0.5242,418280,3741337.0,1347000000.0,716604000.0
2006-07-25,'600249,G 两面针,9.04,9.13,8.88,8.89,8.88,0.16,1.8018,1.3462,1074272,9648968.0,1356000000.0,721392000.0
2006-07-24,'600249,G 两面针,8.88,8.9,8.51,8.7,8.86,0.02,0.2257,0.6665,531903,4631900.0,1332000000.0,708624000.0
2006-07-21,'600249,G 两面针,8.86,9.17,8.83,8.9,8.74,0.12,1.373,1.3425,1071285,9639548.0,1329000000.0,707028000.0
2006-07-20,'600249,G 两面针,8.74,8.85,8.68,8.7,8.74,0.0,0.0,0.6451,514803,4503936.0,1311000000.0,697452000.0
2006-07-19,'600249,G 两面针,8.74,8.99,8.65,8.85,8.99,-0.25,-2.7809,0.7431,593022,5224434.0,1311000000.0,697452000.0
2006-07-18,'600249,G 两面针,8.99,9.04,8.85,9.02,9.11,-0.12,-1.3172,0.8021,640092,5714893.0,1348500000.0,717402000.0
2006-07-17,'600249,G 两面针,9.11,9.24,8.78,8.9,8.95,0.16,1.7877,1.2394,989003,8975710.0,1366500000.0,726978000.0
2006-07-14,'600249,G 两面针,8.95,9.05,8.73,8.94,8.95,0.0,0.0,1.611,1285598,11423104.0,1342500000.0,714210000.0
2006-07-13,'600249,G 两面针,8.95,9.85,8.95,9.71,9.68,-0.73,-7.5413,4.2076,3357627,31357713.0,1342500000.0,714210000.0
2006-07-12,'600249,G 两面针,9.68,9.85,9.6,9.7,9.7,-0.02,-0.2062,2.8098,2242226,21823325.0,1452000000.0,772464000.0
2006-07-11,'600249,G 两面针,9.7,9.8,9.53,9.75,9.75,-0.05,-0.5128,3.1922,2547336,24681461.0,1455000000.0,774060000.0
2006-07-10,'600249,G 两面针,9.75,9.77,9.05,9.05,9.06,0.69,7.6159,4.4629,3561432,33820609.0,1462500000.0,778050000.0
2006-07-07,'600249,G 两面针,9.06,9.35,8.99,9.35,9.2,-0.14,-1.5217,2.7683,2209070,20017410.0,1359000000.0,722988000.0
2006-07-06,'600249,G 两面针,9.2,9.26,8.85,8.85,8.93,0.27,3.0235,2.7252,2174696,19665147.0,1380000000.0,734160000.0
2006-07-05,'600249,G 两面针,8.93,9.4,8.8,9.37,9.37,-0.44,-4.6958,4.4279,3533483,31698773.0,1339500000.0,712614000.0
2006-07-04,'600249,G 两面针,9.37,9.66,9.3,9.65,9.65,-0.28,-2.9016,1.6893,1348077,12740532.0,1405500000.0,747726000.0
2006-07-03,'600249,G 两面针,9.65,9.85,9.37,9.56,9.45,0.2,2.1164,3.3779,2695561,25633122.0,1447500000.0,770070000.0
2006-06-30,'600249,G 两面针,9.45,10.08,9.42,9.92,9.92,-0.47,-4.7379,3.0526,2435996,23455224.0,1417500000.0,754110000.0
2006-06-29,'600249,G 两面针,9.92,10.3,9.86,9.86,9.83,0.09,0.9156,2.5393,2026336,20298139.0,1488000000.0,791616000.0
2006-06-28,'600249,G 两面针,9.83,9.98,9.31,9.32,9.3,0.53,5.6989,3.2881,2623869,25468574.0,1474500000.0,784434000.0
2006-06-27,'600249,G 两面针,9.3,9.65,9.18,9.5,9.28,0.02,0.2155,1.3816,1102550,10287528.0,1395000000.0,742140000.0
2006-06-26,'600249,G 两面针,0.0,0.0,0.0,0.0,9.28,None,None,0.0,0,0.0,1392000000.0,740544000.0
2006-06-23,'600249,G 两面针,9.28,9.35,8.98,9.09,9.1,0.18,1.978,1.4728,1175282,10876682.0,1392000000.0,740544000.0
2006-06-22,'600249,G 两面针,9.1,9.3,9.04,9.21,9.21,-0.11,-1.1944,1.0303,822162,7521610.0,1365000000.0,726180000.0
2006-06-21,'600249,G 两面针,9.21,9.55,9.02,9.02,9.0,0.21,2.3333,2.8941,2309497,21513698.0,1381500000.0,734958000.0
2006-06-20,'600249,G 两面针,9.0,9.33,8.41,8.51,8.51,0.49,5.7579,2.9241,2333445,20972766.0,1350000000.0,718200000.0
2006-06-19,'600249,G 两面针,8.51,8.53,8.06,8.15,8.23,0.28,3.4022,1.6218,1294172,10850926.0,1276500000.0,679098000.0
2006-06-16,'600249,G 两面针,8.23,8.3,7.92,8.09,7.91,0.32,4.0455,1.706,1361410,11083258.0,1234500000.0,656754000.0
2006-06-15,'600249,G 两面针,7.91,8.14,7.88,7.98,7.97,-0.06,-0.7528,1.311,1046173,8383200.0,1186500000.0,631218000.0
2006-06-14,'600249,G 两面针,7.97,8.35,7.88,8.35,8.35,-0.38,-4.5509,2.3741,1894528,15299170.0,1195500000.0,636006000.0
2006-06-13,'600249,G 两面针,8.35,8.52,8.3,8.3,8.35,0.0,0.0,0.9165,731384,6123870.0,1252500000.0,666330000.0
2006-06-12,'600249,G 两面针,8.35,8.55,8.21,8.35,8.4,-0.05,-0.5952,0.9341,745404,6284740.0,1252500000.0,666330000.0
2006-06-09,'600249,G 两面针,8.4,8.74,8.3,8.6,8.66,-0.26,-3.0023,1.3525,1079315,9189564.0,1260000000.0,670320000.0
2006-06-08,'600249,G 两面针,8.66,8.9,8.4,8.5,8.9,-0.24,-2.6966,2.5436,2029754,17412662.0,1299000000.0,691068000.0
2006-06-07,'600249,G 两面针,8.9,9.6,8.87,9.5,9.5,-0.6,-6.3158,3.647,2910271,26377525.0,1335000000.0,710220000.0
2006-06-06,'600249,G 两面针,9.5,9.95,9.4,9.4,9.38,0.12,1.2793,3.4717,2770386,26720877.0,1425000000.0,758100000.0
2006-06-05,'600249,G 两面针,9.38,9.88,9.2,9.4,9.34,0.04,0.4283,2.56,2042919,19275213.0,1407000000.0,748524000.0
2006-06-02,'600249,G 两面针,9.34,9.6,9.0,9.22,9.15,0.19,2.0765,5.0534,4032628,37605218.0,1401000000.0,745332000.0
2006-06-01,'600249,G 两面针,9.15,9.49,8.57,8.63,8.63,0.52,6.0255,4.3006,3431873,31379328.0,1372500000.0,730170000.0
2006-05-31,'600249,G 两面针,8.63,9.15,8.57,9.0,9.05,-0.42,-4.6409,2.7171,2168276,19150220.0,1294500000.0,688674000.0
2006-05-30,'600249,G 两面针,9.05,9.24,8.96,9.2,9.17,-0.12,-1.3086,1.7806,1420934,12893866.0,1357500000.0,722190000.0
2006-05-29,'600249,G 两面针,9.17,9.29,8.8,8.99,9.1,0.07,0.7692,2.7159,2167295,19669251.0,1375500000.0,731766000.0
2006-05-26,'600249,G 两面针,9.1,9.13,8.45,8.72,8.72,0.38,4.3578,3.0876,2463884,21544860.0,1365000000.0,726180000.0
2006-05-25,'600249,G 两面针,8.72,8.85,8.0,8.16,8.2,0.52,6.3415,2.8677,2288419,19161189.0,1308000000.0,695856000.0
2006-05-24,'600249,G 两面针,8.2,9.2,7.88,8.88,8.76,-0.56,-6.3927,3.5733,2851513,23872868.0,1230000000.0,654360000.0
2006-05-23,'600249,G 两面针,8.76,9.62,8.76,9.61,9.73,-0.97,-9.9692,3.2754,2613786,23953613.0,1314000000.0,699048000.0
2006-05-22,'600249,G 两面针,9.73,10.11,9.63,9.95,10.11,-0.38,-3.7587,3.4358,2741739,26860307.0,1459500000.0,776454000.0
2006-05-19,'600249,G 两面针,10.11,10.68,9.7,9.97,9.96,0.15,1.506,4.6886,3741519,37999141.0,1516500000.0,806778000.0
2006-05-18,'600249,G 两面针,9.96,10.23,9.2,10.07,10.21,-0.25,-2.4486,3.1405,2506110,24555994.0,1494000000.0,794808000.0
2006-05-17,'600249,G 两面针,10.21,10.7,9.79,9.81,9.85,0.36,3.6548,10.1042,8063161,82877682.0,1531500000.0,814758000.0
2006-05-16,'600249,G 两面针,9.85,10.38,9.0,9.44,9.44,0.41,4.3432,10.6589,8505767,83728294.0,1477500000.0,786030000.0
2006-05-15,'600249,G 两面针,9.44,9.44,8.57,8.71,8.58,0.86,10.0233,10.653,8501054,77320611.0,1416000000.0,753312000.0
2006-05-12,'600249,G 两面针,8.58,9.07,8.3,8.74,8.79,-0.21,-2.3891,5.7145,4560188,39286865.0,1287000000.0,684684000.0
2006-05-11,'600249,G 两面针,8.79,9.4,8.67,9.15,9.63,-0.84,-8.7227,17.6252,14064914,126771899.0,1318500000.0,701442000.0
2006-05-10,'600249,G 两面针,9.63,9.69,7.51,7.65,7.36,2.27,30.8424,38.8921,31035874,262096181.0,1444500000.0,768474000.0
2006-05-09,'600249,两 面 针,0.0,0.0,0.0,0.0,7.36,None,None,0.0,0,0.0,1104000000.0,441600000.0
2006-05-08,'600249,两 面 针,0.0,0.0,0.0,0.0,7.36,None,None,0.0,0,0.0,1104000000.0,441600000.0
2006-04-28,'600249,两 面 针,0.0,0.0,0.0,0.0,7.36,None,None,0.0,0,0.0,1104000000.0,441600000.0
2006-04-27,'600249,两 面 针,0.0,0.0,0.0,0.0,7.36,None,None,0.0,0,0.0,1104000000.0,441600000.0
2006-04-26,'600249,两 面 针,0.0,0.0,0.0,0.0,7.36,None,None,0.0,0,0.0,1104000000.0,441600000.0
2006-04-25,'600249,两 面 针,0.0,0.0,0.0,0.0,7.36,None,None,0.0,0,0.0,1104000000.0,441600000.0
2006-04-24,'600249,两 面 针,0.0,0.0,0.0,0.0,7.36,None,None,0.0,0,0.0,1104000000.0,441600000.0
2006-04-21,'600249,两 面 针,0.0,0.0,0.0,0.0,7.36,None,None,0.0,0,0.0,1104000000.0,441600000.0
2006-04-20,'600249,两 面 针,0.0,0.0,0.0,0.0,7.36,None,None,0.0,0,0.0,1104000000.0,441600000.0
2006-04-19,'600249,两 面 针,0.0,0.0,0.0,0.0,7.36,None,None,0.0,0,0.0,1104000000.0,441600000.0
2006-04-18,'600249,两 面 针,0.0,0.0,0.0,0.0,7.36,None,None,0.0,0,0.0,1104000000.0,441600000.0
2006-04-17,'600249,两 面 针,0.0,0.0,0.0,0.0,7.36,None,None,0.0,0,0.0,1104000000.0,441600000.0
2006-04-14,'600249,两 面 针,0.0,0.0,0.0,0.0,7.36,None,None,0.0,0,0.0,1104000000.0,441600000.0
2006-04-13,'600249,两 面 针,0.0,0.0,0.0,0.0,7.36,None,None,0.0,0,0.0,1104000000.0,441600000.0
2006-04-12,'600249,两 面 针,7.36,7.48,7.3,7.45,7.45,-0.09,-1.2081,3.9504,2370225,17475019.0,1104000000.0,441600000.0
2006-04-11,'600249,两 面 针,7.45,7.56,7.42,7.5,7.52,-0.07,-0.9309,3.6684,2201041,16473260.0,1117500000.0,447000000.0
2006-04-10,'600249,两 面 针,7.52,7.63,7.32,7.51,7.48,0.04,0.5348,4.0666,2439931,18195202.0,1128000000.0,451200000.0
2006-04-07,'600249,两 面 针,7.48,7.52,6.92,6.95,6.95,0.53,7.6259,7.9403,4764198,34629925.0,1122000000.0,448800000.0
2006-04-06,'600249,两 面 针,6.95,7.1,6.75,6.9,6.9,0.05,0.7246,3.0132,1807893,12543203.0,1042500000.0,417000000.0
2006-04-05,'600249,两 面 针,6.9,7.22,6.78,7.22,6.57,0.33,5.0228,5.0457,3027396,21034637.0,1035000000.0,414000000.0
2006-04-04,'600249,两 面 针,0.0,0.0,0.0,0.0,6.57,None,None,0.0,0,0.0,985500000.0,394200000.0
2006-04-03,'600249,两 面 针,0.0,0.0,0.0,0.0,6.57,None,None,0.0,0,0.0,985500000.0,394200000.0
2006-03-31,'600249,两 面 针,0.0,0.0,0.0,0.0,6.57,None,None,0.0,0,0.0,985500000.0,394200000.0
2006-03-30,'600249,两 面 针,0.0,0.0,0.0,0.0,6.57,None,None,0.0,0,0.0,985500000.0,394200000.0
2006-03-29,'600249,两 面 针,0.0,0.0,0.0,0.0,6.57,None,None,0.0,0,0.0,985500000.0,394200000.0
2006-03-28,'600249,两 面 针,0.0,0.0,0.0,0.0,6.57,None,None,0.0,0,0.0,985500000.0,394200000.0
2006-03-27,'600249,两 面 针,0.0,0.0,0.0,0.0,6.57,None,None,0.0,0,0.0,985500000.0,394200000.0
2006-03-24,'600249,两 面 针,6.57,6.66,6.45,6.56,6.58,-0.01,-0.152,1.3938,836267,5493657.0,985500000.0,394200000.0
2006-03-23,'600249,两 面 针,6.58,6.59,6.4,6.56,6.61,-0.03,-0.4539,1.4765,885899,5758177.0,987000000.0,394800000.0
2006-03-22,'600249,两 面 针,6.61,6.62,6.49,6.52,6.53,0.08,1.2251,1.2224,733458,4804886.0,991500000.0,396600000.0
2006-03-21,'600249,两 面 针,6.53,6.78,6.5,6.66,6.68,-0.15,-2.2455,3.2245,1934713,12827283.0,979500000.0,391800000.0
2006-03-20,'600249,两 面 针,6.68,6.7,6.43,6.5,6.55,0.13,1.9847,2.9477,1768610,11639889.0,1002000000.0,400800000.0
2006-03-17,'600249,两 面 针,6.55,6.61,6.15,6.15,6.2,0.35,5.6452,8.2385,4943108,32032955.0,982500000.0,393000000.0
2006-03-16,'600249,两 面 针,6.2,6.21,6.01,6.03,6.03,0.17,2.8192,1.7223,1033368,6314668.0,930000000.0,372000000.0
2006-03-15,'600249,两 面 针,6.03,6.05,5.92,6.03,5.98,0.05,0.8361,0.5477,328598,1977329.0,904500000.0,361800000.0
2006-03-14,'600249,两 面 针,5.98,6.0,5.9,5.95,5.96,0.02,0.3356,0.4044,242623,1440701.0,897000000.0,358800000.0
2006-03-13,'600249,两 面 针,5.96,5.99,5.92,5.94,5.95,0.01,0.1681,0.4253,255200,1520081.0,894000000.0,357600000.0
2006-03-10,'600249,两 面 针,5.95,6.05,5.9,6.0,6.02,-0.07,-1.1628,0.55,330000,1968812.0,892500000.0,357000000.0
2006-03-09,'600249,两 面 针,6.02,6.08,5.96,6.08,5.97,0.05,0.8375,0.6823,409350,2462525.0,903000000.0,361200000.0
2006-03-08,'600249,两 面 针,5.97,6.08,5.94,6.08,5.97,0.0,0.0,1.0123,607402,3639582.0,895500000.0,358200000.0
2006-03-07,'600249,两 面 针,5.97,6.1,5.95,6.1,6.11,-0.14,-2.2913,1.2924,775443,4659446.0,895500000.0,358200000.0
2006-03-06,'600249,两 面 针,6.11,6.18,6.09,6.14,6.15,-0.04,-0.6504,0.7188,431275,2640174.0,916500000.0,366600000.0
2006-03-03,'600249,两 面 针,6.15,6.25,6.11,6.2,6.21,-0.06,-0.9662,0.8424,505467,3116450.0,922500000.0,369000000.0
2006-03-02,'600249,两 面 针,6.21,6.41,6.19,6.38,6.38,-0.17,-2.6646,1.1685,701076,4413473.0,931500000.0,372600000.0
2006-03-01,'600249,两 面 针,6.38,6.41,6.1,6.18,6.15,0.23,3.7398,2.6687,1601239,10105860.0,957000000.0,382800000.0
2006-02-28,'600249,两 面 针,6.15,6.17,6.03,6.16,6.18,-0.03,-0.4854,0.6377,382621,2334164.0,922500000.0,369000000.0
2006-02-27,'600249,两 面 针,6.18,6.2,6.09,6.13,6.13,0.05,0.8157,0.7533,451969,2778322.0,927000000.0,370800000.0
2006-02-24,'600249,两 面 针,6.13,6.15,6.06,6.12,6.12,0.01,0.1634,0.7948,476904,2908454.0,919500000.0,367800000.0
2006-02-23,'600249,两 面 针,6.12,6.15,6.05,6.15,6.13,-0.01,-0.1631,0.3611,216649,1319501.0,918000000.0,367200000.0
2006-02-22,'600249,两 面 针,6.13,6.26,6.09,6.15,6.13,0.0,0.0,0.7532,451907,2785398.0,919500000.0,367800000.0
2006-02-21,'600249,两 面 针,6.13,6.15,5.97,6.04,6.04,0.09,1.4901,0.9757,585434,3545039.0,919500000.0,367800000.0
2006-02-20,'600249,两 面 针,6.04,6.13,6.02,6.05,6.09,-0.05,-0.821,1.0037,602200,3664902.0,906000000.0,362400000.0
2006-02-17,'600249,两 面 针,6.09,6.18,6.07,6.1,6.11,-0.02,-0.3273,1.0454,627220,3829893.0,913500000.0,365400000.0
2006-02-16,'600249,两 面 针,6.11,6.3,6.08,6.21,6.21,-0.1,-1.6103,1.1664,699869,4305590.0,916500000.0,366600000.0
2006-02-15,'600249,两 面 针,6.21,6.3,6.2,6.3,6.3,-0.09,-1.4286,1.0496,629751,3931282.0,931500000.0,372600000.0
2006-02-14,'600249,两 面 针,6.3,6.42,6.25,6.3,6.29,0.01,0.159,1.6479,988745,6268454.0,945000000.0,378000000.0
2006-02-13,'600249,两 面 针,6.29,6.33,6.17,6.23,6.22,0.07,1.1254,1.3089,785312,4890835.0,943500000.0,377400000.0
2006-02-10,'600249,两 面 针,6.22,6.25,6.1,6.17,6.17,0.05,0.8104,1.2618,757105,4683300.0,933000000.0,373200000.0
2006-02-09,'600249,两 面 针,6.17,6.4,6.15,6.36,6.36,-0.19,-2.9874,3.402,2041218,12803902.0,925500000.0,370200000.0
2006-02-08,'600249,两 面 针,6.36,6.36,6.08,6.1,6.1,0.26,4.2623,4.3266,2595972,16295715.0,954000000.0,381600000.0
2006-02-07,'600249,两 面 针,6.1,6.15,6.0,6.06,6.01,0.09,1.4975,3.2345,1940682,11818579.0,915000000.0,366000000.0
2006-02-06,'600249,两 面 针,6.01,6.07,5.79,5.82,5.82,0.19,3.2646,2.9015,1740884,10431801.0,901500000.0,360600000.0
2006-01-25,'600249,两 面 针,5.82,5.83,5.69,5.76,5.76,0.06,1.0417,1.6146,968761,5575213.0,873000000.0,349200000.0
2006-01-24,'600249,两 面 针,5.76,5.88,5.51,5.51,6.08,-0.32,-5.2632,4.6354,2781230,16109441.0,864000000.0,345600000.0
2006-01-23,'600249,两 面 针,6.08,6.12,6.03,6.11,6.11,-0.03,-0.491,1.3042,782520,4752919.0,912000000.0,364800000.0
2006-01-20,'600249,两 面 针,6.11,6.19,6.05,6.11,6.11,0.0,0.0,1.2668,760082,4636173.0,916500000.0,366600000.0
2006-01-19,'600249,两 面 针,6.11,6.15,6.03,6.1,6.07,0.04,0.659,1.629,977397,5948487.0,916500000.0,366600000.0
2006-01-18,'600249,两 面 针,6.07,6.15,5.97,5.98,5.98,0.09,1.505,1.6221,973261,5890346.0,910500000.0,364200000.0
2006-01-17,'600249,两 面 针,5.98,6.04,5.96,6.01,6.01,-0.03,-0.4992,1.042,625207,3749882.0,897000000.0,358800000.0
2006-01-16,'600249,两 面 针,6.01,6.2,6.0,6.04,6.05,-0.04,-0.6612,2.4695,1481720,9023843.0,901500000.0,360600000.0
2006-01-13,'600249,两 面 针,6.05,6.07,5.92,5.94,5.92,0.13,2.1959,2.1498,1289905,7730694.0,907500000.0,363000000.0
2006-01-12,'600249,两 面 针,5.92,5.93,5.77,5.77,5.77,0.15,2.5997,1.5346,920749,5422639.0,888000000.0,355200000.0
2006-01-11,'600249,两 面 针,5.77,5.87,5.76,5.85,5.86,-0.09,-1.5358,1.6479,988748,5745900.0,865500000.0,346200000.0
2006-01-10,'600249,两 面 针,5.86,5.9,5.81,5.9,5.9,-0.04,-0.678,1.2474,748420,4377552.0,879000000.0,351600000.0
2006-01-09,'600249,两 面 针,5.9,5.93,5.84,5.87,5.86,0.04,0.6826,1.5856,951367,5598472.0,885000000.0,354000000.0
2006-01-06,'600249,两 面 针,5.86,5.93,5.78,5.8,5.81,0.05,0.8606,2.1598,1295855,7607375.0,879000000.0,351600000.0
2006-01-05,'600249,两 面 针,5.81,5.83,5.73,5.82,5.79,0.02,0.3454,1.4182,850925,4919771.0,871500000.0,348600000.0
2006-01-04,'600249,两 面 针,5.79,5.8,5.63,5.67,5.66,0.13,2.2968,1.6755,1005329,5776972.0,868500000.0,347400000.0
2005-12-30,'600249,两 面 针,5.66,5.72,5.64,5.68,5.68,-0.02,-0.3521,0.9829,589717,3349573.0,849000000.0,339600000.0
2005-12-29,'600249,两 面 针,5.68,5.72,5.57,5.62,5.6,0.08,1.4286,1.6871,1012247,5732826.0,852000000.0,340800000.0
2005-12-28,'600249,两 面 针,5.6,5.64,5.57,5.63,5.61,-0.01,-0.1783,0.5016,300958,1683558.0,840000000.0,336000000.0
2005-12-27,'600249,两 面 针,5.61,5.67,5.58,5.65,5.65,-0.04,-0.708,0.7885,473095,2656798.0,841500000.0,336600000.0
2005-12-26,'600249,两 面 针,5.65,5.66,5.59,5.61,5.59,0.06,1.0733,1.1583,694973,3914803.0,847500000.0,339000000.0
2005-12-23,'600249,两 面 针,5.59,5.61,5.52,5.52,5.52,0.07,1.2681,0.7832,469942,2618962.0,838500000.0,335400000.0
2005-12-22,'600249,两 面 针,5.52,5.55,5.49,5.5,5.53,-0.01,-0.1808,0.5955,357324,1969438.0,828000000.0,331200000.0
2005-12-21,'600249,两 面 针,5.53,5.62,5.53,5.58,5.58,-0.05,-0.8961,0.4922,295335,1646353.0,829500000.0,331800000.0
2005-12-20,'600249,两 面 针,5.58,5.63,5.56,5.62,5.61,-0.03,-0.5348,0.5507,330400,1849702.0,837000000.0,334800000.0
2005-12-19,'600249,两 面 针,5.61,5.62,5.54,5.55,5.55,0.06,1.0811,0.8164,489828,2738897.0,841500000.0,336600000.0
2005-12-16,'600249,两 面 针,5.55,5.59,5.51,5.52,5.54,0.01,0.1805,0.3809,228550,1267555.0,832500000.0,333000000.0
2005-12-15,'600249,两 面 针,5.54,5.63,5.54,5.56,5.6,-0.06,-1.0714,0.5754,345260,1924973.0,831000000.0,332400000.0
2005-12-14,'600249,两 面 针,5.6,5.61,5.49,5.5,5.54,0.06,1.083,0.6198,371855,2068959.0,840000000.0,336000000.0
2005-12-13,'600249,两 面 针,5.54,5.56,5.48,5.52,5.52,0.02,0.3623,0.4187,251203,1382785.0,831000000.0,332400000.0
2005-12-12,'600249,两 面 针,5.52,5.54,5.44,5.5,5.48,0.04,0.7299,0.5809,348530,1914920.0,828000000.0,331200000.0
2005-12-09,'600249,两 面 针,5.48,5.51,5.35,5.37,5.39,0.09,1.6698,0.8209,492512,2686382.0,822000000.0,328800000.0
2005-12-08,'600249,两 面 针,5.39,5.42,5.36,5.38,5.41,-0.02,-0.3697,0.444,266401,1433779.0,808500000.0,323400000.0
2005-12-07,'600249,两 面 针,5.41,5.45,5.35,5.37,5.36,0.05,0.9328,0.5363,321800,1736597.0,811500000.0,324600000.0
2005-12-06,'600249,两 面 针,5.36,5.4,5.3,5.34,5.34,0.02,0.3745,0.6635,398096,2132678.0,804000000.0,321600000.0
2005-12-05,'600249,两 面 针,5.34,5.49,5.33,5.48,5.5,-0.16,-2.9091,0.8412,504701,2725123.0,801000000.0,320400000.0
2005-12-02,'600249,两 面 针,5.5,5.59,5.5,5.58,5.59,-0.09,-1.61,0.9026,541550,2998397.0,825000000.0,330000000.0
2005-12-01,'600249,两 面 针,5.59,5.63,5.55,5.6,5.6,-0.01,-0.1786,0.5989,359340,2011390.0,838500000.0,335400000.0
2005-11-30,'600249,两 面 针,5.6,5.61,5.55,5.58,5.58,0.02,0.3584,0.7317,439033,2454461.0,840000000.0,336000000.0
2005-11-29,'600249,两 面 针,5.58,5.67,5.55,5.67,5.66,-0.08,-1.4134,0.6764,405820,2267873.0,837000000.0,334800000.0
2005-11-28,'600249,两 面 针,5.66,5.7,5.6,5.67,5.65,0.01,0.177,0.7883,472997,2674016.0,849000000.0,339600000.0
2005-11-25,'600249,两 面 针,5.65,5.65,5.57,5.62,5.6,0.05,0.8929,0.9236,554175,3104764.0,847500000.0,339000000.0
2005-11-24,'600249,两 面 针,5.6,5.64,5.56,5.57,5.56,0.04,0.7194,0.7121,427251,2394472.0,840000000.0,336000000.0
2005-11-23,'600249,两 面 针,5.56,5.61,5.52,5.52,5.55,0.01,0.1802,0.7377,442600,2465749.0,834000000.0,333600000.0
2005-11-22,'600249,两 面 针,5.55,5.71,5.53,5.7,5.72,-0.17,-2.972,1.2053,723200,4060229.0,832500000.0,333000000.0
2005-11-21,'600249,两 面 针,5.72,5.73,5.62,5.62,5.65,0.07,1.2389,1.3689,821310,4663542.0,858000000.0,343200000.0
2005-11-18,'600249,两 面 针,5.65,5.7,5.48,5.48,5.49,0.16,2.9144,1.845,1107019,6204278.0,847500000.0,339000000.0
2005-11-17,'600249,两 面 针,5.49,5.53,5.44,5.53,5.53,-0.04,-0.7233,0.8817,529019,2902170.0,823500000.0,329400000.0
2005-11-16,'600249,两 面 针,5.53,5.53,5.36,5.51,5.5,0.03,0.5455,1.4504,870239,4729490.0,829500000.0,331800000.0
2005-11-15,'600249,两 面 针,5.5,5.65,5.48,5.63,5.58,-0.08,-1.4337,1.0029,601710,3340204.0,825000000.0,330000000.0
2005-11-14,'600249,两 面 针,5.58,5.59,5.51,5.55,5.55,0.03,0.5405,0.3724,223444,1239367.0,837000000.0,334800000.0
2005-11-11,'600249,两 面 针,5.55,5.64,5.48,5.54,5.55,0.0,0.0,0.9357,561416,3113980.0,832500000.0,333000000.0
2005-11-10,'600249,两 面 针,5.55,5.75,5.55,5.75,5.78,-0.23,-3.9792,1.412,847200,4761290.0,832500000.0,333000000.0
2005-11-09,'600249,两 面 针,5.78,5.81,5.67,5.76,5.76,0.02,0.3472,1.256,753583,4333582.0,867000000.0,346800000.0
2005-11-08,'600249,两 面 针,5.76,5.78,5.61,5.71,5.7,0.06,1.0526,0.9931,595841,3405960.0,864000000.0,345600000.0
2005-11-07,'600249,两 面 针,5.7,5.7,5.6,5.7,5.7,0.0,0.0,0.8149,488921,2770988.0,855000000.0,342000000.0
2005-11-04,'600249,两 面 针,5.7,5.71,5.58,5.64,5.62,0.08,1.4235,0.7847,470834,2654986.0,855000000.0,342000000.0
2005-11-03,'600249,两 面 针,5.62,5.76,5.59,5.71,5.69,-0.07,-1.2302,0.8432,505908,2863755.0,843000000.0,337200000.0
2005-11-02,'600249,两 面 针,5.69,5.77,5.52,5.59,5.51,0.18,3.2668,1.559,935395,5300433.0,853500000.0,341400000.0
2005-11-01,'600249,两 面 针,5.51,5.72,5.43,5.72,5.72,-0.21,-3.6713,1.6029,961751,5330988.0,826500000.0,330600000.0
2005-10-31,'600249,两 面 针,5.72,5.76,5.54,5.69,5.71,0.01,0.1751,1.2949,776950,4412484.0,858000000.0,343200000.0
2005-10-28,'600249,两 面 针,5.71,6.25,5.62,6.21,6.21,-0.5,-8.0515,4.775,2865020,16865099.0,856500000.0,342600000.0
2005-10-27,'600249,两 面 针,6.21,6.58,6.1,6.43,6.44,-0.23,-3.5714,4.8695,2921727,18720778.0,931500000.0,372600000.0
2005-10-26,'600249,两 面 针,6.44,6.64,6.36,6.48,6.48,-0.04,-0.6173,7.1765,4305893,28125188.0,966000000.0,386400000.0
2005-10-25,'600249,两 面 针,6.48,6.57,6.11,6.28,6.28,0.2,3.1847,5.8087,3485249,22220127.0,972000000.0,388800000.0
2005-10-24,'600249,两 面 针,6.28,6.42,6.24,6.35,6.37,-0.09,-1.4129,2.2642,1358491,8567868.0,942000000.0,376800000.0
2005-10-21,'600249,两 面 针,6.37,6.39,5.94,5.98,5.97,0.4,6.7002,4.1216,2472976,15504493.0,955500000.0,382200000.0
2005-10-20,'600249,两 面 针,5.97,6.15,5.89,6.15,6.16,-0.19,-3.0844,2.1236,1274161,7623565.0,895500000.0,358200000.0
2005-10-19,'600249,两 面 针,6.16,6.28,6.15,6.22,6.21,-0.05,-0.8052,1.1202,672100,4179294.0,924000000.0,369600000.0
2005-10-18,'600249,两 面 针,6.21,6.23,6.05,6.09,6.09,0.12,1.9704,0.8023,481372,2967242.0,931500000.0,372600000.0
2005-10-17,'600249,两 面 针,6.09,6.13,6.05,6.05,6.07,0.02,0.3295,0.5579,334730,2033777.0,913500000.0,365400000.0
2005-10-14,'600249,两 面 针,6.07,6.21,6.05,6.18,6.18,-0.11,-1.7799,0.9565,573900,3498297.0,910500000.0,364200000.0
2005-10-13,'600249,两 面 针,6.18,6.34,6.18,6.29,6.29,-0.11,-1.7488,0.9542,572544,3581379.0,927000000.0,370800000.0
2005-10-12,'600249,两 面 针,6.29,6.34,6.13,6.2,6.25,0.04,0.64,0.7739,464346,2906922.0,943500000.0,377400000.0
2005-10-11,'600249,两 面 针,6.25,6.26,6.04,6.04,6.06,0.19,3.1353,0.9687,581199,3586926.0,937500000.0,375000000.0
2005-10-10,'600249,两 面 针,6.06,6.15,6.05,6.15,6.17,-0.11,-1.7828,0.6222,373310,2272228.0,909000000.0,363600000.0
2005-09-30,'600249,两 面 针,6.17,6.2,6.11,6.15,6.14,0.03,0.4886,0.8781,526832,3241839.0,925500000.0,370200000.0
2005-09-29,'600249,两 面 针,6.14,6.17,6.08,6.1,6.04,0.1,1.6556,1.1766,705976,4323368.0,921000000.0,368400000.0
2005-09-28,'600249,两 面 针,6.04,6.17,6.04,6.11,6.13,-0.09,-1.4682,1.084,650379,3959013.0,906000000.0,362400000.0
2005-09-27,'600249,两 面 针,6.13,6.37,6.13,6.33,6.32,-0.19,-3.0063,1.2114,726830,4523545.0,919500000.0,367800000.0
2005-09-26,'600249,两 面 针,6.32,6.37,6.26,6.27,6.27,0.05,0.7974,0.8621,517274,3260599.0,948000000.0,379200000.0
2005-09-23,'600249,两 面 针,6.27,6.45,6.26,6.4,6.4,-0.13,-2.0313,1.5553,933200,5915695.0,940500000.0,376200000.0
2005-09-22,'600249,两 面 针,6.4,6.81,6.2,6.8,6.86,-0.46,-6.7055,3.9464,2367820,15459292.0,960000000.0,384000000.0
2005-09-21,'600249,两 面 针,6.86,7.07,6.86,7.05,7.05,-0.19,-2.695,2.3254,1395242,9663051.0,1029000000.0,411600000.0
2005-09-20,'600249,两 面 针,7.05,7.08,6.87,7.02,7.0,0.05,0.7143,3.2697,1961809,13669009.0,1057500000.0,423000000.0
2005-09-19,'600249,两 面 针,7.0,7.03,6.88,6.93,6.95,0.05,0.7194,2.0724,1243437,8669830.0,1050000000.0,420000000.0
2005-09-16,'600249,两 面 针,6.95,7.06,6.87,7.01,7.01,-0.06,-0.8559,2.0396,1223739,8459823.0,1042500000.0,417000000.0
2005-09-15,'600249,两 面 针,7.01,7.13,6.93,7.1,7.07,-0.06,-0.8487,2.2993,1379607,9667946.0,1051500000.0,420600000.0
2005-09-14,'600249,两 面 针,7.07,7.25,6.92,6.96,6.91,0.16,2.3155,5.1333,3080006,21850249.0,1060500000.0,424200000.0
2005-09-13,'600249,两 面 针,6.91,6.92,6.67,6.67,6.72,0.19,2.8274,2.9402,1764107,12094320.0,1036500000.0,414600000.0
2005-09-12,'600249,两 面 针,6.72,6.77,6.65,6.65,6.71,0.01,0.149,1.1241,674464,4520220.0,1008000000.0,403200000.0
2005-09-09,'600249,两 面 针,6.71,6.78,6.65,6.69,6.69,0.02,0.299,2.0329,1219768,8166268.0,1006500000.0,402600000.0
2005-09-08,'600249,两 面 针,6.69,6.88,6.61,6.87,6.8,-0.11,-1.6176,3.3287,1997202,13479761.0,1003500000.0,401400000.0
2005-09-07,'600249,两 面 针,6.8,6.82,6.51,6.57,6.58,0.22,3.3435,3.5467,2128027,14133473.0,1020000000.0,408000000.0
2005-09-06,'600249,两 面 针,6.58,7.02,6.53,6.9,6.94,-0.36,-5.1873,5.2301,3138061,21328552.0,987000000.0,394800000.0
2005-09-05,'600249,两 面 针,6.94,7.07,6.89,6.92,6.91,0.03,0.4342,3.1005,1860329,12927890.0,1041000000.0,416400000.0
2005-09-02,'600249,两 面 针,6.91,7.1,6.88,7.1,7.13,-0.22,-3.0856,5.2491,3149436,21866132.0,1036500000.0,414600000.0
2005-09-01,'600249,两 面 针,7.13,7.35,6.88,7.05,7.02,0.11,1.567,12.8485,7709097,54701312.0,1069500000.0,427800000.0
2005-08-31,'600249,两 面 针,7.02,7.07,6.48,6.52,6.45,0.57,8.8372,14.6085,8765071,60098765.0,1053000000.0,421200000.0
2005-08-30,'600249,两 面 针,6.45,6.46,6.26,6.28,6.27,0.18,2.8708,5.776,3465597,22111147.0,967500000.0,387000000.0
2005-08-29,'600249,两 面 针,6.27,6.37,6.15,6.21,6.17,0.1,1.6207,4.7648,2858885,17892789.0,940500000.0,376200000.0
2005-08-26,'600249,两 面 针,6.17,6.2,5.92,5.98,5.98,0.19,3.1773,3.4735,2084079,12683827.0,925500000.0,370200000.0
2005-08-25,'600249,两 面 针,5.98,5.99,5.88,5.95,5.95,0.03,0.5042,1.478,886809,5247937.0,897000000.0,358800000.0
2005-08-24,'600249,两 面 针,5.95,5.97,5.88,5.88,5.9,0.05,0.8475,1.5903,954180,5655204.0,892500000.0,357000000.0
2005-08-23,'600249,两 面 针,5.9,6.11,5.88,6.1,6.09,-0.19,-3.1199,2.0013,1200761,7129834.0,885000000.0,354000000.0
2005-08-22,'600249,两 面 针,6.09,6.1,5.96,6.05,5.99,0.1,1.6694,1.5088,905307,5476377.0,913500000.0,365400000.0
2005-08-19,'600249,两 面 针,5.99,6.13,5.91,6.01,6.04,-0.05,-0.8278,2.5082,1504916,9021620.0,898500000.0,359400000.0
2005-08-18,'600249,两 面 针,6.04,6.33,6.0,6.13,6.13,-0.09,-1.4682,5.4367,3262021,20208233.0,906000000.0,362400000.0
2005-08-17,'600249,两 面 针,6.13,6.14,5.88,6.04,6.09,0.04,0.6568,2.9309,1758554,10520086.0,919500000.0,367800000.0
2005-08-16,'600249,两 面 针,6.09,6.19,6.02,6.11,6.11,-0.02,-0.3273,1.9672,1180319,7209311.0,913500000.0,365400000.0
2005-08-15,'600249,XD两面针,6.11,6.11,5.96,6.0,6.03,0.08,1.3267,2.233,1339825,8105433.0,916500000.0,366600000.0
2005-08-12,'600249,两 面 针,6.21,6.47,6.2,6.44,6.46,-0.25,-3.87,4.6453,2787163,17636270.0,931500000.0,372600000.0
2005-08-11,'600249,两 面 针,6.46,6.68,6.28,6.3,6.3,0.16,2.5397,5.7812,3468724,22476524.0,969000000.0,387600000.0
2005-08-10,'600249,两 面 针,6.3,6.38,6.18,6.3,6.32,-0.02,-0.3165,3.593,2155781,13515213.0,945000000.0,378000000.0
2005-08-09,'600249,两 面 针,6.32,6.34,6.18,6.3,6.28,0.04,0.6369,2.9975,1798491,11281232.0,948000000.0,379200000.0
2005-08-08,'600249,两 面 针,6.28,6.35,6.12,6.22,6.19,0.09,1.454,4.6988,2819267,17598368.0,942000000.0,376800000.0
2005-08-05,'600249,两 面 针,6.19,6.21,6.0,6.0,6.02,0.17,2.8239,4.0092,2405538,14734108.0,928500000.0,371400000.0
2005-08-04,'600249,两 面 针,6.02,6.29,5.94,6.16,6.26,-0.24,-3.8339,6.1499,3689917,22564165.0,903000000.0,361200000.0
2005-08-03,'600249,两 面 针,6.26,6.28,5.67,5.73,5.71,0.55,9.6322,8.0224,4813411,29243062.0,939000000.0,375600000.0
2005-08-02,'600249,两 面 针,5.71,5.71,5.56,5.59,5.61,0.1,1.7825,1.5238,914252,5166820.0,856500000.0,342600000.0
2005-08-01,'600249,两 面 针,5.61,5.69,5.55,5.55,5.6,0.01,0.1786,1.01,606018,3385965.0,841500000.0,336600000.0
2005-07-29,'600249,两 面 针,5.6,5.67,5.56,5.67,5.67,-0.07,-1.2346,1.1539,692358,3872694.0,840000000.0,336000000.0
2005-07-28,'600249,两 面 针,5.67,5.75,5.64,5.68,5.68,-0.01,-0.1761,1.9565,1173926,6689661.0,850500000.0,340200000.0
2005-07-27,'600249,两 面 针,5.68,5.69,5.53,5.61,5.62,0.06,1.0676,1.7992,1079542,6064212.0,852000000.0,340800000.0
2005-07-26,'600249,两 面 针,5.62,5.7,5.5,5.5,5.55,0.07,1.2613,1.8158,1089476,6141641.0,843000000.0,337200000.0
2005-07-25,'600249,两 面 针,5.55,5.57,5.42,5.48,5.47,0.08,1.4625,1.1935,716093,3945815.0,832500000.0,333000000.0
2005-07-22,'600249,两 面 针,5.47,5.54,5.28,5.28,5.28,0.19,3.5985,1.8425,1105473,5992833.0,820500000.0,328200000.0
2005-07-21,'600249,两 面 针,5.28,5.36,5.21,5.36,5.36,-0.08,-1.4925,0.8393,503570,2653909.0,792000000.0,316800000.0
2005-07-20,'600249,两 面 针,5.36,5.38,5.3,5.31,5.33,0.03,0.5629,0.6661,399673,2136385.0,804000000.0,321600000.0
2005-07-19,'600249,两 面 针,5.33,5.34,5.2,5.27,5.27,0.06,1.1385,0.8965,537919,2844524.0,799500000.0,319800000.0
2005-07-18,'600249,两 面 针,5.27,5.4,5.21,5.31,5.39,-0.12,-2.2263,1.2769,766128,4043860.0,790500000.0,316200000.0
2005-07-15,'600249,两 面 针,5.39,5.63,5.37,5.63,5.61,-0.22,-3.9216,1.8949,1136968,6188882.0,808500000.0,323400000.0
2005-07-14,'600249,两 面 针,5.61,5.7,5.58,5.65,5.65,-0.04,-0.708,1.0993,659574,3712738.0,841500000.0,336600000.0
2005-07-13,'600249,两 面 针,5.65,5.67,5.51,5.59,5.59,0.06,1.0733,1.2669,760137,4243410.0,847500000.0,339000000.0
2005-07-12,'600249,两 面 针,5.59,5.63,5.35,5.45,5.49,0.1,1.8215,2.4274,1456446,8023567.0,838500000.0,335400000.0
2005-07-11,'600249,两 面 针,5.49,5.85,5.46,5.81,5.7,-0.21,-3.6842,1.9065,1143897,6462080.0,823500000.0,329400000.0
2005-07-08,'600249,两 面 针,5.7,5.86,5.55,5.86,5.83,-0.13,-2.2298,2.6555,1593288,9013510.0,855000000.0,342000000.0
2005-07-07,'600249,两 面 针,5.83,5.93,5.78,5.88,5.89,-0.06,-1.0187,1.0787,647221,3786734.0,874500000.0,349800000.0
2005-07-06,'600249,两 面 针,5.89,6.07,5.83,5.96,6.0,-0.11,-1.8333,1.3359,801526,4774957.0,883500000.0,353400000.0
2005-07-05,'600249,两 面 针,6.0,6.06,5.85,5.86,5.93,0.07,1.1804,1.5254,915254,5454095.0,900000000.0,360000000.0
2005-07-04,'600249,两 面 针,5.93,6.18,5.73,6.18,6.21,-0.28,-4.5089,2.7305,1638273,9664343.0,889500000.0,355800000.0
2005-07-01,'600249,两 面 针,6.21,6.55,6.16,6.55,6.55,-0.34,-5.1908,3.7377,2242605,14190193.0,931500000.0,372600000.0
2005-06-30,'600249,两 面 针,6.55,6.89,6.51,6.85,6.85,-0.3,-4.3796,3.3184,1991055,13264275.0,982500000.0,393000000.0
2005-06-29,'600249,两 面 针,6.85,6.96,6.83,6.86,6.86,-0.01,-0.1458,1.5797,947836,6525623.0,1027500000.0,411000000.0
2005-06-28,'600249,两 面 针,6.86,7.06,6.83,7.06,7.11,-0.25,-3.5162,3.1533,1891959,13107224.0,1029000000.0,411600000.0
2005-06-27,'600249,两 面 针,7.11,7.15,6.93,6.99,6.88,0.23,3.343,6.2378,3742681,26436831.0,1066500000.0,426600000.0
2005-06-24,'600249,两 面 针,6.88,7.03,6.83,6.95,6.95,-0.07,-1.0072,3.3047,1982828,13678026.0,1032000000.0,412800000.0
2005-06-23,'600249,两 面 针,6.95,6.97,6.81,6.9,6.91,0.04,0.5789,3.2553,1953154,13487913.0,1042500000.0,417000000.0
2005-06-22,'600249,两 面 针,6.91,6.99,6.75,6.99,7.01,-0.1,-1.4265,4.5734,2744043,18797435.0,1036500000.0,414600000.0
2005-06-21,'600249,两 面 针,7.01,7.18,6.92,7.11,6.85,0.16,2.3358,6.9341,4160446,29313304.0,1051500000.0,420600000.0
2005-06-20,'600249,两 面 针,0.0,0.0,0.0,0.0,6.85,None,None,0.0,0,0.0,1027500000.0,411000000.0
2005-06-17,'600249,两 面 针,6.85,7.16,6.81,6.88,6.87,-0.02,-0.2911,6.7012,4020719,28073066.0,1027500000.0,411000000.0
2005-06-16,'600249,两 面 针,6.87,7.43,6.84,7.21,7.55,-0.68,-9.0066,10.4118,6247062,43811155.0,1030500000.0,412200000.0
2005-06-15,'600249,两 面 针,7.55,8.19,7.4,7.52,8.22,-0.67,-8.1509,31.0766,18645939,138903482.0,1132500000.0,453000000.0
2005-06-14,'600249,两 面 针,8.22,8.33,8.22,8.22,9.13,-0.91,-9.9671,4.9967,2998000,24644986.0,1233000000.0,493200000.0
2005-06-13,'600249,两 面 针,9.13,10.69,9.13,10.15,10.14,-1.01,-9.9606,14.8505,8910328,84818912.0,1369500000.0,547800000.0
2005-06-10,'600249,两 面 针,10.14,10.14,10.14,10.14,9.22,0.92,9.9783,6.9761,4185683,42442826.0,1521000000.0,608400000.0
2005-06-09,'600249,两 面 针,9.22,9.22,9.22,9.22,8.38,0.84,10.0239,3.1237,1874219,17280299.0,1383000000.0,553200000.0
2005-06-08,'600249,两 面 针,8.38,8.4,7.7,7.8,7.7,0.68,8.8312,2.7936,1676174,13645624.0,1257000000.0,502800000.0
2005-06-07,'600249,两 面 针,7.7,7.84,7.6,7.73,7.73,-0.03,-0.3881,0.3782,226931,1755748.0,1155000000.0,462000000.0
2005-06-06,'600249,两 面 针,7.73,7.73,7.52,7.73,7.68,0.05,0.651,0.2377,142630,1088089.0,1159500000.0,463800000.0
2005-06-03,'600249,两 面 针,7.68,7.7,7.47,7.6,7.47,0.21,2.8112,0.4104,246256,1871402.0,1152000000.0,460800000.0
2005-06-02,'600249,两 面 针,7.47,7.61,7.44,7.5,7.5,-0.03,-0.4,0.4932,295899,2221837.0,1120500000.0,448200000.0
2005-06-01,'600249,两 面 针,7.5,7.64,7.4,7.63,7.63,-0.13,-1.7038,0.9503,570198,4273568.0,1125000000.0,450000000.0
2005-05-31,'600249,两 面 针,7.63,7.77,7.58,7.61,7.61,0.02,0.2628,0.3187,191200,1460176.0,1144500000.0,457800000.0
2005-05-30,'600249,两 面 针,7.61,7.73,7.58,7.65,7.65,-0.04,-0.5229,0.4259,255530,1948536.0,1141500000.0,456600000.0
2005-05-27,'600249,两 面 针,7.65,7.8,7.63,7.78,7.78,-0.13,-1.671,0.5931,355885,2745524.0,1147500000.0,459000000.0
2005-05-26,'600249,两 面 针,7.78,7.9,7.73,7.8,7.9,-0.12,-1.519,0.4943,296601,2312955.0,1167000000.0,466800000.0
2005-05-25,'600249,两 面 针,7.9,7.97,7.76,7.97,7.86,0.04,0.5089,0.5803,348198,2737364.0,1185000000.0,474000000.0
2005-05-24,'600249,两 面 针,7.86,7.97,7.8,7.82,7.84,0.02,0.2551,0.4533,271950,2146163.0,1179000000.0,471600000.0
2005-05-23,'600249,两 面 针,7.84,7.86,7.61,7.84,7.84,0.0,0.0,0.9986,599188,4667728.0,1176000000.0,470400000.0
2005-05-20,'600249,两 面 针,7.84,7.92,7.77,7.88,7.86,-0.02,-0.2545,0.6187,371192,2915800.0,1176000000.0,470400000.0
2005-05-19,'600249,两 面 针,7.86,7.98,7.75,7.75,7.73,0.13,1.6818,1.3937,836234,6561622.0,1179000000.0,471600000.0
2005-05-18,'600249,两 面 针,7.73,7.83,7.53,7.53,7.56,0.17,2.2487,0.8796,527777,4077639.0,1159500000.0,463800000.0
2005-05-17,'600249,两 面 针,7.56,7.69,7.5,7.5,7.53,0.03,0.3984,0.2898,173900,1319581.0,1134000000.0,453600000.0
2005-05-16,'600249,两 面 针,7.53,7.59,7.42,7.5,7.52,0.01,0.133,0.4278,256683,1924145.0,1129500000.0,451800000.0
2005-05-13,'600249,两 面 针,7.52,7.55,7.21,7.35,7.4,0.12,1.6216,1.3102,786136,5854290.0,1128000000.0,451200000.0
2005-05-12,'600249,两 面 针,7.4,7.64,7.37,7.57,7.56,-0.16,-2.1164,0.67,402007,3017063.0,1110000000.0,444000000.0
2005-05-11,'600249,两 面 针,7.56,7.94,7.54,7.7,7.77,-0.21,-2.7027,0.7695,461709,3583921.0,1134000000.0,453600000.0
2005-05-10,'600249,两 面 针,7.77,7.79,7.46,7.47,7.6,0.17,2.2368,0.8834,530018,4030379.0,1165500000.0,466200000.0
2005-05-09,'600249,两 面 针,7.6,7.75,7.46,7.65,7.66,-0.06,-0.7833,1.0401,624036,4731846.0,1140000000.0,456000000.0
2005-04-29,'600249,两 面 针,7.66,7.86,7.6,7.85,7.81,-0.15,-1.9206,1.0585,635085,4910704.0,1149000000.0,459600000.0
2005-04-28,'600249,两 面 针,7.81,8.11,7.31,7.38,7.42,0.39,5.2561,3.0886,1853160,14322014.0,1171500000.0,468600000.0
2005-04-27,'600249,两 面 针,7.42,7.46,7.2,7.29,7.3,0.12,1.6438,2.0501,1230053,9041180.0,1113000000.0,445200000.0
2005-04-26,'600249,两 面 针,7.3,7.33,6.57,6.57,7.3,0.0,0.0,3.0038,1802293,12950968.0,1095000000.0,438000000.0
2005-04-25,'600249,两 面 针,7.3,7.32,6.79,6.97,7.04,0.26,3.6932,2.7389,1643349,11664218.0,1095000000.0,438000000.0
2005-04-22,'600249,两 面 针,7.04,7.38,6.34,7.03,7.03,0.01,0.1422,3.0527,1831618,12611160.0,1056000000.0,422400000.0
2005-04-21,'600249,两 面 针,7.03,7.3,7.02,7.3,7.27,-0.24,-3.3012,0.9823,589400,4212947.0,1054500000.0,421800000.0
2005-04-20,'600249,两 面 针,7.27,7.48,7.15,7.4,7.38,-0.11,-1.4905,1.112,667178,4907391.0,1090500000.0,436200000.0
2005-04-19,'600249,两 面 针,7.38,7.4,7.13,7.13,7.24,0.14,1.9337,1.0458,627473,4595897.0,1107000000.0,442800000.0
2005-04-18,'600249,两 面 针,7.24,7.31,7.1,7.2,7.22,0.02,0.277,1.4207,852411,6169497.0,1086000000.0,434400000.0
2005-04-15,'600249,两 面 针,7.22,7.28,7.09,7.26,7.26,-0.04,-0.551,1.3779,826736,5960080.0,1083000000.0,433200000.0
2005-04-14,'600249,两 面 针,7.26,7.43,7.25,7.43,7.4,-0.14,-1.8919,0.6801,408035,2983403.0,1089000000.0,435600000.0
2005-04-13,'600249,两 面 针,7.4,7.47,7.27,7.27,7.27,0.13,1.7882,1.2505,750276,5528130.0,1110000000.0,444000000.0
2005-04-12,'600249,两 面 针,7.27,7.28,7.13,7.26,7.26,0.01,0.1377,1.1872,712296,5150868.0,1090500000.0,436200000.0
2005-04-11,'600249,两 面 针,7.26,7.27,7.08,7.23,7.24,0.02,0.2762,1.3093,785564,5642146.0,1089000000.0,435600000.0
2005-04-08,'600249,两 面 针,7.24,7.28,7.18,7.25,7.24,0.0,0.0,0.8865,531887,3836587.0,1086000000.0,434400000.0
2005-04-07,'600249,两 面 针,7.24,7.34,7.16,7.21,7.2,0.04,0.5556,1.4124,847459,6138742.0,1086000000.0,434400000.0
2005-04-06,'600249,两 面 针,7.2,7.28,7.09,7.15,7.15,0.05,0.6993,1.0312,618724,4445235.0,1080000000.0,432000000.0
2005-04-05,'600249,两 面 针,7.15,7.18,6.92,6.99,6.99,0.16,2.289,0.8376,502548,3537862.0,1072500000.0,429000000.0
2005-04-04,'600249,两 面 针,6.99,7.18,6.98,7.18,7.21,-0.22,-3.0513,1.5897,953832,6706981.0,1048500000.0,419400000.0
2005-04-01,'600249,两 面 针,7.21,7.25,6.87,7.11,7.11,0.1,1.4065,2.6136,1568186,11144969.0,1081500000.0,432600000.0
2005-03-31,'600249,两 面 针,7.11,7.11,6.91,6.99,6.99,0.12,1.7167,1.4757,885448,6216906.0,1066500000.0,426600000.0
2005-03-30,'600249,两 面 针,6.99,7.04,6.84,6.93,6.93,0.06,0.8658,1.3024,781438,5419331.0,1048500000.0,419400000.0
2005-03-29,'600249,两 面 针,6.93,7.0,6.91,6.93,6.93,0.0,0.0,0.6228,373700,2597829.0,1039500000.0,415800000.0
2005-03-28,'600249,两 面 针,6.93,6.94,6.81,6.84,6.84,0.09,1.3158,0.8625,517479,3547571.0,1039500000.0,415800000.0
2005-03-25,'600249,两 面 针,6.84,6.88,6.65,6.65,6.62,0.22,3.3233,0.8208,492469,3343761.0,1026000000.0,410400000.0
2005-03-24,'600249,两 面 针,6.62,6.65,6.49,6.5,6.61,0.01,0.1513,0.3374,202434,1336788.0,993000000.0,397200000.0
2005-03-23,'600249,两 面 针,6.61,6.63,6.48,6.61,6.59,0.02,0.3035,0.3282,196900,1292053.0,991500000.0,396600000.0
2005-03-22,'600249,两 面 针,6.59,6.8,6.5,6.72,6.76,-0.17,-2.5148,0.4717,283028,1864298.0,988500000.0,395400000.0
2005-03-21,'600249,两 面 针,6.76,6.88,6.71,6.75,6.75,0.01,0.1481,0.2957,177395,1198447.0,1014000000.0,405600000.0
2005-03-18,'600249,两 面 针,6.75,6.99,6.7,6.99,6.93,-0.18,-2.5974,0.6894,413650,2790942.0,1012500000.0,405000000.0
2005-03-17,'600249,两 面 针,6.93,7.05,6.9,7.05,7.09,-0.16,-2.2567,0.723,433789,3016992.0,1039500000.0,415800000.0
2005-03-16,'600249,两 面 针,7.09,7.23,6.72,6.73,6.76,0.33,4.8817,1.6345,980712,6909884.0,1063500000.0,425400000.0
2005-03-15,'600249,两 面 针,6.76,6.95,6.71,6.88,6.89,-0.13,-1.8868,0.5018,301100,2052363.0,1014000000.0,405600000.0
2005-03-14,'600249,两 面 针,6.89,7.03,6.85,7.03,7.03,-0.14,-1.9915,0.5967,358000,2479807.0,1033500000.0,413400000.0
2005-03-11,'600249,两 面 针,7.03,7.09,6.95,6.97,7.01,0.02,0.2853,0.469,281411,1974358.0,1054500000.0,421800000.0
2005-03-10,'600249,两 面 针,7.01,7.25,6.97,7.25,7.22,-0.21,-2.9086,0.6986,419181,2966460.0,1051500000.0,420600000.0
2005-03-09,'600249,两 面 针,7.22,7.32,7.12,7.15,7.17,0.05,0.6974,0.8602,516132,3732019.0,1083000000.0,433200000.0
2005-03-08,'600249,两 面 针,7.17,7.19,6.99,7.03,7.03,0.14,1.9915,0.5902,354121,2514913.0,1075500000.0,430200000.0
2005-03-07,'600249,两 面 针,7.03,7.09,6.95,6.95,6.98,0.05,0.7163,0.33,198000,1387667.0,1054500000.0,421800000.0
2005-03-04,'600249,两 面 针,6.98,7.09,6.97,7.09,7.02,-0.04,-0.5698,0.2485,149110,1045157.0,1047000000.0,418800000.0
2005-03-03,'600249,两 面 针,7.02,7.08,6.95,7.08,7.08,-0.06,-0.8475,0.5603,336169,2351981.0,1053000000.0,421200000.0
2005-03-02,'600249,两 面 针,7.08,7.21,7.05,7.19,7.11,-0.03,-0.4219,0.4377,262600,1865967.0,1062000000.0,424800000.0
2005-03-01,'600249,两 面 针,7.11,7.16,7.06,7.1,7.13,-0.02,-0.2805,0.6763,405761,2878411.0,1066500000.0,426600000.0
2005-02-28,'600249,两 面 针,7.13,7.24,7.11,7.18,7.19,-0.06,-0.8345,0.6485,389129,2787599.0,1069500000.0,427800000.0
2005-02-25,'600249,两 面 针,7.19,7.37,7.16,7.37,7.24,-0.05,-0.6906,0.9416,564950,4089715.0,1078500000.0,431400000.0
2005-02-24,'600249,两 面 针,7.24,7.29,7.14,7.2,7.2,0.04,0.5556,0.7216,432940,3117305.0,1086000000.0,434400000.0
2005-02-23,'600249,两 面 针,7.2,7.24,7.0,7.05,7.07,0.13,1.8388,1.1904,714264,5102245.0,1080000000.0,432000000.0
2005-02-22,'600249,两 面 针,7.07,7.08,6.91,6.97,6.92,0.15,2.1676,0.9914,594838,4171392.0,1060500000.0,424200000.0
2005-02-21,'600249,两 面 针,6.92,6.93,6.75,6.78,6.78,0.14,2.0649,0.7093,425588,2923108.0,1038000000.0,415200000.0
2005-02-18,'600249,两 面 针,6.78,6.83,6.75,6.82,6.82,-0.04,-0.5865,0.2776,166530,1129426.0,1017000000.0,406800000.0
2005-02-17,'600249,两 面 针,6.82,6.84,6.72,6.72,6.8,0.02,0.2941,0.2534,152061,1029786.0,1023000000.0,409200000.0
2005-02-16,'600249,两 面 针,6.8,6.88,6.75,6.75,6.75,0.05,0.7407,0.5011,300678,2056599.0,1020000000.0,408000000.0
2005-02-04,'600249,两 面 针,6.75,6.8,6.6,6.69,6.71,0.04,0.5961,0.7609,456536,3052117.0,1012500000.0,405000000.0
2005-02-03,'600249,两 面 针,6.71,6.88,6.66,6.87,6.84,-0.13,-1.9006,0.6214,372838,2526829.0,1006500000.0,402600000.0
2005-02-02,'600249,两 面 针,6.84,6.85,6.4,6.62,6.49,0.35,5.3929,0.9757,585444,3916843.0,1026000000.0,410400000.0
2005-02-01,'600249,两 面 针,6.49,6.74,6.45,6.58,6.58,-0.09,-1.3678,0.352,211189,1383465.0,973500000.0,389400000.0
2005-01-31,'600249,两 面 针,6.58,6.82,6.55,6.82,6.87,-0.29,-4.2213,0.6597,395800,2626700.0,987000000.0,394800000.0
2005-01-28,'600249,两 面 针,6.87,7.09,6.8,7.08,7.08,-0.21,-2.9661,0.5869,352120,2444268.0,1030500000.0,412200000.0
2005-01-27,'600249,两 面 针,7.08,7.17,7.06,7.08,7.11,-0.03,-0.4219,0.159,95409,675870.0,1062000000.0,424800000.0
2005-01-26,'600249,两 面 针,7.11,7.2,7.1,7.2,7.2,-0.09,-1.25,0.3357,201442,1438533.0,1066500000.0,426600000.0
2005-01-25,'600249,两 面 针,7.2,7.33,7.14,7.33,7.37,-0.17,-2.3066,0.3328,199696,1441783.0,1080000000.0,432000000.0
2005-01-24,'600249,两 面 针,7.37,7.47,7.28,7.45,7.23,0.14,1.9364,0.7026,421546,3100917.0,1105500000.0,442200000.0
2005-01-21,'600249,两 面 针,7.23,7.32,6.99,7.1,7.08,0.15,2.1186,0.4384,263019,1873306.0,1084500000.0,433800000.0
2005-01-20,'600249,两 面 针,7.08,7.17,7.03,7.17,7.12,-0.04,-0.5618,0.2784,167016,1178250.0,1062000000.0,424800000.0
2005-01-19,'600249,两 面 针,7.12,7.24,7.07,7.18,7.18,-0.06,-0.8357,0.1295,77691,553647.0,1068000000.0,427200000.0
2005-01-18,'600249,两 面 针,7.18,7.22,7.06,7.12,7.08,0.1,1.4124,0.2587,155194,1104512.0,1077000000.0,430800000.0
2005-01-17,'600249,两 面 针,7.08,7.18,7.03,7.18,7.23,-0.15,-2.0747,0.4504,270243,1913235.0,1062000000.0,424800000.0
2005-01-14,'600249,两 面 针,7.23,7.35,7.21,7.26,7.26,-0.03,-0.4132,0.2732,163900,1193801.0,1084500000.0,433800000.0
2005-01-13,'600249,两 面 针,7.26,7.35,7.1,7.1,7.38,-0.12,-1.626,0.3662,219700,1596934.0,1089000000.0,435600000.0
2005-01-12,'600249,两 面 针,7.38,7.4,7.33,7.39,7.38,0.0,0.0,0.1312,78748,579656.0,1107000000.0,442800000.0
2005-01-11,'600249,两 面 针,7.38,7.42,7.29,7.4,7.38,0.0,0.0,0.1786,107148,790300.0,1107000000.0,442800000.0
2005-01-10,'600249,两 面 针,7.38,7.39,7.23,7.3,7.3,0.08,1.0959,0.1723,103384,756803.0,1107000000.0,442800000.0
2005-01-07,'600249,两 面 针,7.3,7.45,7.26,7.45,7.32,-0.02,-0.2732,0.2452,147132,1078142.0,1095000000.0,438000000.0
2005-01-06,'600249,两 面 针,7.32,7.4,7.27,7.4,7.39,-0.07,-0.9472,0.2993,179600,1312838.0,1098000000.0,439200000.0
2005-01-05,'600249,两 面 针,7.39,7.46,7.29,7.37,7.31,0.08,1.0944,0.1972,118320,871503.0,1108500000.0,443400000.0
2005-01-04,'600249,两 面 针,7.31,7.65,7.19,7.5,7.5,-0.19,-2.5333,0.6463,387769,2833552.0,1096500000.0,438600000.0
2004-12-31,'600249,两 面 针,7.5,7.78,7.46,7.61,7.61,-0.11,-1.4455,0.5228,313690,2373687.0,1125000000.0,450000000.0
2004-12-30,'600249,两 面 针,7.61,7.8,7.59,7.73,7.75,-0.14,-1.8065,0.5512,330740,2536464.0,1141500000.0,456600000.0
2004-12-29,'600249,两 面 针,7.75,7.87,7.73,7.75,7.79,-0.04,-0.5135,0.1976,118550,922058.0,1162500000.0,465000000.0
2004-12-28,'600249,两 面 针,7.79,7.87,7.77,7.87,7.76,0.03,0.3866,0.1657,99403,774569.0,1168500000.0,467400000.0
2004-12-27,'600249,两 面 针,7.76,7.8,7.71,7.71,7.78,-0.02,-0.2571,0.1553,93172,724367.0,1164000000.0,465600000.0
2004-12-24,'600249,两 面 针,7.78,7.85,7.77,7.85,7.81,-0.03,-0.3841,0.3174,190443,1486071.0,1167000000.0,466800000.0
2004-12-23,'600249,两 面 针,7.81,8.05,7.81,7.95,7.95,-0.14,-1.761,0.3247,194835,1546286.0,1171500000.0,468600000.0
2004-12-22,'600249,两 面 针,7.95,7.98,7.74,7.76,7.78,0.17,2.1851,0.5102,306111,2411241.0,1192500000.0,477000000.0
2004-12-21,'600249,两 面 针,7.78,7.85,7.74,7.85,7.79,-0.01,-0.1284,0.2984,179038,1391299.0,1167000000.0,466800000.0
2004-12-20,'600249,两 面 针,7.79,7.85,7.72,7.75,7.77,0.02,0.2574,0.2301,138072,1073704.0,1168500000.0,467400000.0
2004-12-17,'600249,两 面 针,7.77,7.86,7.72,7.77,7.8,-0.03,-0.3846,0.3075,184498,1433987.0,1165500000.0,466200000.0
2004-12-16,'600249,两 面 针,7.8,7.89,7.79,7.82,7.82,-0.02,-0.2558,0.2803,168200,1317525.0,1170000000.0,468000000.0
2004-12-15,'600249,两 面 针,7.82,7.89,7.76,7.89,7.84,-0.02,-0.2551,0.3418,205102,1602078.0,1173000000.0,469200000.0
2004-12-14,'600249,两 面 针,7.84,7.93,7.81,7.84,7.83,0.01,0.1277,0.2487,149214,1170640.0,1176000000.0,470400000.0
2004-12-13,'600249,两 面 针,7.83,7.9,7.8,7.8,7.9,-0.07,-0.8861,0.4028,241680,1892843.0,1174500000.0,469800000.0
2004-12-10,'600249,两 面 针,7.9,8.08,7.86,8.05,8.09,-0.19,-2.3486,0.6368,382100,3037513.0,1185000000.0,474000000.0
2004-12-09,'600249,两 面 针,8.09,8.2,8.0,8.0,8.02,0.07,0.8728,0.6889,413360,3346987.0,1213500000.0,485400000.0
2004-12-08,'600249,两 面 针,8.02,8.22,8.0,8.15,8.06,-0.04,-0.4963,0.5444,326660,2629222.0,1203000000.0,481200000.0
2004-12-07,'600249,两 面 针,8.06,8.26,8.05,8.19,8.19,-0.13,-1.5873,0.4033,242000,1971512.0,1209000000.0,483600000.0
2004-12-06,'600249,两 面 针,8.19,8.27,8.15,8.25,8.25,-0.06,-0.7273,0.3441,206470,1692097.0,1228500000.0,491400000.0
2004-12-03,'600249,两 面 针,8.25,8.3,8.15,8.19,8.19,0.06,0.7326,0.6227,373641,3083876.0,1237500000.0,495000000.0
2004-12-02,'600249,两 面 针,8.19,8.19,8.02,8.15,8.19,0.0,0.0,0.6149,368914,2984768.0,1228500000.0,491400000.0
2004-12-01,'600249,两 面 针,8.19,8.29,8.15,8.22,8.22,-0.03,-0.365,0.3881,232850,1914178.0,1228500000.0,491400000.0
2004-11-30,'600249,两 面 针,8.22,8.33,8.14,8.23,8.23,-0.01,-0.1215,0.4391,263480,2162239.0,1233000000.0,493200000.0
2004-11-29,'600249,两 面 针,8.23,8.38,8.22,8.38,8.38,-0.15,-1.79,0.473,283776,2347583.0,1234500000.0,493800000.0
2004-11-26,'600249,两 面 针,8.38,8.43,8.23,8.3,8.28,0.1,1.2077,0.3987,239200,2003808.0,1257000000.0,502800000.0
2004-11-25,'600249,两 面 针,8.28,8.42,8.27,8.42,8.42,-0.14,-1.6627,0.6498,389879,3241174.0,1242000000.0,496800000.0
2004-11-24,'600249,两 面 针,8.42,8.62,8.41,8.6,8.63,-0.21,-2.4334,0.848,508797,4312533.0,1263000000.0,505200000.0
2004-11-23,'600249,两 面 针,8.63,8.67,8.44,8.46,8.46,0.17,2.0095,1.5948,956850,8188549.0,1294500000.0,517800000.0
2004-11-22,'600249,两 面 针,8.46,8.54,8.4,8.42,8.42,0.04,0.4751,0.9327,559599,4751020.0,1269000000.0,507600000.0
2004-11-19,'600249,两 面 针,8.42,8.49,8.35,8.4,8.42,0.0,0.0,0.7482,448908,3775098.0,1263000000.0,505200000.0
2004-11-18,'600249,两 面 针,8.42,8.43,8.28,8.32,8.34,0.08,0.9592,0.6953,417209,3487752.0,1263000000.0,505200000.0
2004-11-17,'600249,两 面 针,8.34,8.52,8.32,8.52,8.54,-0.2,-2.3419,1.311,786615,6602108.0,1251000000.0,500400000.0
2004-11-16,'600249,两 面 针,8.54,8.76,8.48,8.52,8.48,0.06,0.7076,4.2993,2579597,22201698.0,1281000000.0,512400000.0
2004-11-15,'600249,两 面 针,8.48,8.48,8.22,8.24,8.2,0.28,3.4146,1.9812,1188748,9956930.0,1272000000.0,508800000.0
2004-11-12,'600249,两 面 针,8.2,8.35,8.13,8.3,8.27,-0.07,-0.8464,1.2965,777890,6401519.0,1230000000.0,492000000.0
2004-11-11,'600249,两 面 针,8.27,8.48,8.25,8.35,8.29,-0.02,-0.2412,3.1719,1903128,15889342.0,1240500000.0,496200000.0
2004-11-10,'600249,两 面 针,8.29,8.38,7.99,8.0,7.97,0.32,4.0151,1.7872,1072306,8806442.0,1243500000.0,497400000.0
2004-11-09,'600249,两 面 针,7.97,8.02,7.85,7.85,7.92,0.05,0.6313,0.5931,355850,2835738.0,1195500000.0,478200000.0
2004-11-08,'600249,两 面 针,7.92,7.95,7.75,7.81,7.89,0.03,0.3802,0.3388,203256,1597340.0,1188000000.0,475200000.0
2004-11-05,'600249,两 面 针,7.89,7.9,7.78,7.83,7.82,0.07,0.8951,0.5318,319102,2494696.0,1183500000.0,473400000.0
2004-11-04,'600249,两 面 针,7.82,8.06,7.8,7.99,7.97,-0.15,-1.8821,0.662,397210,3147537.0,1173000000.0,469200000.0
2004-11-03,'600249,两 面 针,7.97,7.98,7.8,7.89,7.79,0.18,2.3107,0.6946,416756,3293202.0,1195500000.0,478200000.0
2004-11-02,'600249,两 面 针,7.79,7.92,7.73,7.85,7.89,-0.1,-1.2674,1.0826,649565,5080172.0,1168500000.0,467400000.0
2004-11-01,'600249,两 面 针,7.89,8.2,7.85,8.2,8.25,-0.36,-4.3636,1.8507,1110444,8868780.0,1183500000.0,473400000.0
2004-10-29,'600249,两 面 针,8.25,8.28,7.92,8.2,8.29,-0.04,-0.4825,2.7276,1636564,13357767.0,1237500000.0,495000000.0
2004-10-28,'600249,两 面 针,8.29,8.54,8.22,8.22,8.15,0.14,1.7178,2.7676,1660546,13966463.0,1243500000.0,497400000.0
2004-10-27,'600249,两 面 针,8.15,8.15,7.78,7.78,7.87,0.28,3.5578,0.9375,562506,4494291.0,1222500000.0,489000000.0
2004-10-26,'600249,两 面 针,7.87,7.94,7.58,7.65,7.73,0.14,1.8111,0.4989,299320,2309839.0,1180500000.0,472200000.0
2004-10-25,'600249,两 面 针,7.73,7.97,7.63,7.91,7.84,-0.11,-1.4031,0.6432,385928,3030106.0,1159500000.0,463800000.0
2004-10-22,'600249,两 面 针,7.84,7.87,7.57,7.75,7.64,0.2,2.6178,0.7601,456037,3513168.0,1176000000.0,470400000.0
2004-10-21,'600249,两 面 针,7.64,7.93,7.64,7.89,7.84,-0.2,-2.551,0.6949,416947,3223126.0,1146000000.0,458400000.0
2004-10-20,'600249,两 面 针,7.84,7.98,7.79,7.98,7.96,-0.12,-1.5075,0.525,315000,2472109.0,1176000000.0,470400000.0
2004-10-19,'600249,两 面 针,7.96,8.16,7.95,8.01,7.97,-0.01,-0.1255,0.4555,273299,2195499.0,1194000000.0,477600000.0
2004-10-18,'600249,两 面 针,7.97,8.15,7.92,8.0,7.96,0.01,0.1256,0.4842,290531,2328052.0,1195500000.0,478200000.0
2004-10-15,'600249,两 面 针,7.96,7.98,7.75,7.92,7.98,-0.02,-0.2506,0.8282,496937,3907640.0,1194000000.0,477600000.0
2004-10-14,'600249,两 面 针,7.98,8.44,7.95,8.4,8.4,-0.42,-5.0,1.072,643180,5270335.0,1197000000.0,478800000.0
2004-10-13,'600249,两 面 针,8.4,8.45,8.26,8.37,8.39,0.01,0.1192,0.6797,407847,3412000.0,1260000000.0,504000000.0
2004-10-12,'600249,两 面 针,8.39,8.66,8.33,8.66,8.64,-0.25,-2.8935,0.8803,528200,4460261.0,1258500000.0,503400000.0
2004-10-11,'600249,两 面 针,8.64,8.78,8.55,8.66,8.63,0.01,0.1159,1.5407,924427,8014727.0,1296000000.0,518400000.0
2004-10-08,'600249,两 面 针,8.63,8.63,8.18,8.46,8.31,0.32,3.8508,0.6619,397113,3323073.0,1294500000.0,517800000.0
2004-09-30,'600249,两 面 针,8.31,8.5,8.29,8.5,8.42,-0.11,-1.3064,0.6809,408553,3424581.0,1246500000.0,498600000.0
2004-09-29,'600249,两 面 针,8.42,8.61,8.41,8.61,8.56,-0.14,-1.6355,0.6851,411065,3491618.0,1263000000.0,505200000.0
2004-09-28,'600249,两 面 针,8.56,8.75,8.4,8.68,8.76,-0.2,-2.2831,1.1861,711659,6080006.0,1284000000.0,513600000.0
2004-09-27,'600249,两 面 针,0.0,0.0,0.0,0.0,8.76,None,None,0.0,0,0.0,1314000000.0,525600000.0
2004-09-24,'600249,两 面 针,8.76,9.18,8.75,9.0,8.95,-0.19,-2.1229,2.4984,1499015,13480543.0,1314000000.0,525600000.0
2004-09-23,'600249,两 面 针,8.95,8.98,8.71,8.8,8.83,0.12,1.359,1.4082,844943,7464393.0,1342500000.0,537000000.0
2004-09-22,'600249,两 面 针,8.83,9.09,8.81,9.08,9.09,-0.26,-2.8603,1.7753,1065161,9517677.0,1324500000.0,529800000.0
2004-09-21,'600249,两 面 针,9.09,9.35,8.91,9.3,9.3,-0.21,-2.2581,3.3436,2006167,18239826.0,1363500000.0,545400000.0
2004-09-20,'600249,两 面 针,9.3,9.32,8.68,8.68,8.58,0.72,8.3916,4.0718,2443103,21777844.0,1395000000.0,558000000.0
2004-09-17,'600249,两 面 针,8.58,8.59,8.34,8.42,8.42,0.16,1.9002,2.4644,1478656,12528347.0,1287000000.0,514800000.0
2004-09-16,'600249,两 面 针,8.42,8.43,8.18,8.3,8.21,0.21,2.5579,2.1308,1278474,10626906.0,1263000000.0,505200000.0
2004-09-15,'600249,两 面 针,8.21,8.35,7.8,7.8,7.81,0.4,5.1216,1.8323,1099363,8991555.0,1231500000.0,492600000.0
2004-09-14,'600249,两 面 针,7.81,7.9,7.64,7.64,7.55,0.26,3.4437,0.6133,368002,2853648.0,1171500000.0,468600000.0
2004-09-13,'600249,两 面 针,7.55,8.01,7.54,7.91,7.95,-0.4,-5.0314,0.6476,388537,2996327.0,1132500000.0,453000000.0
2004-09-10,'600249,两 面 针,7.95,7.99,7.88,7.91,7.92,0.03,0.3788,0.2642,158528,1258503.0,1192500000.0,477000000.0
2004-09-09,'600249,两 面 针,7.92,8.02,7.92,8.0,8.02,-0.1,-1.2469,0.2841,170462,1356954.0,1188000000.0,475200000.0
2004-09-08,'600249,两 面 针,8.02,8.13,8.0,8.1,8.09,-0.07,-0.8653,0.2787,167200,1342672.0,1203000000.0,481200000.0
2004-09-07,'600249,两 面 针,8.09,8.1,7.98,8.03,8.03,0.06,0.7472,0.3055,183310,1473695.0,1213500000.0,485400000.0
2004-09-06,'600249,两 面 针,8.03,8.15,8.02,8.12,8.13,-0.1,-1.23,0.2052,123100,995117.0,1204500000.0,481800000.0
2004-09-03,'600249,两 面 针,8.13,8.3,8.07,8.15,8.12,0.01,0.1232,0.3454,207223,1697994.0,1219500000.0,487800000.0
2004-09-02,'600249,两 面 针,8.12,8.14,7.99,8.03,8.04,0.08,0.995,0.3585,215100,1729278.0,1218000000.0,487200000.0
2004-09-01,'600249,两 面 针,8.04,8.15,8.03,8.15,8.15,-0.11,-1.3497,0.2247,134791,1088088.0,1206000000.0,482400000.0
2004-08-31,'600249,两 面 针,8.15,8.45,8.12,8.3,8.01,0.14,1.7478,0.7042,422514,3469190.0,1222500000.0,489000000.0
2004-08-30,'600249,两 面 针,8.01,8.07,7.95,7.98,7.98,0.03,0.3759,0.2683,160972,1288975.0,1201500000.0,480600000.0
2004-08-27,'600249,两 面 针,7.98,8.15,7.96,8.06,8.02,-0.04,-0.4988,0.3046,182765,1466925.0,1197000000.0,478800000.0
2004-08-26,'600249,两 面 针,8.02,8.16,8.0,8.05,8.05,-0.03,-0.3727,0.4463,267758,2155730.0,1203000000.0,481200000.0
2004-08-25,'600249,两 面 针,8.05,8.16,8.03,8.15,8.1,-0.05,-0.6173,0.2673,160403,1294363.0,1207500000.0,483000000.0
2004-08-24,'600249,两 面 针,8.1,8.18,7.95,7.99,8.0,0.1,1.25,0.471,282590,2283606.0,1215000000.0,486000000.0
2004-08-23,'600249,两 面 针,8.0,8.01,7.9,7.96,7.98,0.02,0.2506,0.2903,174187,1389617.0,1200000000.0,480000000.0
2004-08-20,'600249,两 面 针,7.98,8.05,7.87,7.9,7.88,0.1,1.269,0.3479,208745,1659032.0,1197000000.0,478800000.0
2004-08-19,'600249,两 面 针,7.88,8.14,7.86,8.14,8.14,-0.26,-3.1941,0.4462,267700,2124304.0,1182000000.0,472800000.0
2004-08-18,'600249,两 面 针,8.14,8.24,8.14,8.18,8.13,0.01,0.123,0.2292,137512,1127582.0,1221000000.0,488400000.0
2004-08-17,'600249,两 面 针,8.13,8.35,8.1,8.33,8.33,-0.2,-2.401,0.7421,445277,3643035.0,1219500000.0,487800000.0
2004-08-16,'600249,XD两面针,8.33,8.7,8.32,8.7,8.7,-0.37,-4.2529,0.4474,268462,2277118.0,1249500000.0,499800000.0
2004-08-13,'600249,两 面 针,9.05,9.08,8.91,8.95,8.96,0.09,1.0045,0.459,275384,2486666.0,1357500000.0,543000000.0
2004-08-12,'600249,两 面 针,8.96,9.09,8.93,9.09,9.1,-0.14,-1.5385,0.5569,334150,3005198.0,1344000000.0,537600000.0
2004-08-11,'600249,两 面 针,9.1,9.24,9.08,9.19,9.21,-0.11,-1.1944,0.4695,281677,2579725.0,1365000000.0,546000000.0
2004-08-10,'600249,两 面 针,9.21,9.28,9.08,9.1,9.08,0.13,1.4317,0.6853,411177,3784138.0,1381500000.0,552600000.0
2004-08-09,'600249,两 面 针,9.08,9.1,8.97,9.04,9.07,0.01,0.1103,0.2812,168719,1525485.0,1362000000.0,544800000.0
2004-08-06,'600249,两 面 针,9.07,9.15,9.0,9.05,9.05,0.02,0.221,0.4119,247128,2237252.0,1360500000.0,544200000.0
2004-08-05,'600249,两 面 针,9.05,9.25,9.03,9.15,9.18,-0.13,-1.4161,0.453,271800,2485583.0,1357500000.0,543000000.0
2004-08-04,'600249,两 面 针,9.18,9.29,8.96,9.06,8.93,0.25,2.7996,0.8328,499651,4577881.0,1377000000.0,550800000.0
2004-08-03,'600249,两 面 针,8.93,9.08,8.88,8.88,8.91,0.02,0.2245,0.3055,183270,1642775.0,1339500000.0,535800000.0
2004-08-02,'600249,两 面 针,8.91,9.0,8.9,8.9,9.02,-0.11,-1.2195,0.4253,255180,2278961.0,1336500000.0,534600000.0
2004-07-30,'600249,两 面 针,9.02,9.22,9.0,9.21,9.18,-0.16,-1.7429,0.3413,204800,1855910.0,1353000000.0,541200000.0
2004-07-29,'600249,两 面 针,9.18,9.2,8.98,9.06,9.06,0.12,1.3245,0.619,371384,3377000.0,1377000000.0,550800000.0
2004-07-28,'600249,两 面 针,9.06,9.06,8.9,9.0,8.96,0.1,1.1161,0.4875,292472,2624187.0,1359000000.0,543600000.0
2004-07-27,'600249,两 面 针,8.96,9.13,8.9,9.0,9.06,-0.1,-1.1038,0.545,326989,2944398.0,1344000000.0,537600000.0
2004-07-26,'600249,两 面 针,9.06,9.16,9.05,9.1,9.22,-0.16,-1.7354,0.5142,308521,2801945.0,1359000000.0,543600000.0
2004-07-23,'600249,两 面 针,9.22,9.48,9.01,9.48,9.08,0.14,1.5419,0.5178,310703,2832349.0,1383000000.0,553200000.0
2004-07-22,'600249,两 面 针,9.08,9.38,9.06,9.38,9.38,-0.3,-3.1983,0.6499,389929,3573180.0,1362000000.0,544800000.0
2004-07-21,'600249,两 面 针,9.38,9.43,9.3,9.36,9.35,0.03,0.3209,0.408,244800,2291875.0,1407000000.0,562800000.0
2004-07-20,'600249,两 面 针,9.35,9.55,9.3,9.55,9.57,-0.22,-2.2989,0.8113,486785,4565046.0,1402500000.0,561000000.0
2004-07-19,'600249,两 面 针,9.57,9.78,9.47,9.5,9.37,0.2,2.1345,1.9126,1147574,11047479.0,1435500000.0,574200000.0
2004-07-16,'600249,两 面 针,9.37,9.41,9.0,9.08,9.06,0.31,3.4216,1.3881,832886,7709835.0,1405500000.0,562200000.0
2004-07-15,'600249,两 面 针,9.06,9.17,8.92,9.08,9.0,0.06,0.6667,0.607,364173,3280730.0,1359000000.0,543600000.0
2004-07-14,'600249,两 面 针,9.0,9.35,8.85,9.28,9.26,-0.26,-2.8078,1.1843,710589,6396779.0,1350000000.0,540000000.0
2004-07-13,'600249,两 面 针,9.26,9.37,9.17,9.25,9.25,0.01,0.1081,0.5242,314515,2905837.0,1389000000.0,555600000.0
2004-07-12,'600249,两 面 针,9.25,9.76,9.22,9.76,9.78,-0.53,-5.4192,1.0447,626836,5891189.0,1387500000.0,555000000.0
2004-07-09,'600249,两 面 针,9.78,9.93,9.78,9.86,9.85,-0.07,-0.7107,0.3958,237472,2335538.0,1467000000.0,586800000.0
2004-07-08,'600249,两 面 针,9.85,9.92,9.8,9.81,9.82,0.03,0.3055,0.3906,234350,2308595.0,1477500000.0,591000000.0
2004-07-07,'600249,两 面 针,9.82,10.08,9.8,10.08,10.0,-0.18,-1.8,0.535,321000,3167600.0,1473000000.0,589200000.0
2004-07-06,'600249,两 面 针,10.0,10.18,9.94,10.0,10.01,-0.01,-0.0999,0.667,400224,4021016.0,1500000000.0,600000000.0
2004-07-05,'600249,两 面 针,10.01,10.02,9.85,10.0,10.0,0.01,0.1,0.4791,287451,2847509.0,1501500000.0,600600000.0
2004-07-02,'600249,两 面 针,10.0,10.1,9.85,10.05,10.05,-0.05,-0.4975,0.9449,566967,5655334.0,1500000000.0,600000000.0
2004-07-01,'600249,两 面 针,10.05,10.05,9.66,9.75,9.72,0.33,3.3951,1.8046,1082786,10803319.0,1507500000.0,603000000.0
2004-06-30,'600249,两 面 针,9.72,9.94,9.7,9.88,9.88,-0.16,-1.6194,0.8239,494352,4848758.0,1458000000.0,583200000.0
2004-06-29,'600249,两 面 针,9.88,9.95,9.57,9.64,9.68,0.2,2.0661,1.348,808797,7886113.0,1482000000.0,592800000.0
2004-06-28,'600249,两 面 针,9.68,10.28,9.53,10.25,10.3,-0.62,-6.0194,2.1706,1302389,12730826.0,1452000000.0,580800000.0
2004-06-25,'600249,两 面 针,10.3,10.88,10.27,10.8,10.88,-0.58,-5.3309,2.2885,1373116,14447658.0,1545000000.0,618000000.0
2004-06-24,'600249,两 面 针,10.88,11.22,10.83,11.15,11.19,-0.31,-2.7703,2.9808,1788465,19635145.0,1632000000.0,652800000.0
2004-06-23,'600249,两 面 针,11.19,11.65,10.98,11.5,11.3,-0.11,-0.9735,7.4065,4443878,50202610.0,1678500000.0,671400000.0
2004-06-22,'600249,两 面 针,11.3,11.3,10.55,10.58,10.27,1.03,10.0292,3.0525,1831481,20539251.0,1695000000.0,678000000.0
2004-06-21,'600249,两 面 针,0.0,0.0,0.0,0.0,10.27,None,None,0.0,0,0.0,1540500000.0,616200000.0
2004-06-18,'600249,两 面 针,10.27,10.3,10.17,10.28,10.22,0.05,0.4892,0.5649,338950,3464651.0,1540500000.0,616200000.0
2004-06-17,'600249,两 面 针,10.22,10.59,10.21,10.38,10.39,-0.17,-1.6362,0.549,329374,3414657.0,1533000000.0,613200000.0
2004-06-16,'600249,两 面 针,10.39,10.5,10.22,10.35,10.39,0.0,0.0,0.7057,423445,4393241.0,1558500000.0,623400000.0
2004-06-15,'600249,两 面 针,10.39,10.42,10.16,10.21,10.19,0.2,1.9627,0.7296,437780,4503923.0,1558500000.0,623400000.0
2004-06-14,'600249,两 面 针,10.19,10.67,10.16,10.67,10.69,-0.5,-4.6773,1.1643,698570,7206619.0,1528500000.0,611400000.0
2004-06-11,'600249,两 面 针,10.69,10.94,10.56,10.57,10.59,0.1,0.9443,0.8957,537390,5779272.0,1603500000.0,641400000.0
2004-06-10,'600249,两 面 针,10.59,10.99,10.55,10.85,10.94,-0.35,-3.1993,1.7157,1029446,11007422.0,1588500000.0,635400000.0
2004-06-09,'600249,两 面 针,10.94,11.3,10.88,11.25,11.25,-0.31,-2.7556,0.803,481800,5355211.0,1641000000.0,656400000.0
2004-06-08,'600249,两 面 针,11.25,11.45,11.16,11.2,11.33,-0.08,-0.7061,0.6027,361614,4068511.0,1687500000.0,675000000.0
2004-06-07,'600249,两 面 针,11.33,11.5,11.3,11.36,11.43,-0.1,-0.8749,0.4684,281010,3196419.0,1699500000.0,679800000.0
2004-06-04,'600249,两 面 针,11.43,11.66,11.35,11.51,11.55,-0.12,-1.039,0.7183,430975,4933560.0,1714500000.0,685800000.0
2004-06-03,'600249,两 面 针,11.55,11.7,11.42,11.7,11.73,-0.18,-1.5345,0.949,569411,6568276.0,1732500000.0,693000000.0
2004-06-02,'600249,两 面 针,11.73,11.96,11.62,11.71,11.7,0.03,0.2564,2.0917,1255000,14796281.0,1759500000.0,703800000.0
2004-06-01,'600249,两 面 针,11.7,11.85,11.19,11.25,11.22,0.48,4.2781,2.648,1588798,18498492.0,1755000000.0,702000000.0
2004-05-31,'600249,两 面 针,11.22,11.3,11.1,11.3,11.31,-0.09,-0.7958,0.6537,392247,4388749.0,1683000000.0,673200000.0
2004-05-28,'600249,两 面 针,11.31,11.48,11.3,11.45,11.47,-0.16,-1.3949,0.5983,358953,4087401.0,1696500000.0,678600000.0
2004-05-27,'600249,两 面 针,11.47,11.5,11.11,11.13,11.17,0.3,2.6858,0.9877,592627,6730113.0,1720500000.0,688200000.0
2004-05-26,'600249,两 面 针,11.17,11.28,11.08,11.28,11.1,0.07,0.6306,0.5422,325320,3623567.0,1675500000.0,670200000.0
2004-05-25,'600249,两 面 针,11.1,11.61,11.08,11.6,11.61,-0.51,-4.3928,1.2578,754700,8520654.0,1665000000.0,666000000.0
2004-05-24,'600249,两 面 针,11.61,11.75,11.6,11.75,11.75,-0.14,-1.1915,0.391,234591,2732835.0,1741500000.0,696600000.0
2004-05-21,'600249,两 面 针,11.75,11.79,11.65,11.7,11.73,0.02,0.1705,0.3441,206444,2419465.0,1762500000.0,705000000.0
2004-05-20,'600249,两 面 针,11.73,12.0,11.7,12.0,11.83,-0.1,-0.8453,0.2897,173817,2051745.0,1759500000.0,703800000.0
2004-05-19,'600249,两 面 针,11.83,12.05,11.8,11.98,11.95,-0.12,-1.0042,0.6195,371700,4429328.0,1774500000.0,709800000.0
2004-05-18,'600249,两 面 针,11.95,11.95,11.67,11.8,11.75,0.2,1.7021,0.8286,497147,5867231.0,1792500000.0,717000000.0
2004-05-17,'600249,两 面 针,11.75,11.83,11.67,11.71,11.68,0.07,0.5993,0.3995,239698,2816600.0,1762500000.0,705000000.0
2004-05-14,'600249,两 面 针,11.68,12.0,11.64,11.96,11.98,-0.3,-2.5042,0.5094,305622,3593655.0,1752000000.0,700800000.0
2004-05-13,'600249,两 面 针,11.98,12.1,11.91,12.09,12.08,-0.1,-0.8278,0.4985,299115,3583222.0,1797000000.0,718800000.0
2004-05-12,'600249,两 面 针,12.08,12.5,11.64,11.83,11.68,0.4,3.4247,1.3167,790040,9518301.0,1812000000.0,724800000.0
2004-05-11,'600249,两 面 针,11.68,11.8,11.59,11.59,11.62,0.06,0.5164,0.2988,179300,2097888.0,1752000000.0,700800000.0
2004-05-10,'600249,两 面 针,11.62,11.96,11.6,11.91,11.86,-0.24,-2.0236,0.4832,289909,3394171.0,1743000000.0,697200000.0
2004-04-30,'600249,两 面 针,11.86,11.9,11.68,11.8,11.67,0.19,1.6281,0.8256,495344,5858497.0,1779000000.0,711600000.0
2004-04-29,'600249,两 面 针,11.67,11.96,11.65,11.85,11.82,-0.15,-1.269,0.8357,501419,5884385.0,1750500000.0,700200000.0
2004-04-28,'600249,两 面 针,11.82,11.94,11.52,11.6,11.6,0.22,1.8966,1.188,712778,8424620.0,1773000000.0,709200000.0
2004-04-27,'600249,两 面 针,11.6,11.88,11.6,11.81,11.81,-0.21,-1.7782,0.9782,586914,6879260.0,1740000000.0,696000000.0
2004-04-26,'600249,两 面 针,11.81,12.17,11.65,12.15,12.15,-0.34,-2.7984,1.5456,927372,11006433.0,1771500000.0,708600000.0
2004-04-23,'600249,两 面 针,12.15,12.4,12.12,12.3,12.3,-0.15,-1.2195,0.8148,488900,5979298.0,1822500000.0,729000000.0
2004-04-22,'600249,两 面 针,12.3,12.59,12.21,12.46,12.45,-0.15,-1.2048,0.9063,543798,6714907.0,1845000000.0,738000000.0
2004-04-21,'600249,两 面 针,12.45,12.63,12.35,12.4,12.38,0.07,0.5654,0.8733,524002,6536167.0,1867500000.0,747000000.0
2004-04-20,'600249,两 面 针,12.38,12.5,12.25,12.3,12.32,0.06,0.487,0.764,458408,5677572.0,1857000000.0,742800000.0
2004-04-19,'600249,两 面 针,12.32,12.67,12.28,12.67,12.67,-0.35,-2.7624,1.0303,618173,7685912.0,1848000000.0,739200000.0
2004-04-16,'600249,两 面 针,12.67,12.74,12.28,12.6,12.6,0.07,0.5556,1.592,955197,11927595.0,1900500000.0,760200000.0
2004-04-15,'600249,两 面 针,12.6,12.98,12.55,12.85,12.8,-0.2,-1.5625,1.6515,990893,12587937.0,1890000000.0,756000000.0
2004-04-14,'600249,两 面 针,12.8,13.06,12.78,13.0,13.05,-0.25,-1.9157,1.9729,1183733,15241783.0,1920000000.0,768000000.0
2004-04-13,'600249,两 面 针,13.05,13.25,13.03,13.18,13.17,-0.12,-0.9112,0.9042,542540,7130111.0,1957500000.0,783000000.0
2004-04-12,'600249,两 面 针,13.17,13.2,13.0,13.1,13.14,0.03,0.2283,1.1474,688446,9010417.0,1975500000.0,790200000.0
2004-04-09,'600249,两 面 针,13.14,13.49,13.1,13.39,13.41,-0.27,-2.0134,2.4647,1478806,19591378.0,1971000000.0,788400000.0
2004-04-08,'600249,两 面 针,13.41,13.54,13.37,13.51,13.51,-0.1,-0.7402,1.523,913774,12274146.0,2011500000.0,804600000.0
2004-04-07,'600249,两 面 针,13.51,13.72,13.51,13.7,13.7,-0.19,-1.3869,1.8693,1121576,15233785.0,2026500000.0,810600000.0
2004-04-06,'600249,两 面 针,13.7,13.96,13.55,13.55,13.47,0.23,1.7075,5.4743,3284600,45143235.0,2055000000.0,822000000.0
2004-04-05,'600249,两 面 针,13.47,13.5,13.18,13.35,13.28,0.19,1.4307,2.4452,1467101,19563109.0,2020500000.0,808200000.0
2004-04-02,'600249,两 面 针,13.28,13.36,13.19,13.33,13.3,-0.02,-0.1504,1.704,1022392,13558096.0,1992000000.0,796800000.0
2004-04-01,'600249,两 面 针,13.3,13.31,13.14,13.21,13.2,0.1,0.7576,1.7412,1044749,13828912.0,1995000000.0,798000000.0
2004-03-31,'600249,两 面 针,13.2,13.31,13.15,13.26,13.26,-0.06,-0.4525,1.3263,795808,10534845.0,1980000000.0,792000000.0
2004-03-30,'600249,两 面 针,13.26,13.28,13.17,13.18,13.18,0.08,0.607,1.2196,731780,9686117.0,1989000000.0,795600000.0
2004-03-29,'600249,两 面 针,13.18,13.29,13.01,13.04,13.06,0.12,0.9188,1.7433,1045993,13750128.0,1977000000.0,790800000.0
2004-03-26,'600249,两 面 针,13.06,13.2,13.0,13.12,13.08,-0.02,-0.1529,1.2891,773475,10098168.0,1959000000.0,783600000.0
2004-03-25,'600249,两 面 针,13.08,13.24,13.0,13.14,13.15,-0.07,-0.5323,1.1122,667330,8753417.0,1962000000.0,784800000.0
2004-03-24,'600249,两 面 针,13.15,13.24,13.0,13.0,13.07,0.08,0.6121,1.2693,761563,10021384.0,1972500000.0,789000000.0
2004-03-23,'600249,两 面 针,13.07,13.16,12.99,13.15,13.15,-0.08,-0.6084,1.5404,924217,12062226.0,1960500000.0,784200000.0
2004-03-22,'600249,两 面 针,13.15,13.24,13.02,13.02,13.09,0.06,0.4584,1.2347,740819,9730510.0,1972500000.0,789000000.0
2004-03-19,'600249,两 面 针,13.09,13.1,12.95,12.98,13.0,0.09,0.6923,1.3708,822507,10700907.0,1963500000.0,785400000.0
2004-03-18,'600249,两 面 针,13.0,13.23,12.98,13.08,13.1,-0.1,-0.7634,1.6801,1008070,13201877.0,1950000000.0,780000000.0
2004-03-17,'600249,两 面 针,13.1,13.24,13.07,13.23,13.22,-0.12,-0.9077,2.0895,1253703,16448637.0,1965000000.0,786000000.0
2004-03-16,'600249,两 面 针,13.22,13.34,13.14,13.3,13.28,-0.06,-0.4518,1.8362,1101737,14565441.0,1983000000.0,793200000.0
2004-03-15,'600249,两 面 针,13.28,13.3,13.03,13.15,13.15,0.13,0.9886,2.0458,1227505,16180820.0,1992000000.0,796800000.0
2004-03-12,'600249,两 面 针,13.15,13.25,13.11,13.14,13.14,0.01,0.0761,1.363,817776,10767868.0,1972500000.0,789000000.0
2004-03-11,'600249,两 面 针,13.14,13.19,13.02,13.1,13.14,0.0,0.0,1.4887,893202,11722212.0,1971000000.0,788400000.0
2004-03-10,'600249,两 面 针,13.14,13.15,12.88,12.9,12.93,0.21,1.6241,1.4808,888453,11548352.0,1971000000.0,788400000.0
2004-03-09,'600249,两 面 针,12.93,13.16,12.9,12.95,13.0,-0.07,-0.5385,1.5533,931950,12139446.0,1939500000.0,775800000.0
2004-03-08,'600249,两 面 针,13.0,13.38,12.99,13.28,13.38,-0.38,-2.8401,2.9065,1743908,22908707.0,1950000000.0,780000000.0
2004-03-05,'600249,两 面 针,13.38,13.6,13.35,13.5,13.47,-0.09,-0.6682,1.7129,1027716,13831274.0,2007000000.0,802800000.0
2004-03-04,'600249,两 面 针,13.47,13.64,13.3,13.5,13.63,-0.16,-1.1739,1.6878,1012707,13622816.0,2020500000.0,808200000.0
2004-03-03,'600249,两 面 针,13.63,13.84,13.41,13.55,13.55,0.08,0.5904,2.9671,1780236,24279820.0,2044500000.0,817800000.0
2004-03-02,'600249,两 面 针,13.55,13.79,13.35,13.55,13.49,0.06,0.4448,2.9043,1742559,23684107.0,2032500000.0,813000000.0
2004-03-01,'600249,两 面 针,13.49,13.52,13.32,13.48,13.47,0.02,0.1485,2.155,1292979,17306416.0,2023500000.0,809400000.0
2004-02-27,'600249,两 面 针,13.47,13.63,13.36,13.6,13.53,-0.06,-0.4435,2.6418,1585057,21351080.0,2020500000.0,808200000.0
2004-02-26,'600249,两 面 针,13.53,13.63,13.3,13.3,13.3,0.23,1.7293,3.615,2168998,29329787.0,2029500000.0,811800000.0
2004-02-25,'600249,两 面 针,13.3,13.66,13.25,13.5,13.47,-0.17,-1.2621,3.3215,1992882,26786659.0,1995000000.0,798000000.0
2004-02-24,'600249,两 面 针,13.47,13.65,13.25,13.6,13.7,-0.23,-1.6788,4.2936,2576180,34610865.0,2020500000.0,808200000.0
2004-02-23,'600249,两 面 针,13.7,14.24,13.68,14.18,14.1,-0.4,-2.8369,4.9448,2966879,41337639.0,2055000000.0,822000000.0
2004-02-20,'600249,两 面 针,14.1,14.36,14.08,14.3,14.36,-0.26,-1.8106,4.8414,2904833,41082259.0,2115000000.0,846000000.0
2004-02-19,'600249,两 面 针,14.36,14.8,13.94,13.94,13.94,0.42,3.0129,12.6344,7580613,109863876.0,2154000000.0,861600000.0
2004-02-18,'600249,两 面 针,13.94,14.04,13.85,14.0,13.96,-0.02,-0.1433,9.9065,5943887,82739648.0,2091000000.0,836400000.0
2004-02-17,'600249,两 面 针,13.96,14.08,13.92,14.08,13.97,-0.01,-0.0716,6.3727,3823605,53487733.0,2094000000.0,837600000.0
2004-02-16,'600249,两 面 针,13.97,14.05,13.83,13.94,13.84,0.13,0.9393,7.2268,4336073,60455411.0,2095500000.0,838200000.0
2004-02-13,'600249,两 面 针,13.84,14.08,13.69,14.03,13.94,-0.1,-0.7174,5.9775,3586492,49509657.0,2076000000.0,830400000.0
2004-02-12,'600249,两 面 针,13.94,14.1,13.8,13.84,13.85,0.09,0.6498,7.8748,4724873,66018896.0,2091000000.0,836400000.0
2004-02-11,'600249,两 面 针,13.85,13.88,13.7,13.86,13.79,0.06,0.4351,6.2402,3744108,51701554.0,2077500000.0,831000000.0
2004-02-10,'600249,两 面 针,13.79,13.8,13.58,13.75,13.69,0.1,0.7305,8.1576,4894533,67085335.0,2068500000.0,827400000.0
2004-02-09,'600249,两 面 针,13.69,13.71,13.33,13.38,13.39,0.3,2.2405,6.8015,4080899,55262335.0,2053500000.0,821400000.0
2004-02-06,'600249,两 面 针,13.39,13.69,13.35,13.66,13.65,-0.26,-1.9048,7.3807,4428422,59579535.0,2008500000.0,803400000.0
2004-02-05,'600249,两 面 针,13.65,13.88,13.58,13.66,13.54,0.11,0.8124,10.8265,6495908,88990866.0,2047500000.0,819000000.0
2004-02-04,'600249,两 面 针,13.54,13.67,13.3,13.33,13.29,0.25,1.8811,10.4999,6299943,84971289.0,2031000000.0,812400000.0
2004-02-03,'600249,两 面 针,13.29,13.4,13.01,13.29,13.4,-0.11,-0.8209,8.515,5109019,67558463.0,1993500000.0,797400000.0
2004-02-02,'600249,两 面 针,13.4,13.96,12.72,13.96,13.55,-0.15,-1.107,18.2061,10923687,145436262.0,2010000000.0,804000000.0
2004-01-30,'600249,N 两面针,13.55,14.43,13.0,13.1,11.38,2.17,19.0685,40.5289,24317343,335337996.0,2032500000.0,813000000.0
2004-01-29,'600249,N 两面针,0.0,0.0,0.0,0.0,11.38,None,None,None,0,0.0,1024200000.0,0.0
2004-01-16,'600249,N 两面针,0.0,0.0,0.0,0.0,11.38,None,None,None,0,0.0,1024200000.0,0.0
